8.5557
1.2172
1.794
2.4538
3.2406
3.849
4.2416
4.2759
3.897
3.3133
3.1116
3.233
3.3456
3.4097
3.4816
3.5438
3.6456
3.3564
2.9701
2.9017
2.8736
2.8872
3.0044
3.1393
3.0322
2.9394
2.9167
3.0654
3.1832
3.1944
2.9686
2.9517
3.1605
3.1644
3.1556
3.0109
2.9716
3.047
3.1801
3.0522
3.0719
3.0987
3.1231
3.2209
3.2068
3.2167
3.1519
3.0161
3.0907
3.0528
3.0246
3.1964
3.1222
3.1647
3.2112
3.1537
3.0171
3.0558
3.0476
3.1303
3.1678
3.3465
3.0924
3.1006
3.1631
3.3238
3.2742
3.0979
2.9458
3.0053
3.1546
3.1818
3.0519
3.0327
3.0713
3.2232
3.0907
3.1217
3.1084
3.1322
3.1806
3.2983
3.1526
3.0579
3.0842
3.0368
3.0718
3.1272
3.1299
3.1746
3.1778
3.1289
3.1811
3.0906
3.0852
3.1012
3.1133
3.0778
3.2731
3.3607
3.1087
