5.4339
11.169
7.7619
5.6145
4.287
3.7326
3.537
3.7122
4.2449
4.6322
4.6718
4.6276
4.8073
5.3902
5.8387
5.8891
5.8138
6.091
6.2774
6.2807
6.5689
6.7325
6.506
6.3229
6.4671
6.3251
6.1994
5.8817
5.9147
6.157
6.3567
6.1581
5.9121
5.9786
6.0909
6.3374
6.2322
6.0134
6.0797
6.0762
6.1319
6.085
5.9019
5.8531
5.8828
6.0219
6.0817
6.1877
6.0068
6.2337
6.0158
5.8736
5.9159
5.846
5.9153
6.0775
6.2774
6.1932
6.0991
5.9586
5.8166
5.7038
6.0476
5.8599
5.7878
5.696
5.9004
6.2724
6.2415
6.0346
5.8913
5.968
6.2478
6.0637
5.9117
5.8421
6.0262
5.9085
5.9677
5.8957
5.8526
5.7586
6.029
6.1619
6.0695
6.1548
6.0537
5.9826
5.8763
5.8968
5.9699
5.9449
5.9358
6.0294
6.0943
6.0474
5.9613
5.974
5.72
5.7408
6.2363
