17.424
11.68
7.8147
5.6457
4.3152
3.7637
3.5759
3.7595
4.2824
4.632
4.6262
4.532
4.5486
4.7112
4.6964
4.5636
4.5486
5.1822
6.0853
6.4746
6.6589
6.5735
6.1916
5.9893
6.2213
6.1826
6.0985
5.7672
5.7561
5.9623
6.1765
6.0042
5.7692
5.856
5.9792
6.2199
6.1122
5.8933
5.9611
5.968
6.0245
5.9617
5.7406
5.6446
5.6346
5.7448
5.7958
5.9045
5.7145
5.9391
5.7314
5.5699
5.606
5.5173
5.5611
5.7178
5.9354
5.8645
5.7811
5.6372
5.4827
5.3361
5.6701
5.4851
5.3924
5.2514
5.4416
5.8486
5.8608
5.6643
5.5064
5.5714
5.8666
5.7099
5.5616
5.4752
5.6547
5.5427
5.6
5.5168
5.4545
5.3272
5.5853
5.7338
5.6477
5.7343
5.6454
5.5741
5.4661
5.4759
5.5366
5.5065
5.4808
5.5728
5.6578
5.6243
5.535
5.5464
5.2699
5.2541
5.7551
