2.4992
9.3591
7.0179
5.2238
4.0255
3.5127
3.3117
3.4226
3.8079
3.9978
3.8758
3.6853
3.6298
3.7261
3.6261
3.2755
2.7571
2.1302
1.6871
1.4423
2.1644
3.1358
3.6681
4.0081
4.5695
4.7501
4.7701
4.5255
4.5923
4.8746
5.1327
4.9531
4.7163
4.8184
4.9597
5.2162
5.102
4.879
4.947
5.0053
5.067
5.0291
4.8684
4.8193
4.8625
5.012
5.0926
5.2176
5.0301
5.2546
5.0573
4.9116
4.9636
4.8812
4.9389
5.1075
5.3179
5.2252
5.1442
5.008
4.8624
4.7437
5.1043
4.8941
4.797
4.7135
4.9741
5.3843
5.3638
5.122
4.9605
5.0491
5.325
5.1149
4.9431
4.8676
5.069
4.9428
4.9836
4.9108
4.873
4.7953
5.0894
5.2285
5.1273
5.2107
5.0995
5.0087
4.8985
4.9134
4.9911
4.973
4.9545
5.0606
5.1233
5.0722
4.9871
4.9981
4.7421
4.7579
5.2828
