7.2702
1.4753
1.9913
2.649
3.4549
4.0851
4.484
4.5108
4.1545
3.7618
3.7338
3.9551
4.0419
3.9417
3.8071
3.8106
4.0514
4.0883
3.9202
4.0237
4.0916
3.8564
3.456
3.2993
3.1464
3.1213
3.167
3.3446
3.4577
3.4363
3.1751
3.15
3.3767
3.3982
3.3932
3.2409
3.1859
3.2614
3.3969
3.2569
3.2579
3.2761
3.2958
3.3912
3.3759
3.3772
3.3031
3.1619
3.2344
3.1988
3.1722
3.3519
3.2818
3.3247
3.3712
3.3109
3.1656
3.1975
3.1943
3.2812
3.3259
3.5097
3.2555
3.2518
3.3222
3.4965
3.4526
3.2556
3.0784
3.1345
3.2962
3.3318
3.1972
3.1729
3.2199
3.3816
3.25
3.2703
3.2589
3.286
3.3385
3.4589
3.3128
3.2032
3.2225
3.1785
3.213
3.2756
3.2837
3.3323
3.3345
3.2822
3.3361
3.2456
3.2326
3.2441
3.2616
3.2305
3.43
3.5299
3.2683
