4.0137
1.2408
1.7945
2.4439
3.2193
3.7979
4.1333
4.1051
3.7392
3.2865
3.1532
3.2654
3.3307
3.3621
3.4599
3.5633
3.6837
3.554
3.4355
3.5951
3.6653
3.6479
3.698
3.8448
3.7123
3.5307
3.4899
3.6727
3.8565
3.9023
3.603
3.5476
3.8128
3.8775
3.894
3.7224
3.6315
3.7257
3.9108
3.7538
3.7466
3.7511
3.7887
3.932
3.9705
4.0211
3.9245
3.7086
3.7425
3.6569
3.5628
3.7736
3.6933
3.764
3.8559
3.7911
3.5933
3.5894
3.5553
3.6565
3.726
3.9831
3.7392
3.7208
3.8091
4.0723
4.0996
3.8677
3.569
3.5722
3.746
3.7995
3.6343
3.5584
3.6082
3.8258
3.7242
3.7571
3.7665
3.8343
3.9451
4.161
4.0914
3.9494
3.9249
3.8486
3.8253
3.8797
3.887
3.9695
4.0198
3.9854
4.0866
4.0023
3.9306
3.8864
3.8826
3.8311
4.0654
4.26
3.985
