9.8109
1.5031
1.9976
2.6411
3.4476
4.1129
4.6138
4.8246
4.6317
4.2221
4.1131
4.3464
4.5319
4.5847
4.5601
4.6953
5.2445
5.5576
5.2375
4.8035
4.3538
4.0004
3.8642
3.8985
3.6744
3.3918
3.2443
3.3335
3.4257
3.3976
3.137
3.1155
3.3379
3.349
3.3369
3.1911
3.1511
3.2322
3.3603
3.2148
3.2152
3.2375
3.2566
3.3454
3.3208
3.315
3.245
3.1163
3.1962
3.1631
3.1388
3.3104
3.2357
3.2734
3.3145
3.2571
3.1232
3.1641
3.1644
3.2448
3.2807
3.4506
3.1946
3.1997
3.277
3.4427
3.3853
3.1904
3.0347
3.1032
3.2605
3.2843
3.1472
3.1311
3.181
3.3357
3.2
3.2223
3.2154
3.2419
3.29
3.4022
3.2527
3.1523
3.1825
3.1427
3.1774
3.2367
3.2409
3.2851
3.2836
3.233
3.2876
3.1994
3.1918
3.2068
3.2234
3.1895
3.381
3.4681
3.2062
