3.3385
1.5644
2.0661
2.7242
3.5477
4.2311
4.7464
4.9715
4.7894
4.371
4.2422
4.47
4.7268
5.0008
4.9237
4.5764
4.3478
4.0369
3.8488
4.0573
4.2632
4.373
4.5174
4.8089
4.7387
4.4911
4.412
4.5979
4.8296
4.9008
4.57
4.4672
4.733
4.8253
4.8332
4.6385
4.5165
4.603
4.8134
4.6439
4.6116
4.626
4.6596
4.7997
4.8343
4.8564
4.7382
4.524
4.5752
4.5354
4.4746
4.728
4.6815
4.753
4.8319
4.7422
4.5165
4.4924
4.4812
4.6104
4.7216
4.9957
4.7369
4.6402
4.7071
4.9711
4.9663
4.6885
4.357
4.36
4.6278
4.7557
4.606
4.5004
4.5498
4.7752
4.6571
4.6369
4.6279
4.6762
4.76
4.9249
4.7897
4.6145
4.5977
4.55
4.5533
4.634
4.6503
4.7257
4.7516
4.6845
4.7604
4.6617
4.6142
4.6022
4.625
4.6052
4.8354
5.0272
4.7574
