16.443
11.613
7.7336
5.5765
4.2679
3.7385
3.5707
3.7428
4.1619
4.3365
4.1922
3.9797
3.9164
4.0902
4.1332
3.9417
3.7032
3.8828
4.1513
4.12
4.5423
5.4728
6.103
6.2487
6.4038
6.1913
6.0321
5.7208
5.7753
6.036
6.2504
6.047
5.7954
5.877
6.0046
6.2561
6.1447
5.9204
5.9936
6.0147
6.0845
6.048
5.8665
5.8192
5.8611
6.0157
6.0931
6.2103
6.0249
6.252
6.0375
5.8894
5.9349
5.8605
5.9286
6.0979
6.3032
6.2093
6.1101
5.9662
5.8242
5.712
6.0742
5.8853
5.8017
5.7054
5.9321
6.3412
6.318
6.0889
5.9289
6.0028
6.2836
6.091
5.9305
5.8589
6.0548
5.9393
5.9952
5.9207
5.8783
5.7887
6.0714
6.2124
6.1104
6.1841
6.0718
5.9919
5.8851
5.9083
5.9882
5.9667
5.9538
6.0484
6.115
6.0621
5.9675
5.979
5.7189
5.7439
6.2738
