14.717
12.204
8.2241
5.9127
4.5015
3.8932
3.6392
3.7234
4.1243
4.4122
4.4471
4.4471
4.5719
4.8333
4.8616
4.7083
4.5761
4.7805
4.8913
4.8812
5.3821
5.8695
5.8484
5.7501
5.9722
5.8947
5.7821
5.451
5.4726
5.7365
5.9854
5.8058
5.5568
5.6358
5.7661
6.0302
5.945
5.7557
5.8614
5.9021
5.978
5.9459
5.7764
5.7388
5.7814
5.9327
6.0098
6.1404
5.9871
6.2536
6.0635
5.936
5.9891
5.9204
5.9861
6.1398
6.3337
6.2489
6.1627
6.0348
5.9045
5.799
6.1372
5.9274
5.8453
5.7591
5.9728
6.3456
6.3127
6.1044
5.9681
6.0624
6.3495
6.1571
6.0001
5.9374
6.1298
6.0078
6.0628
5.9917
5.95
5.8544
6.1162
6.2363
6.1399
6.2336
6.1384
6.0717
5.9701
5.9935
6.0656
6.0326
6.0142
6.1033
6.1649
6.1202
6.0411
6.0587
5.8054
5.8235
6.3129
