6.5783
1.4524
1.995
2.6549
3.4521
4.051
4.3784
4.292
3.8166
3.404
3.4145
3.6615
3.8074
3.8033
3.6759
3.5351
3.5418
3.4055
3.289
3.3512
3.2499
3.1326
3.1621
3.2687
3.1592
3.0742
3.0701
3.236
3.3665
3.3767
3.1331
3.1127
3.3357
3.3487
3.3405
3.1825
3.1195
3.1884
3.3195
3.1767
3.1791
3.1863
3.1863
3.264
3.2351
3.2282
3.1577
3.0214
3.088
3.0422
3.0106
3.1742
3.1029
3.1468
3.1925
3.1381
3.0035
3.0365
3.0244
3.1026
3.1409
3.3199
3.0751
3.0858
3.1423
3.2928
3.2351
3.0558
2.9044
2.9527
3.0859
3.1083
2.9895
2.9785
3.0094
3.1473
3.0162
3.0566
3.0486
3.07
3.1139
3.2284
3.0928
3.0149
3.0444
2.9902
3.018
3.0635
3.0604
3.102
3.107
3.0668
3.1238
3.0391
3.0383
3.051
3.0543
3.014
3.2016
3.2853
3.0524
