10.088
1.5266
2.0875
2.7543
3.5729
4.2253
4.6526
4.7029
4.3134
3.8679
3.8401
4.1036
4.2522
4.2755
4.327
4.5827
5.2862
6.6853
7.784
8.1793
7.9204
7.3635
6.9134
6.7825
6.668
6.4338
6.3994
6.5187
6.7213
6.7942
6.5206
6.4053
6.6115
6.7038
6.7291
6.6021
6.4826
6.5091
6.7417
6.5559
6.5431
6.5813
6.5435
6.6428
6.6724
6.7299
6.6563
6.4809
6.5194
6.5443
6.4436
6.6146
6.5353
6.573
6.669
6.644
6.5335
6.5409
6.5113
6.5499
6.5773
6.761
6.5711
6.4819
6.559
6.7946
6.8005
6.6807
6.4046
6.3941
6.5883
6.6584
6.5449
6.4376
6.4605
6.6449
6.563
6.5251
6.5322
6.5617
6.6246
6.7526
6.6673
6.5504
6.531
6.5132
6.4995
6.5542
6.5358
6.6036
6.6416
6.56
6.6333
6.5479
6.5554
6.5476
6.5321
6.516
6.6479
6.8258
6.7044
