4.2676
1.5181
1.9977
2.6317
3.4289
4.0822
4.5637
4.7395
4.506
4.09
4.0056
4.2668
4.4916
4.6171
4.6978
4.944
5.6241
6.7096
7.136
7.0399
6.8929
6.69
6.6341
6.9065
7.1273
6.923
6.8003
6.8945
7.1788
7.3128
7.0069
6.8326
7.0505
7.1978
7.2477
7.1071
6.9379
6.9576
7.2287
7.0457
7.0123
7.0413
7.0138
7.1517
7.2164
7.2928
7.1973
6.9744
6.9784
7.0079
6.8767
7.0781
7.0196
7.0643
7.1862
7.161
7.0172
6.982
6.948
7.0032
7.0585
7.2793
7.1201
6.9661
7.0424
7.3351
7.4163
7.2893
6.9078
6.8419
7.0606
7.1783
7.0573
6.883
6.9046
7.1315
7.0867
7.014
7.0123
7.0503
7.1369
7.2984
7.2493
7.0877
7.019
6.998
6.9619
7.0209
7.0131
7.1041
7.1622
7.0743
7.1501
7.0657
7.0489
7.0141
7.0049
7.0038
7.1464
7.3961
7.3046
