8.4047
1.2944
1.9211
2.6014
3.4088
4.0324
4.4233
4.452
4.1262
3.7807
3.7884
4.0425
4.1628
4.0952
3.9863
4.0233
4.309
4.381
4.1683
4.2413
4.3184
4.0336
3.5443
3.3555
3.2108
3.2044
3.2671
3.4557
3.5738
3.5483
3.2803
3.2561
3.4882
3.5106
3.5016
3.3456
3.2921
3.3723
3.514
3.3711
3.3729
3.395
3.4175
3.5148
3.4985
3.4956
3.4156
3.2716
3.3486
3.3176
3.295
3.4815
3.4103
3.4547
3.5014
3.4379
3.2911
3.3273
3.3283
3.4193
3.4657
3.6503
3.3873
3.3783
3.4498
3.6275
3.5754
3.3681
3.1872
3.2497
3.4219
3.4604
3.3234
3.2997
3.351
3.5173
3.383
3.3996
3.3882
3.4163
3.4687
3.5876
3.4351
3.3206
3.3413
3.3012
3.3389
3.407
3.4162
3.4651
3.4661
3.4098
3.464
3.3714
3.3581
3.3719
3.3917
3.3624
3.5634
3.6631
3.3931
