6.652
1.4226
1.9604
2.6034
3.3942
4.0207
4.4416
4.5204
4.179
3.5478
3.232
3.2705
3.3485
3.4292
3.5698
3.735
3.9815
3.9435
3.6929
3.5932
3.4572
3.3539
3.3882
3.5007
3.3547
3.2065
3.1729
3.3336
3.4688
3.4736
3.2022
3.1604
3.3797
3.3904
3.3691
3.2024
3.1439
3.2248
3.3681
3.2278
3.2333
3.2516
3.2761
3.3787
3.3644
3.3643
3.279
3.1235
3.19
3.1483
3.1151
3.298
3.2258
3.2701
3.3185
3.2536
3.1026
3.1337
3.128
3.2179
3.2639
3.4522
3.1954
3.1903
3.2556
3.4248
3.3752
3.1765
3.0032
3.0609
3.2222
3.2582
3.1242
3.0992
3.1466
3.3103
3.1799
3.2031
3.189
3.2129
3.2619
3.3785
3.2253
3.11
3.1247
3.0755
3.1083
3.1688
3.1775
3.2278
3.2315
3.1788
3.227
3.1306
3.1153
3.1251
3.1401
3.1072
3.3023
3.3901
3.1272
