15.35
12.616
8.3025
5.9094
4.4775
3.8615
3.5999
3.6722
4.0501
4.2736
4.1504
3.8859
3.7124
3.7441
3.7242
3.6267
3.7687
4.8789
6.155
6.4643
6.5563
6.4784
6.1567
6.0327
6.3736
6.4418
6.4298
6.1459
6.1833
6.4248
6.6184
6.4175
6.1879
6.2797
6.3997
6.6303
6.4959
6.2669
6.3384
6.3365
6.3876
6.3375
6.1576
6.118
6.1604
6.308
6.3666
6.4651
6.2799
6.5086
6.2929
6.1646
6.2111
6.1432
6.2168
6.3756
6.5624
6.466
6.3719
6.2432
6.1132
6.0179
6.369
6.1655
6.0847
6.0063
6.2361
6.6212
6.5726
6.3468
6.2058
6.2904
6.5627
6.3609
6.2076
6.1499
6.3421
6.22
6.2754
6.2058
6.169
6.085
6.3602
6.4816
6.3743
6.4521
6.343
6.2724
6.1699
6.1973
6.2767
6.2488
6.2369
6.3272
6.3846
6.3317
6.2462
6.2613
6.0142
6.0521
6.5592
