7.5478
1.7312
2.1744
2.8301
3.6665
4.3808
4.9589
5.3332
5.4845
5.7149
6.7082
7.1794
6.942
6.4316
6.1018
6.0538
6.2291
6.2187
6.078
6.162
6.3036
6.2725
6.2345
6.364
6.3257
6.058
5.997
6.1494
6.4042
6.5112
6.1901
6.0381
6.2795
6.4178
6.461
6.304
6.1424
6.1821
6.4368
6.2529
6.2207
6.2372
6.2259
6.37
6.4322
6.5013
6.3978
6.1662
6.1751
6.1753
6.0495
6.2605
6.1982
6.2521
6.3701
6.33
6.1571
6.1231
6.086
6.1595
6.2249
6.4648
6.2766
6.154
6.2347
6.528
6.5964
6.4287
6.0489
6.0019
6.2226
6.3336
6.2017
6.0492
6.0804
6.3137
6.252
6.2046
6.2031
6.2479
6.3427
6.522
6.473
6.3191
6.2578
6.2228
6.1931
6.2552
6.2606
6.3624
6.4364
6.381
6.4903
6.4501
6.4626
6.462
6.5209
6.6338
6.8087
6.9728
6.8271
