11.308
1.3086
1.8643
2.5183
3.3086
3.9242
4.3243
4.367
3.9989
3.4396
3.2425
3.3622
3.4619
3.5177
3.5893
3.5694
3.4513
3.1541
3.0174
3.1396
3.0985
2.958
2.9449
3.0115
2.9084
2.864
2.8792
3.045
3.1627
3.1601
2.9337
2.9232
3.1317
3.1362
3.1358
3.0083
2.982
3.0611
3.1882
3.0539
3.0663
3.0903
3.1048
3.1883
3.1648
3.1704
3.1144
2.9924
3.0707
3.0332
3.0051
3.1747
3.1028
3.1387
3.1784
3.1268
3.0024
3.0435
3.0368
3.1171
3.1515
3.317
3.0625
3.0796
3.1475
3.3026
3.2495
3.0803
2.937
2.9947
3.142
3.1703
3.0386
3.0177
3.0578
3.2118
3.0811
3.1146
3.1059
3.1313
3.1796
3.2957
3.1556
3.0712
3.104
3.0573
3.0891
3.1424
3.1439
3.1857
3.1865
3.1401
3.196
3.1091
3.1054
3.1212
3.1316
3.0936
3.2845
3.37
3.1224
