7.6287
9.8755
7.1707
5.3029
4.0493
3.4554
3.1107
2.9815
3.0749
3.0617
2.8217
2.5342
2.6545
3.0785
3.3303
3.2604
3.0656
3.1678
3.2227
3.0152
3.1114
3.3539
3.335
3.2266
3.4396
3.5192
3.4997
3.1904
3.1213
3.2975
3.6378
3.5801
3.3232
3.3345
3.4701
3.8337
3.9042
3.7979
3.9093
4.0091
4.1176
4.0949
3.9276
3.866
3.8963
4.062
4.2026
4.4035
4.2739
4.5355
4.3771
4.2229
4.2645
4.1753
4.2166
4.3846
4.6129
4.5457
4.4697
4.3309
4.1759
4.0329
4.3784
4.2084
4.1187
3.9968
4.2244
4.675
4.7412
4.5486
4.3791
4.4435
4.7286
4.549
4.3733
4.2681
4.4462
4.336
4.3801
4.297
4.2431
4.143
4.428
4.6103
4.5488
4.6456
4.5543
4.4633
4.3449
4.3453
4.4082
4.3941
4.3769
4.4896
4.5795
4.5472
4.462
4.4692
4.2047
4.1965
4.76
