13.285
11.526
8.0104
5.7938
4.4125
3.8127
3.5612
3.6619
4.1271
4.5206
4.6639
4.8369
5.2201
5.6393
5.6425
5.428
5.2958
5.5769
5.6359
5.3457
5.3239
5.3514
5.1702
5.0947
5.3945
5.4141
5.3677
5.0663
5.0574
5.2388
5.4331
5.271
5.046
5.1103
5.2107
5.4514
5.3729
5.1856
5.2649
5.2839
5.3665
5.3433
5.1722
5.1204
5.1321
5.2524
5.317
5.4538
5.3091
5.5694
5.3889
5.2509
5.2936
5.2128
5.2609
5.4112
5.6166
5.5528
5.4774
5.3455
5.2001
5.0662
5.389
5.2063
5.1322
5.0113
5.1843
5.5581
5.5675
5.3964
5.2593
5.3264
5.6113
5.4534
5.3151
5.2366
5.4056
5.2894
5.3497
5.2739
5.2194
5.0993
5.3387
5.4731
5.3986
5.4991
5.4218
5.3634
5.2637
5.2775
5.3333
5.2971
5.2729
5.3585
5.4336
5.4031
5.3268
5.3418
5.0775
5.0603
5.5335
