6.6955
1.477
2.0098
2.6507
3.4494
4.0984
4.5615
4.6973
4.3758
3.5979
3.1688
3.1684
3.2186
3.2897
3.4186
3.5606
3.7988
3.8085
3.7744
3.9626
3.9338
3.7079
3.5961
3.6346
3.4894
3.3571
3.3277
3.4909
3.6362
3.6302
3.3477
3.2955
3.5129
3.5274
3.5116
3.3556
3.3001
3.3818
3.5295
3.3899
3.3932
3.4166
3.4365
3.5297
3.5152
3.5195
3.4487
3.3106
3.3882
3.3471
3.3081
3.4992
3.4281
3.4688
3.5133
3.454
3.311
3.3376
3.3273
3.4173
3.468
3.6496
3.3908
3.3931
3.4697
3.6479
3.5996
3.4061
3.2282
3.2773
3.4453
3.4867
3.3408
3.3006
3.3469
3.52
3.3873
3.4057
3.3943
3.4215
3.4741
3.5952
3.4501
3.3467
3.3725
3.327
3.3522
3.4123
3.4208
3.4679
3.4695
3.4174
3.4759
3.3872
3.3752
3.3889
3.405
3.3703
3.5671
3.6653
3.4077
