11.333
1.5402
2.1076
2.796
3.6288
4.2825
4.7234
4.8366
4.1455
3.2822
2.9894
3.0828
3.2039
3.2713
3.3389
3.4018
3.5302
3.4307
3.3029
3.3506
3.2734
3.1885
3.2341
3.3562
3.2548
3.1468
3.1135
3.2623
3.3991
3.4305
3.194
3.1708
3.411
3.4596
3.4928
3.3251
3.2074
3.2476
3.3826
3.2697
3.3102
3.3232
3.289
3.3478
3.2955
3.248
3.168
3.0459
3.113
3.0744
3.0543
3.1924
3.1234
3.1589
3.1933
3.1515
3.041
3.0787
3.068
3.1268
3.1536
3.3081
3.0788
3.1028
3.1614
3.2858
3.2058
3.0452
2.9314
2.9835
3.0932
3.0955
2.9884
2.9982
3.0241
3.1392
3.0116
3.0551
3.0502
3.0621
3.0951
3.1926
3.057
2.9992
3.0405
2.9926
3.0253
3.0658
3.0597
3.0945
3.0921
3.0524
3.103
3.0229
3.0389
3.0557
3.0532
3.0141
3.1777
3.2347
3.0226
