5.4517
1.5978
2.0162
2.6124
3.396
4.0771
4.6651
5.0654
5.1258
4.8381
4.7186
5.0542
5.6581
6.706
7.4012
7.5527
7.5522
7.3558
7.0985
7.1518
7.3826
7.4049
7.3347
7.4002
7.3671
7.0539
6.9577
7.0868
7.3792
7.487
7.1343
6.8938
7.0704
7.2093
7.2707
7.1411
6.9705
6.9836
7.2477
7.0583
7.0214
7.0496
7.0212
7.1558
7.2145
7.2819
7.1766
6.95
6.9585
6.9925
6.8664
7.0705
7.0105
7.0552
7.1754
7.1473
7.0028
6.9718
6.9411
6.9979
7.0528
7.2726
7.1091
6.9548
7.0305
7.3173
7.3779
7.2244
6.8419
6.7974
7.0323
7.1531
7.0324
6.8661
6.8951
7.1236
7.0753
7.0015
7.0007
7.0391
7.124
7.2798
7.2189
7.0498
6.9841
6.9691
6.9411
7.0062
7.0007
7.0912
7.147
7.0566
7.1306
7.0433
7.0265
6.9959
6.99
6.9899
7.1325
7.3754
7.2695
