12.986
11.884
7.9713
5.7431
4.4304
3.9567
3.911
4.287
4.9244
5.1479
4.9618
4.721
4.6279
4.8735
5.1682
5.326
5.3549
5.5146
5.3382
4.866
4.7296
4.6832
4.4455
4.2816
4.5043
4.5286
4.4774
4.1349
4.0348
4.1307
4.3453
4.2251
3.9667
3.9732
4.0679
4.3915
4.4451
4.3147
4.4038
4.4781
4.6514
4.7534
4.6894
4.7101
4.8
4.9842
5.0916
5.2597
5.1268
5.3986
5.235
5.0792
5.1105
5.0115
5.0422
5.1983
5.4366
5.3969
5.3312
5.1836
5.0099
4.8294
5.1391
4.9654
4.8762
4.7014
4.8895
5.3262
5.3834
5.2129
5.0545
5.1042
5.385
5.2259
5.078
4.9773
5.1357
5.0059
5.052
4.9639
4.8957
4.7555
4.989
5.1401
5.0798
5.1969
5.1359
5.0747
4.9691
4.9682
5.0123
4.9729
4.9372
5.0267
5.119
5.1007
5.0264
5.0419
4.755
4.7011
5.1793
