13.65
12.11
8.2216
5.8933
4.4864
3.9027
3.7001
3.8793
4.4175
4.8306
4.9528
5.0548
5.3922
6.0437
6.426
6.3889
6.2166
6.3461
6.3094
6.1063
6.296
6.4614
6.2631
6.1177
6.3166
6.2328
6.1509
5.8669
5.9192
6.1598
6.3434
6.1371
5.8959
5.97
6.0857
6.3228
6.2069
5.9866
6.0504
6.0374
6.0878
6.0368
5.856
5.8145
5.8514
6.0004
6.065
6.1734
5.9975
6.2232
6.0013
5.8557
5.8912
5.8204
5.8883
6.0464
6.2427
6.1618
6.069
5.9326
5.7932
5.6816
6.0163
5.8301
5.7651
5.68
5.8811
6.2467
6.2213
6.0276
5.8921
5.9691
6.2449
6.0601
5.9103
5.8422
6.0182
5.8967
5.9555
5.8853
5.8432
5.7484
6.0136
6.1467
6.0638
6.1577
6.0616
5.9919
5.8838
5.9013
5.9697
5.942
5.9352
6.0305
6.0977
6.0559
5.9748
5.9876
5.7372
5.7587
6.2481
