8.325
1.333
1.9021
2.5648
3.3665
4.0012
4.4341
4.5338
4.2518
3.8672
3.8096
4.0148
4.1028
4.0192
3.9044
3.92
4.1676
4.2161
3.9966
3.8221
3.427
3.0686
2.9734
3.0256
2.9521
2.9351
2.9708
3.1485
3.273
3.2706
3.0277
2.991
3.1885
3.2017
3.2093
3.0805
3.0399
3.1076
3.2284
3.099
3.1042
3.1261
3.1408
3.2253
3.2011
3.1974
3.1334
3.0084
3.0814
3.0505
3.0325
3.1956
3.1253
3.1575
3.192
3.1389
3.0141
3.0543
3.0551
3.1317
3.1643
3.3233
3.0748
3.0808
3.1502
3.304
3.2541
3.0751
2.9276
2.9894
3.1378
3.1641
3.0366
3.0222
3.0648
3.2108
3.0795
3.1037
3.0927
3.1135
3.1574
3.2651
3.1206
3.0287
3.0584
3.0192
3.0581
3.1144
3.1181
3.1593
3.156
3.1068
3.1561
3.0704
3.0693
3.0849
3.099
3.0659
3.2487
3.3257
3.0777
