18.521
13.022
8.4336
5.9875
4.5624
3.9969
3.8417
4.0881
4.6642
5.064
5.2211
5.509
5.9656
6.302
6.147
5.8074
5.5661
5.7158
5.7103
5.4764
5.5594
5.6584
5.4921
5.4041
5.6581
5.6222
5.5497
5.2443
5.2402
5.4195
5.5961
5.4234
5.2013
5.2677
5.3618
5.5888
5.4985
5.3085
5.3887
5.404
5.4834
5.4564
5.2837
5.2317
5.2436
5.3655
5.43
5.5653
5.4205
5.6763
5.4911
5.3557
5.3926
5.3093
5.357
5.5053
5.7082
5.6454
5.5724
5.4445
5.2987
5.1635
5.4801
5.2955
5.225
5.1112
5.2888
5.6634
5.6722
5.5054
5.3753
5.4424
5.7177
5.5522
5.4145
5.3376
5.5012
5.3805
5.44
5.3655
5.313
5.1962
5.4378
5.5724
5.4996
5.6002
5.5203
5.4613
5.3588
5.3706
5.4255
5.3891
5.3675
5.4542
5.5285
5.498
5.422
5.4351
5.1723
5.1588
5.6304
