8.1146
1.4793
1.9855
2.6394
3.4432
4.0742
4.4811
4.5285
4.2013
3.8287
3.8103
4.0477
4.1576
4.0843
3.9685
4.0021
4.3066
4.4496
4.3768
4.6657
5.2332
5.462
4.9582
4.6115
4.3444
4.226
4.2756
4.4949
4.682
4.6883
4.3594
4.2929
4.5642
4.6402
4.6412
4.4551
4.3529
4.4364
4.6305
4.4639
4.4447
4.4653
4.4917
4.6161
4.6333
4.6442
4.5322
4.3374
4.4026
4.3719
4.3235
4.549
4.4797
4.5415
4.6159
4.5427
4.3552
4.364
4.358
4.4632
4.5373
4.7723
4.5084
4.4496
4.5321
4.7802
4.7615
4.5119
4.2325
4.2714
4.4933
4.5648
4.4019
4.3306
4.3909
4.6066
4.4887
4.4763
4.466
4.5091
4.5855
4.739
4.5944
4.4258
4.4125
4.3694
4.3863
4.4706
4.4884
4.56
4.5807
4.5099
4.5777
4.4761
4.4366
4.434
4.4579
4.4399
4.6642
4.8358
4.5631
