15.661
11.027
7.5223
5.4762
4.1777
3.5982
3.3171
3.3163
3.6033
3.8117
3.7202
3.4209
3.091
2.7393
2.085
1.8123
2.2927
3.6656
4.5934
4.6351
4.7708
4.9423
4.8282
4.7662
5.078
5.0675
4.9482
4.599
4.5898
4.8195
5.0442
4.8353
4.5645
4.6286
4.7474
4.9922
4.8742
4.6414
4.6927
4.7375
4.8007
4.7513
4.5816
4.5277
4.5609
4.7
4.7744
4.8947
4.6975
4.9399
4.7701
4.5574
4.5931
4.5198
4.5739
4.7394
4.9693
4.9285
4.8707
4.7132
4.5154
4.3686
4.7294
4.5438
4.438
4.3173
4.536
4.9392
4.9809
4.7959
4.5754
4.5577
4.8433
4.7001
4.4861
4.3166
4.4591
4.3248
4.3496
4.2517
4.1892
4.0764
4.3318
4.4749
4.3821
4.4603
4.3701
4.2888
4.1837
4.1927
4.2575
4.2418
4.2167
4.3158
4.3903
4.3511
4.2649
4.2718
4.0081
3.9788
4.4786
