3.5185
8.7332
6.7607
5.0637
3.8799
3.3286
3.0391
3.0479
3.6574
5.1301
6.1549
6.2179
5.9299
5.7092
5.4078
5.1469
5.0509
5.3842
5.5611
5.4685
5.7645
6.0815
6.0249
5.9798
6.2752
6.2343
6.1245
5.7806
5.7917
6.0459
6.2911
6.1249
5.9066
6.0293
6.1999
6.4694
6.3493
6.1166
6.1859
6.194
6.2586
6.222
6.0516
6.0178
6.0634
6.2126
6.2735
6.3748
6.1928
6.4249
6.2083
6.0769
6.1288
6.0666
6.1438
6.3054
6.4937
6.3976
6.2989
6.1648
6.0362
5.9439
6.2952
6.0949
6.0189
5.9396
6.1567
6.5193
6.4604
6.2382
6.1006
6.1936
6.4766
6.2813
6.1275
6.0705
6.2672
6.1496
6.209
6.1412
6.1042
6.018
6.2882
6.4035
6.2942
6.3733
6.2666
6.1974
6.0973
6.1271
6.2074
6.1811
6.1702
6.258
6.3113
6.2574
6.1741
6.1919
5.9473
5.9835
6.4783
