3.6518
9.711
7.2251
5.3596
4.0934
3.4924
3.1518
3.0632
3.299
3.5842
3.625
3.4404
3.2673
3.2686
3.2212
2.9658
2.4653
2.0722
2.6002
3.276
3.8033
3.9658
3.7245
3.5219
3.778
3.9284
3.9506
3.6596
3.6549
3.9718
4.4162
4.4055
4.199
4.2803
4.4134
4.685
4.685
4.5712
4.7254
4.8854
5.1296
5.2558
5.1889
5.2106
5.2972
5.4926
5.6216
5.7913
5.641
5.9027
5.7202
5.5832
5.6462
5.5771
5.6445
5.8187
6.0371
5.9541
5.8662
5.726
5.5828
5.4597
5.8199
5.63
5.5409
5.4321
5.6529
6.0603
6.0434
5.8206
5.6635
5.746
6.0406
5.8565
5.695
5.6166
5.8114
5.6964
5.7505
5.6721
5.6245
5.5267
5.8063
5.9502
5.852
5.9342
5.8322
5.7539
5.6469
5.6658
5.7413
5.7198
5.7041
5.8014
5.874
5.8249
5.7318
5.7441
5.477
5.4882
6.0106
