2.9924
11.208
8.1039
5.8724
4.5006
3.9525
3.7968
4.0133
4.5254
4.8363
4.7587
4.5412
4.4134
4.5311
4.7953
5.5863
6.7538
7.5917
7.4464
6.844
6.6474
6.5978
6.3679
6.2925
6.5927
6.5389
6.4285
6.1017
6.127
6.3581
6.5402
6.3246
6.0834
6.1731
6.2887
6.5123
6.3767
6.1537
6.2425
6.2684
6.3368
6.3023
6.1316
6.0971
6.1468
6.2992
6.363
6.4652
6.2757
6.508
6.2844
6.1329
6.1883
6.1304
6.21
6.3755
6.5686
6.4638
6.3544
6.2067
6.0757
5.9888
6.3595
6.1575
6.0733
5.9936
6.2276
6.6146
6.5597
6.3038
6.1135
6.1632
6.4313
6.2087
5.9942
5.8629
6.0004
5.8407
5.8699
5.7819
5.7343
5.6362
5.9013
6.0318
5.9381
6.0267
5.9297
5.8597
5.7536
5.7707
5.8402
5.8131
5.8024
5.9007
5.973
5.9291
5.8425
5.8533
5.5943
5.6099
6.1079
