10.447
9.2344
7.0034
5.2078
3.9649
3.3598
2.9837
2.8014
2.8551
2.915
2.7141
1.9851
1.4045
1.1424
0.95745
0.78597
0.64983
0.80007
1.0215
0.90443
0.8376
0.92596
0.95574
0.89357
1.1139
1.4366
1.5848
1.3452
1.1785
1.1893
1.4952
1.5614
1.3431
1.243
1.2574
1.5283
1.633
1.5103
1.4667
1.489
1.6344
1.6273
1.4564
1.3143
1.1795
1.204
1.3264
1.6281
1.6127
1.8848
1.7991
1.6038
1.5978
1.4728
1.4227
1.553
1.8485
1.9189
1.8947
1.7617
1.5467
1.2696
1.4732
1.4553
1.3811
1.0645
1.0075
1.4177
1.7848
1.8191
1.6362
1.5894
1.8798
1.8708
1.746
1.5562
1.6171
1.5806
1.6458
1.5412
1.4158
1.1789
1.3031
1.572
1.6566
1.7921
1.7986
1.7308
1.605
1.5431
1.5192
1.5004
1.4515
1.5365
1.6816
1.7311
1.6649
1.6437
1.3455
1.0914
1.4386
