15.479
11.887
7.7843
5.5587
4.2298
3.685
3.4975
3.6568
4.1047
4.3466
4.2571
4.0851
4.068
4.3204
4.4555
4.332
4.136
4.3045
4.4257
4.2227
4.3784
4.977
5.4629
5.6573
5.9194
5.7914
5.6536
5.3266
5.3496
5.591
5.8255
5.6348
5.3655
5.4279
5.5519
5.8182
5.7267
5.4988
5.5584
5.5878
5.6687
5.6406
5.4575
5.4003
5.4312
5.58
5.6676
5.8028
5.6219
5.8536
5.6476
5.4771
5.5174
5.4341
5.4913
5.6692
5.9009
5.8231
5.7262
5.5674
5.4062
5.2649
5.6266
5.4587
5.3755
5.2544
5.4604
5.8838
5.8978
5.6789
5.5015
5.5591
5.8507
5.6767
5.5079
5.4101
5.5965
5.4889
5.5464
5.4655
5.4123
5.3065
5.5877
5.7555
5.6734
5.7559
5.6533
5.5657
5.4489
5.4579
5.5272
5.5083
5.4934
5.5944
5.6782
5.6348
5.5359
5.5429
5.2644
5.2556
5.7867
