4.9998
1.389
1.9385
2.5977
3.394
4.0043
4.3786
4.3981
4.0743
3.7355
3.7428
3.9906
4.1293
4.0579
3.7061
3.3329
3.192
3.0291
2.9648
3.1652
3.2811
3.293
3.3473
3.4487
3.2986
3.1614
3.1392
3.3137
3.4664
3.4896
3.2278
3.193
3.4244
3.4498
3.4427
3.2752
3.1998
3.2712
3.4099
3.2573
3.2493
3.2493
3.2477
3.3258
3.2911
3.2708
3.1871
3.0445
3.1129
3.0723
3.0415
3.2205
3.1544
3.1973
3.2404
3.1772
3.0313
3.0601
3.0543
3.1473
3.1983
3.3861
3.1326
3.1272
3.1841
3.3519
3.2947
3.0976
2.9381
2.9973
3.1536
3.1928
3.0694
3.0481
3.0818
3.2271
3.0946
3.1304
3.1235
3.1491
3.1971
3.3147
3.1756
3.0885
3.1179
3.0682
3.0975
3.1484
3.1473
3.1904
3.1943
3.1501
3.2077
3.1208
3.1154
3.1288
3.1372
3.0987
3.2917
3.3814
3.1356
