16.669
12.322
8.2046
5.8643
4.4509
3.8422
3.5816
3.6451
4.0056
4.2395
4.1917
4.0514
4.0575
4.3411
4.5484
4.577
4.7256
5.5381
6.277
6.4044
6.5275
6.4903
6.1584
5.9769
6.2298
6.2167
6.1519
5.8283
5.8284
6.0576
6.2864
6.1108
5.8714
5.943
6.0522
6.295
6.1937
5.9852
6.0676
6.0877
6.1573
6.1235
5.9458
5.8962
5.9263
6.0631
6.1255
6.2416
6.0696
6.3143
6.1194
5.9847
6.0319
5.9545
6.0124
6.1686
6.3725
6.2937
6.2129
6.0819
5.9418
5.8201
6.1574
5.9532
5.865
5.7634
5.97
6.3601
6.3442
6.141
6.0066
6.0941
6.379
6.192
6.0376
5.9677
6.1561
6.0336
6.0865
6.0107
5.9642
5.864
6.1284
6.2594
6.1644
6.2537
6.159
6.0925
5.9905
6.0114
6.0828
6.0511
6.0313
6.1206
6.189
6.1462
6.0616
6.0782
5.8173
5.8272
6.3304
