17.186
11.956
8.0823
5.822
4.4227
3.8062
3.5246
3.5587
3.8968
4.1081
3.9824
3.6916
3.4597
3.4045
3.2854
2.9764
2.6452
3.4769
4.9452
5.3553
5.6424
5.8535
5.7505
5.7495
6.2062
6.3638
6.3787
6.0871
6.1189
6.3754
6.5961
6.3894
6.1359
6.2224
6.355
6.605
6.4778
6.2401
6.3049
6.3082
6.3639
6.3195
6.1409
6.1019
6.15
6.3066
6.3771
6.4849
6.2987
6.5273
6.3096
6.1703
6.2167
6.1487
6.2237
6.3894
6.5852
6.4878
6.3877
6.2476
6.11
6.011
6.3746
6.1781
6.0965
6.0158
6.2522
6.6515
6.6111
6.3782
6.2251
6.3053
6.584
6.3842
6.2223
6.1552
6.3513
6.2333
6.2894
6.2179
6.1796
6.0962
6.3789
6.5094
6.4036
6.4806
6.3679
6.2895
6.1819
6.2074
6.2889
6.264
6.2525
6.3459
6.4071
6.3529
6.2627
6.2764
6.0236
6.0597
6.5799
