5.6829
11.534
8.0494
5.7988
4.4347
3.8886
3.7249
3.9174
4.3861
4.6625
4.6696
4.7073
4.8677
5.0688
4.9976
4.838
4.7831
5.0161
4.9823
4.6304
4.5967
4.6511
4.4998
4.3979
4.6801
4.7341
4.6969
4.3765
4.3218
4.4672
4.6947
4.5517
4.2804
4.285
4.3485
4.5858
4.5304
4.3212
4.3536
4.3777
4.4763
4.4657
4.276
4.1758
4.131
4.2042
4.2755
4.4622
4.3489
4.6425
4.5234
4.3614
4.4023
4.2992
4.306
4.4564
4.7147
4.7014
4.6581
4.5222
4.3518
4.1481
4.4435
4.2843
4.1846
3.9678
4.0436
4.4377
4.5677
4.4625
4.3164
4.3515
4.6554
4.5532
4.4096
4.2667
4.3861
4.2581
4.288
4.16
4.0307
3.7947
3.9249
4.0721
4.0289
4.139
4.1119
4.056
3.9421
3.9045
3.8948
3.8228
3.7278
3.7628
3.8684
3.8776
3.7767
3.7439
3.3702
3.0728
3.3399
