6.5399
1.4579
2.0165
2.6841
3.5052
4.1778
4.6712
4.8541
4.6162
4.1669
4.0237
4.1973
4.3139
4.3191
4.0914
3.7735
3.6399
3.4202
3.2904
3.48
3.6246
3.6861
3.7968
4.001
3.8917
3.7032
3.6557
3.8426
4.0348
4.0758
3.7801
3.7209
3.9783
4.0387
4.0391
3.8614
3.7762
3.8684
4.0454
3.8866
3.8691
3.8845
3.9193
4.0424
4.0526
4.0612
3.9577
3.775
3.8405
3.7986
3.7556
3.985
3.9263
3.9839
4.0409
3.9531
3.7545
3.7594
3.7569
3.8782
3.9655
4.2012
3.9253
3.8668
3.932
4.1504
4.1157
3.8607
3.6077
3.6488
3.8761
3.9642
3.8125
3.7402
3.7868
3.979
3.8455
3.8462
3.8363
3.8752
3.9436
4.0863
3.9395
3.795
3.7999
3.7522
3.7706
3.8428
3.855
3.9165
3.9292
3.8714
3.9388
3.8432
3.8086
3.8093
3.832
3.8041
4.0263
4.171
3.8903
