15.782
11.783
7.7791
5.5904
4.2669
3.724
3.5464
3.7461
4.3071
4.7581
5.01
5.3725
5.8397
6.1924
6.109
5.8865
5.7983
6.1392
6.317
6.1659
6.2084
6.2206
5.9941
5.9079
6.1857
6.1512
6.0753
5.7766
5.8043
6.027
6.2183
6.0408
5.8333
5.9372
6.0687
6.3044
6.1927
5.9944
6.0888
6.1067
6.1836
6.1518
5.9861
5.9604
6.0172
6.1847
6.2646
6.3824
6.2167
6.4494
6.2354
6.1125
6.158
6.0971
6.1788
6.3436
6.5305
6.4351
6.3327
6.2005
6.0693
5.9793
6.3292
6.1462
6.0833
6.0186
6.2547
6.636
6.5874
6.3694
6.2266
6.2998
6.5607
6.3578
6.2043
6.1454
6.3287
6.212
6.275
6.2123
6.1827
6.1099
6.3956
6.5315
6.4423
6.5238
6.4137
6.3411
6.2317
6.2561
6.3385
6.325
6.3394
6.4526
6.5322
6.5042
6.4406
6.4802
6.2928
6.3732
6.8452
