7.4595
8.3307
6.4051
4.8026
3.6471
3.046
2.5539
1.7274
0.61543
0.95251
3.0344
4.2181
4.4094
4.2893
3.8897
3.4838
3.2703
3.4462
3.4727
3.1142
2.9936
3.0275
2.9161
2.7913
3.0708
3.2963
3.3468
3.0295
2.9085
3.0382
3.4166
3.439
3.2391
3.3198
3.5356
3.9337
3.9462
3.7138
3.6822
3.6852
3.7487
3.6942
3.4858
3.3715
3.3443
3.4706
3.6106
3.8265
3.6836
3.9075
3.7282
3.5151
3.5318
3.4247
3.4403
3.6246
3.9067
3.8775
3.795
3.6226
3.4241
3.2196
3.5548
3.4604
3.377
3.1824
3.3235
3.7743
3.9092
3.7398
3.5264
3.5414
3.851
3.7417
3.5702
3.4178
3.5707
3.5051
3.5705
3.4842
3.4123
3.2815
3.5589
3.8055
3.7848
3.8803
3.8043
3.704
3.5749
3.5566
3.6075
3.6144
3.6026
3.7167
3.8236
3.7986
3.6959
3.6874
3.3977
3.3092
3.816
