8.7518
1.5581
2.0293
2.6629
3.4615
4.1157
4.5885
4.7225
4.3507
3.621
3.3203
3.4208
3.531
3.603
3.6924
3.8431
4.1015
3.7227
3.1668
3.0708
3.0777
3.124
3.2598
3.4346
3.3462
3.2141
3.1576
3.2918
3.4104
3.4153
3.1577
3.115
3.3184
3.3157
3.2902
3.1221
3.0598
3.1251
3.2528
3.1175
3.1272
3.1459
3.1623
3.2512
3.2291
3.2303
3.1597
3.0208
3.0913
3.0514
3.0232
3.1916
3.1186
3.1596
3.2036
3.1469
3.012
3.0499
3.0426
3.1238
3.1612
3.3376
3.0851
3.0931
3.156
3.3143
3.2639
3.0873
2.9358
2.9942
3.1412
3.1682
3.0407
3.0237
3.0627
3.2138
3.0828
3.1132
3.1001
3.1234
3.171
3.2867
3.1412
3.0472
3.0731
3.0257
3.0605
3.1152
3.1183
3.1624
3.1642
3.1157
3.1673
3.0781
3.0737
3.089
3.1005
3.0647
3.2568
3.3415
3.0912
