2.9028
10.949
7.6554
5.5553
4.2429
3.6849
3.4693
3.6045
4.092
4.4747
4.5562
4.5692
4.7952
5.3947
5.8606
5.897
5.7468
5.8858
5.8599
5.5959
5.7103
5.8817
5.7483
5.6264
5.8376
5.7796
5.7076
5.4111
5.4362
5.6623
5.8814
5.7006
5.444
5.501
5.6167
5.8816
5.7999
5.5807
5.6346
5.6364
5.6983
5.6573
5.468
5.4049
5.4228
5.5661
5.6532
5.7897
5.6157
5.8444
5.6266
5.4425
5.466
5.3829
5.4466
5.6293
5.8641
5.7958
5.6982
5.531
5.3619
5.2219
5.5813
5.4221
5.3582
5.256
5.4659
5.8778
5.8989
5.7022
5.5319
5.5819
5.8683
5.6925
5.5187
5.4152
5.5909
5.4773
5.5352
5.4569
5.4082
5.3123
5.6047
5.7805
5.7156
5.8147
5.7187
5.6282
5.5011
5.5044
5.5712
5.5555
5.5542
5.6665
5.7557
5.7168
5.6224
5.6292
5.3598
5.3695
5.9004
