5.9893
1.2407
1.7946
2.441
3.2233
3.8406
4.2703
4.3875
4.1454
3.7893
3.7374
3.9559
4.0842
4.0259
3.8318
3.7169
3.8223
3.7264
3.5553
3.5914
3.4508
3.2397
3.1872
3.2558
3.143
3.0651
3.0583
3.2119
3.3214
3.3055
3.0556
3.0326
3.2444
3.253
3.2476
3.1063
3.0657
3.14
3.2667
3.1291
3.1365
3.1589
3.1748
3.2599
3.2359
3.2361
3.1723
3.0459
3.1241
3.0873
3.0603
3.2323
3.1584
3.1932
3.2314
3.1771
3.0495
3.0893
3.0848
3.1666
3.2003
3.3661
3.1123
3.1267
3.1968
3.3545
3.2996
3.1225
2.9742
3.0333
3.1853
3.2109
3.0762
3.0554
3.099
3.2506
3.1152
3.1426
3.1315
3.1548
3.2009
3.3134
3.1689
3.0803
3.112
3.0672
3.101
3.1559
3.158
3.1992
3.1979
3.1499
3.2042
3.1174
3.1148
3.1313
3.1431
3.106
3.2944
3.376
3.1269
