8.7769
1.5713
2.0628
2.6996
3.509
4.1922
4.7333
5.0144
4.8858
4.4388
4.2372
4.4248
4.6241
4.7512
4.835
5.1397
6.2234
7.8287
7.9094
7.2768
6.734
6.3081
6.159
6.3937
6.4553
6.1779
5.9674
6.0394
6.3384
6.5829
6.2738
6.0512
6.3553
6.4965
6.5257
6.3694
6.1766
6.1813
6.3917
6.1549
5.9743
5.8372
5.7443
5.8156
5.8334
5.828
5.6391
5.334
5.3247
5.2534
5.1629
5.3994
5.3249
5.3841
5.4658
5.3849
5.1747
5.156
5.1406
5.2463
5.33
5.5851
5.3305
5.2294
5.303
5.5833
5.5732
5.3072
4.9808
4.9918
5.2381
5.3359
5.1689
5.068
5.1263
5.3647
5.2675
5.2363
5.2213
5.2675
5.3527
5.5229
5.3812
5.1885
5.1539
5.1093
5.1118
5.2003
5.2231
5.3089
5.3462
5.2683
5.3371
5.2278
5.1763
5.1625
5.1829
5.1741
5.4002
5.5905
5.3317
