13.421
12.229
8.0554
5.7156
4.3327
3.7568
3.5378
3.6577
4.091
4.4208
4.5591
4.8161
5.335
5.8644
5.8962
5.6368
5.4092
5.5915
5.6644
5.4968
5.654
5.7857
5.5974
5.466
5.7219
5.6813
5.5728
5.222
5.1976
5.3941
5.6059
5.4208
5.1637
5.2262
5.3374
5.5875
5.4961
5.2814
5.3502
5.3824
5.4622
5.4313
5.2478
5.188
5.2093
5.3493
5.4373
5.5844
5.4222
5.6732
5.4786
5.311
5.3534
5.2685
5.3204
5.489
5.7137
5.6413
5.5518
5.4006
5.2447
5.1051
5.4589
5.2827
5.1991
5.0776
5.2846
5.7068
5.728
5.525
5.3512
5.4128
5.7109
5.545
5.3816
5.2877
5.4709
5.3585
5.4153
5.3368
5.2851
5.1759
5.446
5.6045
5.5263
5.6208
5.5295
5.4491
5.3361
5.344
5.4062
5.379
5.358
5.4561
5.5404
5.5033
5.4139
5.4248
5.1478
5.135
5.6534
