13.201
10.646
7.3708
5.374
4.108
3.5678
3.3574
3.4932
3.9793
4.3345
4.3483
4.2588
4.3446
4.7553
5.0547
5.0543
4.9803
5.3021
5.6154
5.7475
6.1744
6.4557
6.2766
6.0697
6.1616
5.9902
5.8625
5.5565
5.5934
5.8337
6.0404
5.859
5.6264
5.6948
5.8046
6.0491
5.9543
5.7526
5.8305
5.8362
5.9056
5.8701
5.6969
5.6556
5.686
5.824
5.8854
5.9979
5.8283
6.0616
5.8488
5.7128
5.7543
5.683
5.7502
5.9093
6.1047
6.0219
5.9295
5.7938
5.6549
5.543
5.8814
5.6977
5.6309
5.5389
5.7399
6.1095
6.0809
5.8816
5.7416
5.813
6.0836
5.899
5.752
5.6853
5.8639
5.7463
5.8075
5.7372
5.6947
5.5987
5.8633
5.9945
5.9049
5.9905
5.8917
5.8246
5.7204
5.7401
5.8092
5.7821
5.7722
5.8638
5.9284
5.8833
5.7998
5.812
5.5602
5.5797
6.0682
