6.0635
1.3242
1.9438
2.6377
3.4635
4.1239
4.5765
4.6589
4.219
3.4037
3.0646
3.1293
3.215
3.2794
3.3732
3.4559
3.5799
3.3286
2.9882
2.9763
2.9813
2.9981
3.1104
3.2539
3.1472
3.0389
3.009
3.1597
3.2841
3.295
3.0573
3.0356
3.2512
3.2574
3.2387
3.0771
3.0274
3.1029
3.2368
3.1061
3.1198
3.1425
3.162
3.2532
3.2322
3.2339
3.1639
3.0264
3.0987
3.0605
3.0346
3.2054
3.1332
3.176
3.2215
3.1647
3.0287
3.0665
3.0595
3.1411
3.1787
3.356
3.1037
3.1122
3.1766
3.3366
3.2851
3.1046
2.9497
3.0071
3.1538
3.1797
3.0518
3.0367
3.0788
3.2318
3.1006
3.1312
3.1196
3.1442
3.1925
3.3083
3.1614
3.0644
3.0889
3.0411
3.0757
3.1315
3.1352
3.1804
3.1829
3.1342
3.186
3.0961
3.0906
3.1057
3.1179
3.0825
3.2757
3.3617
3.1093
