1.1343
10.213
7.4053
5.3766
4.0936
3.5374
3.2956
3.3666
3.7726
4.1355
4.3794
4.848
5.5201
6.0953
6.1397
5.9512
5.8542
6.1663
6.2677
6.0289
6.0768
6.1568
5.9841
5.9162
6.2383
6.2255
6.1261
5.7857
5.7972
6.0439
6.2812
6.0898
5.8352
5.9263
6.0725
6.3425
6.2369
6.0104
6.0903
6.1296
6.2068
6.1739
5.9952
5.9557
6.0223
6.2107
6.3203
6.4556
6.2692
6.4927
6.269
6.1099
6.1538
6.0817
6.1589
6.3425
6.5585
6.4576
6.3458
6.1881
6.0387
5.9308
6.3117
6.1287
6.0478
5.9732
6.2431
6.6916
6.6727
6.4196
6.2403
6.3113
6.5926
6.3839
6.2019
6.1211
6.3257
6.217
6.2782
6.2121
6.1846
6.1244
6.4528
6.632
6.5507
6.6349
6.5156
6.4233
6.3056
6.3315
6.4322
6.4397
6.4689
6.6156
6.7333
6.7274
6.6807
6.7649
6.6277
6.768
7.3161
