3.4835
1.4201
1.9587
2.6053
3.4044
4.0529
4.521
4.6707
4.406
3.9746
3.8917
4.1506
4.372
4.4961
4.5778
4.7944
5.3467
5.9867
6.2064
6.1816
6.0552
5.9212
5.9482
6.2477
6.4315
6.2749
6.2035
6.3306
6.6039
6.7308
6.4214
6.2651
6.4993
6.6377
6.6816
6.5287
6.3645
6.399
6.6585
6.4799
6.4503
6.4761
6.4683
6.6131
6.684
6.7638
6.6688
6.4423
6.4498
6.4513
6.3238
6.5355
6.4728
6.5282
6.6515
6.619
6.4537
6.4163
6.3772
6.4442
6.5072
6.7493
6.5738
6.4415
6.5231
6.8316
6.9246
6.7811
6.3921
6.3222
6.5339
6.6411
6.5008
6.3319
6.3566
6.5883
6.529
6.4699
6.4655
6.5088
6.6019
6.7787
6.7256
6.5598
6.4919
6.4544
6.4161
6.4745
6.4702
6.5602
6.6173
6.5372
6.6186
6.534
6.5023
6.4668
6.4617
6.4534
6.6267
6.8811
6.7606
