10.44
1.4922
2.0011
2.6368
3.4396
4.1203
4.6705
4.9582
4.784
4.2276
3.9352
4.015
4.0553
3.9635
3.8431
3.8089
3.9503
3.8766
3.6572
3.7222
3.8048
3.8773
4.054
4.4233
4.5756
4.5383
4.7279
5.5782
6.5776
6.9769
6.6987
6.3657
6.4793
6.5572
6.5875
6.4655
6.3506
6.3878
6.6267
6.4388
6.4297
6.4792
6.4665
6.5966
6.6435
6.7068
6.624
6.4376
6.4807
6.5169
6.4148
6.6092
6.5372
6.5769
6.6805
6.6488
6.5198
6.5182
6.4949
6.5496
6.5904
6.7879
6.5951
6.4806
6.5635
6.8231
6.8421
6.6914
6.3747
6.3683
6.5913
6.681
6.5539
6.4213
6.456
6.6645
6.589
6.5336
6.5367
6.5722
6.6458
6.7836
6.6977
6.553
6.5202
6.5091
6.4961
6.5603
6.5489
6.624
6.6637
6.5753
6.648
6.56
6.5558
6.5421
6.5373
6.5289
6.6703
6.871
6.735
