13.512
13.552
8.9362
6.3092
4.784
4.1606
3.9517
4.1234
4.5954
4.8539
4.7046
4.418
4.2285
4.2731
4.2934
4.2892
4.529
5.4918
6.3011
6.3882
6.4035
6.2836
5.9398
5.7916
6.0682
6.0701
6.0134
5.7015
5.6931
5.875
6.034
5.8255
5.5733
5.6204
5.701
5.9054
5.7794
5.555
5.6037
5.5813
5.6237
5.5568
5.3445
5.2612
5.2524
5.3601
5.4122
5.5331
5.3729
5.6194
5.4293
5.2898
5.3293
5.247
5.2978
5.4516
5.6547
5.5841
5.5046
5.3726
5.2276
5.095
5.424
5.2446
5.1718
5.0542
5.2318
5.6019
5.5977
5.4203
5.2867
5.3569
5.636
5.4706
5.3315
5.2551
5.4247
5.308
5.3679
5.2922
5.2395
5.1242
5.3709
5.5054
5.4244
5.5184
5.4361
5.3759
5.275
5.2894
5.3488
5.3172
5.2971
5.3841
5.4562
5.4199
5.3398
5.3539
5.0921
5.0833
5.5627
