5.3537
1.7745
2.1915
2.858
3.7122
4.4602
5.1204
5.8741
6.4456
5.2107
4.0723
3.607
3.4089
3.3975
3.5324
3.6784
3.8518
3.7032
3.4945
3.6058
3.6967
3.7275
3.8224
4.0042
3.9207
3.7514
3.704
3.8928
4.1145
4.229
3.9994
3.9798
4.3553
4.5686
4.6297
4.427
4.309
4.3883
4.591
4.4509
4.4508
4.4822
4.5194
4.6554
4.6858
4.7078
4.5953
4.3879
4.4387
4.397
4.3443
4.5702
4.5074
4.5764
4.6594
4.5894
4.3942
4.3884
4.3716
4.4745
4.5529
4.7998
4.5495
4.4908
4.5679
4.8064
4.7821
4.543
4.2715
4.3032
4.5188
4.5931
4.4316
4.3536
4.4087
4.6268
4.5169
4.5076
4.495
4.5383
4.6186
4.7819
4.6383
4.4676
4.4503
4.4018
4.4121
4.4917
4.511
4.5879
4.6165
4.5491
4.6105
4.505
4.4642
4.4603
4.4837
4.4661
4.6916
4.8536
4.5821
