9.6351
1.4507
2.0069
2.676
3.5043
4.2071
4.7796
5.1106
5.0185
4.5208
4.2337
4.3496
4.4615
4.4466
4.3489
4.3604
4.6433
4.8645
4.2927
3.7693
3.4659
3.3384
3.4109
3.5823
3.4862
3.3349
3.2765
3.4168
3.5366
3.4704
3.123
3.0178
3.191
3.1884
3.1748
3.0403
2.9988
3.0552
3.163
3.027
3.0232
3.0362
3.0466
3.1312
3.109
3.1084
3.0482
2.9264
3.0005
2.9672
2.9461
3.1006
3.0265
3.0568
3.0904
3.0388
2.9184
2.9611
2.9588
3.03
3.0575
3.2137
2.9686
2.9831
3.0483
3.1907
3.1315
2.9619
2.8326
2.8971
3.0351
3.0532
2.9304
2.9241
2.9637
3.1017
2.9694
2.9998
2.9895
3.0088
3.0497
3.1537
3.0079
2.925
2.9592
2.9179
2.9567
3.0083
3.0096
3.0488
3.0453
2.9981
3.0459
2.9599
2.9626
2.9801
2.991
2.9563
3.1357
3.2047
2.9626
