9.3687
10.742
7.5544
5.531
4.2529
3.7271
3.5583
3.7504
4.2509
4.5612
4.5544
4.5087
4.6486
5.028
5.2727
5.3071
5.2562
5.4296
5.3447
4.9886
4.9626
4.9933
4.8049
4.7075
5.0072
5.0605
5.0304
4.7281
4.71
4.8955
5.1196
4.9728
4.7393
4.7948
4.8953
5.138
5.0582
4.8546
4.917
4.9399
5.0276
5.0018
4.8177
4.7524
4.7563
4.8786
4.9605
5.1162
4.9734
5.2304
5.0481
4.8878
4.9245
4.8391
4.8881
5.0572
5.2837
5.2208
5.1337
4.9836
4.8238
4.6751
5.0194
4.8741
4.8121
4.6824
4.8647
5.2724
5.3073
5.1293
4.9649
5.0111
5.2999
5.1564
5.0174
4.9295
5.0969
4.9833
5.0422
4.9629
4.9044
4.7772
5.0186
5.1701
5.1052
5.2096
5.1382
5.0761
4.9706
4.9737
5.0208
4.9842
4.9571
5.0477
5.1351
5.1093
5.0293
5.0417
4.7653
4.7304
5.2157
