4.7335
8.7415
6.7373
5.0691
3.8939
3.3431
3.0344
2.9405
3.0783
3.1648
3.0212
2.6048
1.8181
1.1031
0.58532
0.51448
0.91193
1.7483
2.6316
2.8483
3.0618
3.3465
3.4293
3.4994
3.9842
4.2395
4.2457
3.8982
3.8289
4.0357
4.3641
4.2371
3.9386
3.958
4.0863
4.3795
4.3065
4.043
4.0381
4.0902
4.1786
4.1387
3.9456
3.8567
3.8661
4.01
4.1219
4.2831
4.093
4.2948
4.0955
3.8726
3.9018
3.8286
3.8928
4.114
4.4014
4.3376
4.2142
4.009
3.8069
3.6443
4.0523
3.9786
3.9082
3.7547
3.9761
4.4639
4.5369
4.2824
4.0209
4.0258
4.3443
4.2379
4.083
3.9755
4.1668
4.0811
4.1311
4.0432
3.9807
3.8659
4.1387
4.3217
4.2462
4.3225
4.2305
4.1392
4.0272
4.0302
4.0936
4.0843
4.0592
4.1628
4.2508
4.2134
4.1173
4.1208
3.8459
3.8025
4.3323
