8.8595
10.935
7.7429
5.6487
4.3273
3.7719
3.5638
3.6863
4.0962
4.3409
4.2352
3.9693
3.7627
3.7362
3.6967
4.3361
5.9402
7.0515
6.8415
6.1952
6.0611
6.1296
6.0101
6.0021
6.4082
6.4387
6.3389
5.9819
5.9932
6.2523
6.4899
6.2641
5.9746
6.0557
6.1925
6.4554
6.3284
6.0764
6.147
6.1954
6.2604
6.219
6.0336
5.9819
6.0347
6.2007
6.2877
6.4033
6.1882
6.4161
6.1901
5.992
6.0533
5.9904
6.0679
6.255
6.4838
6.3754
6.2511
6.0691
5.9191
5.8171
6.2296
6.0324
5.9235
5.8213
6.0809
6.5295
6.5087
6.228
6.0079
6.0595
6.373
6.2058
6.0367
5.9631
6.2006
6.1269
6.2262
6.2026
6.2182
6.1823
6.51
6.665
6.5662
6.657
6.5496
6.4707
6.3655
6.3942
6.4864
6.4692
6.4631
6.5702
6.6373
6.5791
6.4813
6.492
6.2297
6.2696
6.8083
