7.2182
1.6722
2.2148
2.9097
3.7872
4.5839
5.3797
6.6968
8.4451
8.0223
6.656
5.319
4.5233
4.3145
4.4194
4.6093
4.858
4.7771
4.5647
4.6808
4.7823
4.7547
4.7748
4.9429
4.8548
4.6146
4.5448
4.7396
4.9937
5.0958
4.7695
4.6527
4.9392
5.066
5.0586
4.7971
4.6056
4.6385
4.8174
4.6465
4.6144
4.6225
4.6426
4.7665
4.7878
4.798
4.6739
4.4583
4.504
4.4617
4.4085
4.6339
4.5702
4.6355
4.7126
4.6395
4.4451
4.4425
4.4304
4.535
4.6143
4.8566
4.6017
4.5397
4.6164
4.8573
4.8353
4.5936
4.322
4.3569
4.5759
4.6498
4.4869
4.4101
4.4676
4.6869
4.5764
4.5636
4.5502
4.5915
4.6686
4.8252
4.6803
4.5082
4.4913
4.4447
4.4574
4.5392
4.5591
4.6342
4.6584
4.5882
4.6499
4.545
4.5054
4.5031
4.5266
4.5086
4.7311
4.8949
4.6245
