7.2934
1.3965
1.9205
2.5653
3.3527
3.9634
4.3523
4.3991
4.0612
3.4076
3.0394
3.0301
3.0877
3.1694
3.327
3.4769
3.6534
3.565
3.4421
3.5835
3.6413
3.6199
3.6704
3.8155
3.6827
3.5008
3.4573
3.6376
3.8178
3.8588
3.5576
3.4928
3.7402
3.784
3.7749
3.5853
3.4905
3.5746
3.7438
3.5924
3.5889
3.5974
3.63
3.7574
3.7732
3.7982
3.6974
3.4984
3.5428
3.474
3.4059
3.6094
3.5344
3.5974
3.6733
3.6064
3.4233
3.4319
3.4095
3.5088
3.5724
3.8064
3.556
3.5402
3.6183
3.8433
3.8347
3.6112
3.3639
3.3934
3.5659
3.6134
3.4589
3.4027
3.4528
3.6502
3.5339
3.5583
3.5539
3.5997
3.6799
3.846
3.7262
3.5847
3.5744
3.5093
3.5137
3.5742
3.5843
3.6525
3.6788
3.6318
3.7037
3.6083
3.5618
3.5475
3.5579
3.5184
3.741
3.8899
3.6138
