8.5202
1.3772
1.9603
2.6339
3.4439
4.0737
4.4729
4.5134
4.1908
3.8312
3.8291
4.1011
4.3114
4.4104
4.2252
3.9337
3.7796
3.5188
3.3323
3.4425
3.4609
3.4118
3.453
3.5671
3.4343
3.2888
3.2528
3.4147
3.5559
3.5669
3.3011
3.2579
3.4806
3.5027
3.4942
3.3346
3.2715
3.3524
3.4977
3.3548
3.3503
3.3647
3.3849
3.4841
3.4745
3.4791
3.4026
3.2546
3.3226
3.2828
3.2523
3.4495
3.3916
3.4454
3.4991
3.4318
3.2662
3.282
3.2766
3.3791
3.4459
3.6584
3.4113
3.3902
3.4511
3.6402
3.5957
3.3816
3.185
3.2308
3.4089
3.4758
3.3548
3.3194
3.3664
3.5428
3.4128
3.4354
3.4283
3.4589
3.5133
3.6367
3.4898
3.3792
3.4005
3.3537
3.382
3.4445
3.4511
3.5021
3.5083
3.4575
3.5171
3.4253
3.4089
3.4189
3.4344
3.4013
3.6048
3.711
3.4473
