4.8642
1.4526
2.0164
2.6765
3.4905
4.1575
4.6465
4.8201
4.561
4.0904
3.9309
4.0673
4.0937
3.9404
3.699
3.5043
3.5012
3.3251
3.1305
3.2022
3.2283
3.2218
3.3009
3.4358
3.3086
3.1735
3.1474
3.3239
3.4872
3.526
3.2793
3.262
3.5141
3.5566
3.5656
3.4108
3.3483
3.4354
3.588
3.4313
3.4276
3.4402
3.4697
3.5844
3.5862
3.6053
3.522
3.3549
3.4206
3.3672
3.315
3.5139
3.4376
3.4914
3.5524
3.4824
3.3122
3.3341
3.3209
3.4199
3.4768
3.6905
3.4269
3.4118
3.4826
3.6851
3.6539
3.4347
3.2205
3.2675
3.4428
3.4879
3.3374
3.2876
3.327
3.4975
3.3614
3.3829
3.3734
3.4073
3.4681
3.6048
3.466
3.349
3.3627
3.3079
3.3269
3.3843
3.3864
3.4387
3.4503
3.4032
3.4705
3.3794
3.3554
3.3605
3.3748
3.3381
3.5533
3.6804
3.4148
