8.3066
1.5096
1.9558
2.5509
3.3262
3.9902
4.5466
4.8856
4.8579
4.5185
4.3891
4.6613
5.0663
5.8323
6.6955
6.7791
6.7151
6.4759
6.2209
6.3083
6.5016
6.4943
6.4272
6.492
6.3971
6.0822
5.9575
6.1482
6.3994
6.4306
5.9209
5.561
5.6977
5.7568
5.7524
5.5398
5.3683
5.4181
5.6312
5.4371
5.3877
5.4064
5.4299
5.5685
5.6165
5.6448
5.5159
5.2815
5.3226
5.2855
5.2087
5.4445
5.3738
5.4444
5.5426
5.4773
5.2771
5.2631
5.2472
5.3447
5.4256
5.6861
5.4397
5.3472
5.4418
5.7458
5.7666
5.5008
5.1448
5.1491
5.3938
5.4815
5.3007
5.1931
5.2539
5.4964
5.397
5.3608
5.3534
5.407
5.4994
5.6788
5.555
5.3592
5.3212
5.2762
5.2674
5.3511
5.3668
5.4507
5.4895
5.4126
5.4935
5.3942
5.3429
5.325
5.3431
5.3299
5.5558
5.7766
5.5316
