4.1904
1.2567
1.8152
2.4635
3.2524
3.8896
4.3612
4.542
4.3468
3.9869
3.9328
4.1982
4.422
4.5686
4.7633
5.5156
6.8389
7.3051
6.2826
5.4123
4.8918
4.5837
4.5372
4.6783
4.5694
4.3382
4.2473
4.3931
4.5707
4.6161
4.3388
4.2757
4.5285
4.6064
4.6376
4.4719
4.3668
4.4294
4.6016
4.4401
4.4239
4.4476
4.4702
4.584
4.5943
4.6028
4.501
4.3195
4.3842
4.3516
4.3048
4.5173
4.45
4.5049
4.5688
4.5006
4.3294
4.3439
4.3381
4.437
4.5072
4.7301
4.4645
4.4145
4.4947
4.7231
4.6913
4.4563
4.2041
4.2442
4.454
4.5215
4.3672
4.3014
4.3544
4.5592
4.4423
4.4334
4.4212
4.4583
4.5266
4.6689
4.5237
4.3753
4.3745
4.333
4.3501
4.4276
4.4433
4.5078
4.522
4.4543
4.5203
4.4236
4.3947
4.3971
4.4169
4.3943
4.6052
4.7533
4.4891
