10.526
1.396
1.9332
2.583
3.3822
4.0254
4.4795
4.5978
4.2827
3.7903
3.6734
3.8991
4.0886
4.1846
4.2434
4.3773
4.6673
4.4502
3.7755
3.4989
3.3513
3.2984
3.3965
3.5662
3.4781
3.3467
3.2991
3.446
3.5778
3.5824
3.3279
3.2996
3.5259
3.5471
3.5396
3.3859
3.3325
3.4137
3.5596
3.4226
3.4276
3.4523
3.4777
3.5787
3.5714
3.5792
3.5049
3.3584
3.4293
3.3888
3.3555
3.5375
3.4649
3.5121
3.5649
3.507
3.359
3.3877
3.3798
3.4645
3.5097
3.7009
3.4478
3.4437
3.5195
3.7087
3.6734
3.4742
3.2816
3.3269
3.4871
3.5204
3.3791
3.3483
3.3948
3.5624
3.4338
3.4532
3.4432
3.4738
3.5308
3.659
3.518
3.4056
3.4214
3.3729
3.3989
3.4591
3.4653
3.5162
3.5228
3.4716
3.5311
3.4421
3.4262
3.4346
3.4494
3.4167
3.6195
3.7302
3.4741
