1.4217
11.207
8.1167
5.8789
4.4758
3.8689
3.6166
3.7123
4.1603
4.5529
4.7669
5.0029
5.3418
5.7151
5.7425
5.6084
5.5268
5.7095
5.6468
5.3831
5.5425
5.7388
5.5944
5.478
5.7097
5.6593
5.5723
5.2569
5.2685
5.4992
5.7293
5.5542
5.3116
5.389
5.5243
5.8095
5.7636
5.6176
5.7543
5.8067
5.8864
5.8533
5.6769
5.6339
5.6742
5.8312
5.9306
6.0964
5.9777
6.2951
6.1462
6.0378
6.0919
6.0191
6.0886
6.2515
6.4534
6.3707
6.288
6.1588
6.0225
5.9142
6.2599
6.0525
5.9781
5.9107
6.1567
6.5616
6.5385
6.3264
6.1872
6.2706
6.5372
6.3229
6.1564
6.0879
6.2759
6.1462
6.1989
6.1299
6.0938
6.01
6.2909
6.4236
6.3305
6.4229
6.3165
6.2377
6.1239
6.1383
6.2084
6.1765
6.1638
6.2612
6.3266
6.2791
6.1945
6.2063
5.9492
5.9782
6.4885
