4.5093
1.5462
2.045
2.6877
3.5027
4.195
4.7559
5.0793
5.0335
4.7167
4.7046
5.3824
5.8614
5.9625
5.9316
5.9467
6.0712
5.9707
5.7403
5.8425
5.9779
5.9337
5.8617
5.9639
5.8394
5.5103
5.3998
5.5753
5.8407
5.9437
5.5821
5.4217
5.6827
5.8121
5.8485
5.6521
5.4764
5.5289
5.7614
5.5891
5.5428
5.5579
5.5882
5.7437
5.8233
5.8787
5.7478
5.4809
5.4905
5.4343
5.3487
5.5977
5.5389
5.6217
5.7341
5.6708
5.4503
5.4091
5.3792
5.4829
5.5799
5.8718
5.6455
5.5363
5.6191
5.9506
6.0234
5.7634
5.3437
5.2944
5.5334
5.6437
5.4695
5.3412
5.3922
5.6494
5.5692
5.5327
5.5175
5.573
5.6777
5.8849
5.7869
5.5742
5.5017
5.4349
5.4123
5.4973
5.5218
5.62
5.6745
5.6011
5.6839
5.5838
5.5159
5.4825
5.4973
5.4882
5.7329
5.9932
5.7714
