14.394
11.102
7.6802
5.5771
4.2536
3.6775
3.4354
3.5457
4.0471
4.5037
4.674
4.8215
5.2536
5.8035
5.9583
5.8846
5.8387
6.1106
6.1416
5.8943
6.0067
6.1874
6.1064
6.1015
6.4349
6.4071
6.3134
5.9935
6.0178
6.25
6.4471
6.2507
6.0169
6.1031
6.22
6.4551
6.3352
6.1173
6.1982
6.2125
6.2795
6.2426
6.0675
6.0288
6.0732
6.2266
6.2971
6.4074
6.2242
6.4509
6.2323
6.0943
6.1393
6.0693
6.1417
6.3061
6.5039
6.4126
6.3172
6.1801
6.0424
5.9379
6.291
6.096
6.0182
5.934
6.1606
6.554
6.5164
6.289
6.1365
6.2125
6.4884
6.293
6.1378
6.0733
6.265
6.1464
6.2046
6.1339
6.0948
6.0082
6.2867
6.419
6.3179
6.3946
6.2818
6.2049
6.0982
6.1227
6.2022
6.1784
6.169
6.2626
6.3252
6.2734
6.1835
6.1952
5.9412
5.9729
6.4881
