8.5481
11.102
7.6563
5.5362
4.2348
3.7057
3.5322
3.6947
4.1173
4.3142
4.1882
3.9817
3.9513
4.3601
4.9869
5.5015
5.7955
6.1651
6.1499
5.8155
5.8418
5.9129
5.7334
5.6589
5.9986
6.0285
5.9594
5.6272
5.6283
5.8617
6.1032
5.9275
5.6803
5.7623
5.891
6.1441
6.0281
5.7874
5.8509
5.8767
5.9515
5.9173
5.7316
5.6742
5.7034
5.8466
5.92
6.0409
5.8529
6.0742
5.8447
5.6639
5.6975
5.6243
5.704
5.9014
6.1362
6.0444
5.9189
5.7351
5.5627
5.4341
5.8217
5.6763
5.6094
5.5028
5.7423
6.1757
6.1575
5.8961
5.677
5.7019
5.9764
5.7991
5.6308
5.5343
5.7178
5.5966
5.6465
5.5656
5.516
5.4149
5.6925
5.8426
5.7508
5.8357
5.7337
5.6509
5.5381
5.5497
5.6182
5.5938
5.5772
5.6769
5.7554
5.7106
5.6181
5.6283
5.3565
5.3611
5.8893
