11.414
1.3464
1.926
2.5987
3.4107
4.0589
4.5071
4.6118
4.2912
3.8149
3.6702
3.8007
3.84
3.7757
3.7342
3.7707
3.9525
3.8874
3.3741
2.9948
2.7997
2.7534
2.8652
3.009
2.9311
2.8698
2.8583
3.0021
3.1135
3.1293
2.92
2.9059
3.1174
3.1307
3.1216
2.99
2.9604
3.0312
3.1546
3.0328
3.0493
3.0864
3.1234
3.2351
3.2387
3.2584
3.2072
3.0886
3.1755
3.1528
3.138
3.3195
3.2531
3.2956
3.3418
3.2875
3.1499
3.183
3.1792
3.2635
3.3051
3.4861
3.2404
3.2402
3.3086
3.4851
3.4347
3.2449
3.0822
3.1352
3.2932
3.3305
3.1978
3.1691
3.2091
3.3663
3.2393
3.2615
3.2478
3.2737
3.3273
3.4535
3.3087
3.2077
3.2308
3.1866
3.2183
3.276
3.2832
3.3331
3.3399
3.2924
3.3479
3.2582
3.2446
3.2538
3.2683
3.2378
3.4376
3.5268
3.2715
