5.5388
1.2643
1.8375
2.492
3.2814
3.9021
4.3227
4.4094
4.117
3.7249
3.6448
3.7675
3.698
3.5044
3.4166
3.4484
3.6347
3.5865
3.4164
3.4177
3.3558
3.2873
3.3437
3.4851
3.3927
3.2872
3.2664
3.4433
3.6053
3.6118
3.352
3.3283
3.5631
3.5854
3.5759
3.4202
3.3659
3.4477
3.588
3.4374
3.4343
3.4545
3.477
3.5747
3.5603
3.56
3.4795
3.3315
3.404
3.3647
3.3328
3.5195
3.4469
3.4919
3.5415
3.4802
3.332
3.3642
3.361
3.4497
3.4962
3.6837
3.4237
3.4181
3.4954
3.6795
3.6315
3.4218
3.2336
3.2893
3.4584
3.4955
3.3528
3.3238
3.376
3.5464
3.4152
3.4337
3.4252
3.4556
3.5105
3.6338
3.486
3.3709
3.3891
3.3431
3.372
3.4359
3.4444
3.4957
3.5009
3.4488
3.5076
3.4163
3.3996
3.4096
3.4268
3.3949
3.5975
3.7043
3.4391
