7.3662
1.5035
2.0353
2.6958
3.5094
4.1573
4.5881
4.662
4.3391
3.9424
3.9099
4.1605
4.2987
4.2569
4.161
4.2269
4.5969
4.8537
4.88
5.4188
6.6449
6.9271
6.4848
6.216
6.0525
5.8712
5.8986
6.084
6.3346
6.4299
6.1
5.9358
6.164
6.2981
6.3503
6.1985
6.0287
6.0519
6.2935
6.1126
6.0859
6.1008
6.087
6.2274
6.2862
6.3565
6.2558
6.0237
6.0305
6.0279
5.9085
6.1229
6.0627
6.1185
6.2369
6.1967
6.025
5.9929
5.9559
6.0321
6.0992
6.3402
6.1547
6.0344
6.1075
6.3891
6.4501
6.2811
5.9035
5.8551
6.0703
6.1779
6.049
5.9071
5.9414
6.1698
6.1015
6.0547
6.0496
6.0898
6.1772
6.3424
6.2691
6.1014
6.0366
5.9973
5.9774
6.0457
6.0492
6.1386
6.1895
6.1101
6.1844
6.0923
6.0622
6.0328
6.0328
6.0255
6.2048
6.441
6.2931
