16.842
12.247
8.0589
5.7536
4.3686
3.7771
3.5291
3.6003
3.9569
4.1657
4.0765
3.8762
3.7843
3.903
3.8997
3.6567
3.3063
3.2225
3.0886
2.6381
2.6096
2.9724
3.0623
2.991
3.1763
3.2249
3.1484
2.7288
2.4399
2.4224
2.6885
2.6134
2.338
2.2826
2.3362
2.5908
2.5675
2.3554
2.3053
2.3132
2.3941
2.3284
2.1278
2.0026
1.9322
2.0202
2.1439
2.3667
2.2469
2.4499
2.2834
2.0711
2.0709
1.9591
1.9446
2.0916
2.3485
2.3432
2.2711
2.1202
1.9229
1.7044
1.9791
1.9367
1.8562
1.603
1.6717
2.1254
2.3702
2.2806
2.0613
2.0357
2.3253
2.2594
2.1052
1.9329
2.0323
1.9893
2.05
1.9531
1.8557
1.6785
1.8785
2.132
2.1538
2.2476
2.2039
2.1151
1.9897
1.9491
1.9587
1.9548
1.9216
2.0178
2.1363
2.1464
2.0647
2.045
1.7681
1.6034
2.0315
