6.8388
1.5922
2.0557
2.684
3.4833
4.1428
4.6324
4.8271
4.6313
4.2535
4.1789
4.4306
4.6203
4.6664
4.6393
4.8217
5.5514
6.8799
7.8818
8.3696
8.4627
8.1219
7.7094
7.5659
7.4734
7.1601
7.0711
7.2022
7.5266
7.7274
7.4333
7.1983
7.3532
7.4833
7.549
7.4276
7.2434
7.2287
7.4795
7.2986
7.2606
7.2864
7.2499
7.3772
7.4403
7.5142
7.4156
7.1886
7.1852
7.2103
7.0844
7.2931
7.2415
7.2836
7.3975
7.3719
7.2363
7.194
7.1522
7.2194
7.2799
7.4943
7.3365
7.1769
7.2407
7.5215
7.5928
7.4629
7.0831
7.0092
7.243
7.3748
7.2677
7.0839
7.1084
7.3406
7.3042
7.2316
7.2249
7.258
7.34
7.4953
7.4411
7.2787
7.2091
7.1918
7.1632
7.2291
7.2249
7.3162
7.3737
7.2826
7.3515
7.2647
7.2529
7.2212
7.2124
7.2154
7.3517
7.5895
7.5007
