4.7475
1.4168
1.9552
2.6121
3.4127
4.0371
4.4361
4.4751
4.1406
3.7538
3.7026
3.8411
3.7644
3.5371
3.383
3.3368
3.4597
3.4059
3.3159
3.3821
3.2706
3.134
3.1533
3.2584
3.1508
3.0721
3.0747
3.244
3.3734
3.3815
3.1391
3.1239
3.3508
3.3656
3.3644
3.22
3.1735
3.2539
3.3896
3.2423
3.2473
3.2651
3.2873
3.3874
3.3792
3.3956
3.3278
3.1821
3.2518
3.2028
3.1619
3.3438
3.2681
3.3177
3.3728
3.3132
3.1646
3.1953
3.1824
3.2688
3.3127
3.5067
3.2519
3.2557
3.3246
3.5037
3.462
3.2665
3.085
3.1343
3.2892
3.321
3.1833
3.1539
3.1936
3.3521
3.218
3.2484
3.2401
3.2688
3.3219
3.4484
3.3099
3.2093
3.2299
3.1747
3.1973
3.2506
3.2516
3.3001
3.3092
3.2652
3.3283
3.2391
3.2243
3.233
3.2429
3.2044
3.4087
3.5166
3.2631
