12.251
10.679
7.5547
5.5077
4.1966
3.61
3.3351
3.3864
3.8257
4.2628
4.4269
4.5268
4.8912
5.4259
5.6132
5.5534
5.4927
5.7441
5.7591
5.4614
5.5144
5.6602
5.5719
5.5457
5.8818
5.8979
5.8335
5.5151
5.518
5.7333
5.9574
5.7845
5.5385
5.6052
5.7146
5.9648
5.8726
5.6585
5.7284
5.7506
5.8271
5.7998
5.6199
5.5633
5.5866
5.7234
5.8009
5.937
5.7711
6.0177
5.8248
5.6753
5.72
5.6382
5.6923
5.857
6.0785
6.009
5.9283
5.7865
5.6351
5.4979
5.8417
5.6534
5.5669
5.4472
5.6436
6.052
6.0642
5.8646
5.7105
5.7793
6.0692
5.8977
5.7435
5.6597
5.8439
5.7281
5.7848
5.705
5.6509
5.54
5.8047
5.9539
5.8712
5.962
5.867
5.7925
5.6843
5.6989
5.7671
5.7396
5.7198
5.8128
5.8913
5.8526
5.7638
5.7761
5.5028
5.4959
6.0097
