5.4753
1.4583
1.961
2.5806
3.3619
4.0018
4.4797
4.6751
4.5046
4.1647
4.1061
4.3568
4.5491
4.6108
4.6198
4.9585
5.9007
6.3558
5.7598
5.2812
5.0333
4.9187
4.9812
5.3145
5.3584
5.1737
5.1125
5.2947
5.5631
5.6803
5.3409
5.2163
5.488
5.6106
5.6445
5.4642
5.3234
5.3913
5.6191
5.4388
5.3974
5.4201
5.4473
5.5925
5.6531
5.6957
5.5751
5.3391
5.3749
5.3338
5.2513
5.4868
5.4163
5.4879
5.5898
5.5284
5.3282
5.3095
5.2891
5.3848
5.4667
5.7327
5.4931
5.4001
5.496
5.8142
5.8587
5.603
5.2272
5.2104
5.4474
5.536
5.3523
5.2348
5.2898
5.5348
5.4412
5.4055
5.3972
5.4522
5.5489
5.7379
5.6257
5.4299
5.3843
5.3335
5.3176
5.3973
5.4112
5.4963
5.539
5.464
5.5479
5.4513
5.3981
5.3763
5.3917
5.378
5.6064
5.839
5.6065
