4.8672
1.6467
2.12
2.7613
3.5736
4.2425
4.7301
4.9124
4.7039
4.3097
4.2074
4.423
4.5918
4.7674
5.2936
5.809
5.5277
4.7302
4.2416
4.2952
4.3941
4.4151
4.4827
4.6389
4.5048
4.3052
4.276
4.4634
4.643
4.6573
4.3458
4.2903
4.5538
4.6109
4.6026
4.4218
4.3322
4.4175
4.5946
4.4179
4.3956
4.4191
4.4441
4.5589
4.5668
4.5759
4.4708
4.2839
4.3513
4.3012
4.2173
4.4696
4.417
4.474
4.5382
4.4651
4.2814
4.2716
4.2513
4.3737
4.4697
4.6928
4.4183
4.3761
4.4653
4.7014
4.6655
4.4199
4.1241
4.1002
4.2731
4.3468
4.165
4.0091
3.9883
4.1516
3.9967
3.9659
3.9319
3.958
4.0011
4.1199
3.9574
3.8036
3.7992
3.7418
3.7526
3.8185
3.8285
3.8906
3.9067
3.8515
3.9187
3.8208
3.7807
3.7727
3.7836
3.7467
3.954
4.0748
3.7952
