11.983
1.2125
1.7935
2.445
3.2346
3.8776
4.364
4.5563
4.3313
3.8916
3.7486
3.895
3.9534
3.862
3.7266
3.5969
3.5663
3.3055
3.0834
3.1891
3.2553
3.2621
3.3224
3.409
3.2563
3.1371
3.1194
3.28
3.4034
3.3966
3.1453
3.1258
3.3564
3.3846
3.3926
3.2506
3.2023
3.2789
3.4118
3.2666
3.2705
3.2902
3.3097
3.4018
3.3837
3.3867
3.3147
3.1746
3.2491
3.208
3.1751
3.3513
3.2762
3.3194
3.367
3.309
3.1682
3.2038
3.1962
3.2803
3.3219
3.5065
3.2492
3.2537
3.325
3.4984
3.4488
3.2546
3.0851
3.1441
3.3026
3.333
3.1963
3.172
3.2157
3.3752
3.2415
3.2655
3.2542
3.2812
3.3324
3.4526
3.3073
3.2059
3.2304
3.1837
3.2147
3.2726
3.2767
3.3225
3.3251
3.2756
3.3334
3.2445
3.2337
3.2466
3.2602
3.2247
3.4232
3.52
3.262
