5.1456
1.5241
2.0749
2.7294
3.5387
4.1833
4.6082
4.6719
4.3311
3.9296
3.9064
4.1469
4.2304
4.148
4.0686
4.1296
4.4519
4.7555
5.0914
5.2428
4.8858
4.4665
4.3244
4.4296
4.3691
4.2763
4.3077
4.5284
4.7478
4.8099
4.5189
4.4653
4.7437
4.8288
4.8505
4.6825
4.5771
4.6584
4.8598
4.6887
4.6693
4.6877
4.7162
4.8544
4.9127
4.98
4.8996
4.6939
4.7348
4.6599
4.5617
4.7734
4.6881
4.7642
4.8664
4.8107
4.615
4.5993
4.5569
4.6418
4.7099
4.9738
4.7373
4.701
4.7996
5.0952
5.1384
4.9193
4.5906
4.569
4.754
4.803
4.6192
4.5228
4.5605
4.7684
4.6502
4.6502
4.6484
4.7001
4.7881
4.9731
4.8697
4.72
4.6996
4.6285
4.6033
4.659
4.6562
4.7262
4.7625
4.7089
4.802
4.7132
4.6669
4.6494
4.6535
4.6193
4.8531
5.0618
4.8314
