4.0794
10.036
7.1751
5.2796
4.0471
3.5072
3.2644
3.3099
3.6519
3.9352
4.0224
4.1186
4.3635
4.7142
4.8719
5.0741
5.4219
5.8693
5.8405
5.4864
5.4965
5.603
5.4863
5.4599
5.7916
5.7865
5.7068
5.3928
5.407
5.6265
5.8297
5.6375
5.3963
5.4778
5.598
5.8413
5.7353
5.5231
5.6067
5.6396
5.719
5.6881
5.5091
5.4628
5.4993
5.6475
5.7275
5.8543
5.677
5.9148
5.7019
5.5399
5.5849
5.5085
5.5701
5.7358
5.942
5.8513
5.7525
5.6069
5.4671
5.3507
5.7072
5.5209
5.4404
5.3361
5.5553
5.9678
5.9554
5.726
5.5421
5.5837
5.85
5.6459
5.4444
5.3054
5.4364
5.2819
5.3078
5.2074
5.1441
5.0267
5.2936
5.4624
5.3922
5.4876
5.399
5.3199
5.2057
5.2115
5.2749
5.2573
5.2504
5.3686
5.482
5.466
5.3913
5.4309
5.1969
5.2117
5.7353
