11.965
1.3343
1.8151
2.4211
3.1869
3.8249
4.334
4.5854
4.4452
4.052
3.9086
4.0779
4.2188
4.3243
4.3344
4.1451
3.9862
3.7267
3.5857
3.7547
3.8137
3.7239
3.6799
3.7181
3.5426
3.4007
3.3827
3.5598
3.7014
3.6613
3.3578
3.3077
3.5431
3.5944
3.6221
3.4895
3.4406
3.5248
3.6711
3.5217
3.5211
3.5438
3.5707
3.6751
3.671
3.6815
3.6038
3.4512
3.5229
3.4775
3.436
3.6221
3.5455
3.5971
3.6571
3.5987
3.4442
3.4704
3.4587
3.5436
3.5901
3.7906
3.5377
3.5351
3.6169
3.8173
3.7807
3.5676
3.3646
3.4153
3.5839
3.6151
3.4647
3.4301
3.4801
3.6527
3.5206
3.5387
3.5316
3.5662
3.6265
3.7597
3.6182
3.4997
3.5149
3.4656
3.4872
3.5475
3.5518
3.6039
3.6133
3.5625
3.6273
3.5375
3.5162
3.5226
3.5376
3.5037
3.7126
3.8335
3.5711
