2.5461
1.6091
2.0666
2.6936
3.4956
4.1668
4.6873
4.9464
4.8374
4.501
4.4337
4.7654
5.2073
6.0077
7.5187
8.1738
7.8827
7.1509
6.5634
6.4243
6.4959
6.4355
6.3535
6.4514
6.3968
6.1147
6.0262
6.1453
6.3601
6.4349
6.1181
5.9828
6.2094
6.3125
6.3346
6.1788
6.0396
6.0784
6.3031
6.1048
6.079
6.1073
6.093
6.2095
6.2392
6.2864
6.1877
5.9838
6.021
6.0065
5.88
6.0998
6.0335
6.0743
6.1652
6.1184
5.9659
5.943
5.9005
5.9832
6.0614
6.2837
6.0618
5.9682
6.0482
6.2977
6.297
6.1271
5.8007
5.7527
5.9992
6.1286
6.0016
5.856
5.8873
6.11
6.0286
5.9968
5.9986
6.039
6.1106
6.2449
6.1434
6.0048
5.9843
5.9619
5.9541
6.0188
6.0112
6.0848
6.1228
6.0439
6.12
6.0297
6.0171
6.0069
6.0045
5.9883
6.1536
6.3461
6.1804
