9.7725
1.2238
1.7924
2.4418
3.232
3.8786
4.3749
4.5873
4.3886
3.9592
3.8144
3.9729
4.0661
4.0452
3.9817
3.8777
3.849
3.6064
3.4163
3.574
3.6923
3.7269
3.791
3.8872
3.7285
3.5752
3.5552
3.7352
3.8887
3.8808
3.5891
3.5495
3.8028
3.8599
3.8784
3.7287
3.6658
3.7521
3.91
3.7532
3.7468
3.7676
3.7949
3.901
3.8975
3.9024
3.8109
3.6456
3.717
3.6724
3.6308
3.8289
3.7519
3.8049
3.8641
3.7981
3.6347
3.6605
3.6524
3.7464
3.8016
4.0106
3.7446
3.7285
3.8092
4.018
3.9762
3.7495
3.5346
3.5894
3.7757
3.8184
3.6639
3.6221
3.6759
3.8602
3.728
3.7383
3.7285
3.7642
3.8266
3.9618
3.8134
3.6837
3.6961
3.6493
3.6726
3.7412
3.7501
3.8054
3.8146
3.7578
3.8228
3.729
3.7036
3.711
3.7295
3.6985
3.9126
4.039
3.766
