3.9546
1.309
1.8626
2.5086
3.2985
3.9325
4.3855
4.5186
4.246
3.8167
3.6926
3.7646
3.5872
3.291
3.1756
3.1953
3.3436
3.2311
3.0771
3.1785
3.2217
3.2135
3.2779
3.3858
3.2492
3.1325
3.1103
3.2661
3.3889
3.3935
3.1495
3.1296
3.3497
3.3608
3.3578
3.2099
3.159
3.2313
3.36
3.2136
3.22
3.2382
3.2564
3.349
3.3336
3.3439
3.277
3.1369
3.2097
3.1639
3.1263
3.3031
3.2272
3.2713
3.3207
3.2647
3.1257
3.1602
3.1472
3.2305
3.2721
3.4564
3.2007
3.2119
3.2819
3.4551
3.4094
3.223
3.0524
3.1037
3.2566
3.2899
3.1542
3.1262
3.1646
3.3233
3.1905
3.2199
3.2082
3.2347
3.2861
3.4087
3.2674
3.1711
3.1949
3.1435
3.1718
3.227
3.2291
3.2741
3.2785
3.2317
3.2911
3.2025
3.1927
3.2049
3.2155
3.178
3.3776
3.4757
3.223
