3.8508
1.4339
2.0032
2.6873
3.5054
4.1347
4.5115
4.5128
4.1788
3.7
3.4919
3.4715
3.3908
3.2722
3.2265
3.2019
3.2457
3.1424
3.1232
3.3304
3.3989
3.3357
3.3245
3.3807
3.2263
3.1186
3.1083
3.2664
3.3818
3.3752
3.1278
3.1084
3.3278
3.3369
3.3304
3.1832
3.1358
3.2096
3.3377
3.1916
3.1965
3.2151
3.2331
3.3255
3.3078
3.3125
3.2419
3.1013
3.1727
3.131
3.1001
3.2732
3.2008
3.2463
3.2955
3.2402
3.1023
3.1386
3.1292
3.2111
3.2504
3.4328
3.1808
3.1915
3.2608
3.429
3.3781
3.1867
3.0178
3.0726
3.2241
3.2536
3.1235
3.1038
3.1459
3.3036
3.1725
3.1984
3.182
3.1993
3.2358
3.3389
3.1857
3.0872
3.1124
3.064
3.0958
3.1496
3.1511
3.1948
3.1965
3.1485
3.2026
3.1131
3.1062
3.1198
3.1322
3.0979
3.2922
3.3816
3.1293
