9.6575
11.24
7.6614
5.5228
4.2022
3.6358
3.4117
3.5681
4.2038
4.8114
4.8723
4.6749
4.5186
4.5473
4.514
4.4692
4.7173
5.707
6.4158
6.3639
6.3116
6.1683
5.8035
5.6271
5.9008
5.9225
5.8794
5.571
5.5683
5.7684
5.9595
5.78
5.5585
5.6505
5.7804
6.0218
5.9077
5.6887
5.7521
5.7492
5.8132
5.7733
5.5953
5.552
5.5834
5.7247
5.7931
5.9139
5.7506
5.9897
5.7848
5.6507
5.6897
5.6132
5.6756
5.8325
6.0267
5.9444
5.8557
5.7247
5.5862
5.4719
5.8084
5.6238
5.5542
5.4593
5.6619
6.0391
6.0196
5.8292
5.697
5.77
6.0367
5.8487
5.701
5.6317
5.8059
5.6855
5.7439
5.6718
5.628
5.5299
5.7918
5.9239
5.8362
5.9237
5.8282
5.7626
5.6585
5.6765
5.7429
5.7135
5.7003
5.7893
5.8542
5.8105
5.7282
5.7411
5.4886
5.5048
5.9931
