6.7737
12.565
8.455
6.0234
4.5905
4.0192
3.8598
4.1068
4.7219
5.1774
5.1544
4.944
4.7786
4.7893
4.7231
4.6245
4.7448
5.4927
6.0412
6.0037
6.0477
6.0149
5.7195
5.548
5.7562
5.6987
5.6033
5.2585
5.2104
5.3642
5.5319
5.3359
5.0793
5.1185
5.1983
5.4141
5.3094
5.0983
5.1581
5.1676
5.2452
5.2165
5.0376
4.9772
4.9802
5.0927
5.1542
5.2921
5.148
5.4101
5.2383
5.1009
5.1418
5.0546
5.0945
5.2423
5.4512
5.3932
5.3253
5.1985
5.0519
4.9058
5.2189
5.0361
4.9588
4.8278
4.9927
5.37
5.3932
5.2362
5.1097
5.1797
5.4603
5.3013
5.1631
5.0816
5.2462
5.1288
5.1864
5.1074
5.0494
4.9234
5.1584
5.2964
5.2253
5.3277
5.2573
5.2027
5.1038
5.1141
5.1652
5.1273
5.0991
5.1829
5.2615
5.2343
5.1591
5.1751
4.9075
4.8794
5.3495
