15.468
11.791
7.8959
5.6686
4.2982
3.6927
3.4111
3.4476
3.8371
4.2107
4.3913
4.6926
5.3109
5.925
5.9653
5.6869
5.4599
5.6401
5.6323
5.3109
5.3208
5.4138
5.2765
5.2133
5.5506
5.5978
5.5456
5.219
5.1997
5.3965
5.6233
5.452
5.1911
5.2419
5.3443
5.599
5.5188
5.3063
5.3695
5.4
5.4817
5.4574
5.2759
5.2096
5.2218
5.3511
5.434
5.5849
5.4275
5.6842
5.4998
5.3367
5.384
5.2997
5.3457
5.5115
5.7456
5.6844
5.6039
5.4538
5.296
5.1481
5.4928
5.3119
5.2202
5.0829
5.2686
5.6872
5.7244
5.5269
5.3554
5.4207
5.7316
5.578
5.4182
5.3212
5.5064
5.3979
5.4549
5.3715
5.3108
5.189
5.4478
5.6069
5.5332
5.6317
5.5461
5.4693
5.3601
5.3696
5.432
5.4038
5.378
5.4719
5.5585
5.5266
5.4389
5.4516
5.1696
5.1412
5.6531
