8.575
1.3932
1.8688
2.4829
3.2584
3.9003
4.402
4.6431
4.5136
4.1731
4.1044
4.3713
4.614
4.7711
4.9278
5.5998
7.0906
7.4872
6.7218
5.9626
5.5595
5.4132
5.5177
5.8925
6.024
5.7793
5.6555
5.8256
6.1642
6.419
6.159
6.0019
6.3027
6.443
6.5051
6.3499
6.1689
6.2214
6.4589
6.2794
6.2538
6.2941
6.2812
6.4116
6.4566
6.5107
6.408
6.1835
6.2208
6.1844
6.0399
6.3261
6.2853
6.3339
6.4385
6.3925
6.2066
6.1165
6.0414
6.1337
6.2901
6.5549
6.3594
6.2396
6.314
6.5802
6.6103
6.4283
6.0048
5.9014
6.1619
6.3675
6.248
6.0431
6.0647
6.381
6.3276
6.2794
6.2679
6.3065
6.3865
6.5368
6.4495
6.2773
6.2446
6.2039
6.1584
6.2502
6.2758
6.3613
6.4037
6.3187
6.3882
6.2938
6.2689
6.2505
6.2592
6.2536
6.4173
6.6289
6.4744
