4.7684
1.387
1.9565
2.6338
3.4518
4.1022
4.5409
4.6189
4.2666
3.7944
3.6761
3.8229
3.8536
3.6748
3.3886
3.2379
3.3324
3.2897
3.1902
3.2398
3.1311
2.9871
2.9854
3.0766
3.0094
2.9871
3.0115
3.1787
3.295
3.2902
3.049
3.0264
3.2435
3.2681
3.2812
3.145
3.0944
3.166
3.2986
3.1662
3.177
3.2013
3.2214
3.3124
3.2939
3.2963
3.2283
3.096
3.1732
3.1391
3.1177
3.2976
3.2285
3.2702
3.3127
3.2531
3.1134
3.1479
3.1428
3.2293
3.2723
3.4521
3.1983
3.2017
3.2662
3.4283
3.3763
3.1924
3.0335
3.0924
3.2489
3.282
3.1503
3.1283
3.1718
3.33
3.1988
3.2246
3.2119
3.2368
3.2864
3.4034
3.2544
3.1516
3.1739
3.1267
3.1611
3.2205
3.2275
3.2749
3.2775
3.227
3.2787
3.1861
3.1764
3.19
3.2045
3.1714
3.3674
3.4565
3.2001
