12.45
1.4725
2.0103
2.6841
3.5069
4.1734
4.6495
4.8126
4.6065
4.3103
4.3883
4.4492
4.1017
3.6544
3.476
3.4924
3.6347
3.5368
3.388
3.4549
3.4574
3.4137
3.4583
3.5557
3.4231
3.3098
3.3039
3.4748
3.6068
3.6
3.3392
3.3099
3.5353
3.5528
3.5363
3.3778
3.3252
3.4028
3.54
3.3942
3.3912
3.4124
3.431
3.5234
3.5007
3.4865
3.4002
3.2559
3.328
3.2986
3.2788
3.4563
3.3886
3.4279
3.4678
3.4059
3.2648
3.301
3.3051
3.3918
3.4365
3.6115
3.3529
3.3441
3.4129
3.5757
3.513
3.3071
3.1374
3.2
3.3656
3.4028
3.273
3.2559
3.3067
3.4678
3.3376
3.3536
3.3398
3.3605
3.4045
3.5099
3.3494
3.2336
3.2483
3.2032
3.2398
3.3022
3.3123
3.3593
3.3558
3.2963
3.3359
3.2349
3.2176
3.2163
3.2174
3.1761
3.3192
3.3384
3.0758
