8.1642
1.3165
1.899
2.5581
3.3614
4.0218
4.5305
4.7804
4.6974
4.4943
4.6294
4.7478
4.5477
4.155
3.897
3.854
4.0105
3.9888
3.9366
4.128
4.168
4.0373
3.9979
4.1275
4.0445
3.9016
3.8869
4.0898
4.3011
4.3602
4.0464
3.9678
4.2528
4.3788
4.4646
4.373
4.3567
4.4756
4.6212
4.4185
4.3876
4.4103
4.4374
4.5608
4.5827
4.6109
4.5342
4.3774
4.4644
4.4157
4.3388
4.5025
4.4168
4.4618
4.5149
4.4569
4.3127
4.3416
4.3353
4.4107
4.4559
4.6416
4.3845
4.3662
4.4526
4.6465
4.5881
4.3829
4.1778
4.2227
4.4011
4.437
4.2942
4.2624
4.3167
4.4943
4.3694
4.3747
4.373
4.4042
4.4594
4.5807
4.4315
4.3108
4.3257
4.2845
4.3048
4.3735
4.38
4.4361
4.4454
4.3833
4.4466
4.3522
4.341
4.3482
4.358
4.3315
4.5195
4.6343
4.3877
