8.8374
9.7814
7.2659
5.3822
4.1446
3.6238
3.4493
3.6966
4.7031
6.1314
6.7911
6.6594
6.2546
5.913
5.4997
5.1688
5.0096
5.2097
5.1844
4.815
4.7511
4.7727
4.5872
4.4465
4.716
4.7904
4.7613
4.4232
4.3432
4.4825
4.7556
4.6658
4.4306
4.4899
4.636
4.9589
4.9454
4.7479
4.7873
4.8072
4.8973
4.8802
4.6894
4.6038
4.597
4.7255
4.8451
5.0495
4.9288
5.2016
5.0365
4.8582
4.887
4.7838
4.8114
4.9843
5.245
5.2096
5.1388
4.9805
4.7993
4.61
4.9384
4.7895
4.7107
4.548
4.6975
5.119
5.2005
5.0424
4.877
4.918
5.2159
5.0793
4.9201
4.7947
4.9516
4.8478
4.9098
4.8233
4.7534
4.6165
4.8784
5.0822
5.0454
5.1581
5.0881
5.0088
4.8872
4.8776
4.9268
4.9081
4.8915
4.9975
5.106
5.0845
4.9903
4.9959
4.7006
4.642
5.1498
