3.4019
1.3775
1.9434
2.6011
3.4094
4.0844
4.6243
4.9384
4.966
4.9413
5.2894
5.4524
5.2149
4.753
4.4502
4.4037
4.5885
4.6037
4.5719
4.7942
4.9044
4.8096
4.7758
4.9515
4.9207
4.7414
4.7231
4.9567
5.26
5.4168
5.0922
4.9699
5.3127
5.5782
5.8257
5.9064
6.0383
6.1972
6.4352
6.2291
6.1969
6.227
6.2318
6.3936
6.4889
6.6186
6.6055
6.4828
6.6064
6.6523
6.5186
6.68
6.6008
6.6392
6.7418
6.7173
6.5981
6.595
6.5655
6.6096
6.6459
6.8391
6.6552
6.5523
6.6338
6.8855
6.9116
6.789
6.4852
6.4542
6.6492
6.7316
6.6165
6.491
6.5132
6.7114
6.6408
6.5943
6.5978
6.6287
6.6981
6.8352
6.7584
6.6303
6.5961
6.5738
6.5528
6.606
6.5914
6.6657
6.7088
6.6272
6.7007
6.6161
6.6168
6.5998
6.5844
6.5718
6.7078
6.9039
6.7923
