4.395
1.2911
1.8276
2.4619
3.2392
3.8542
4.2813
4.3929
4.1396
3.7641
3.7
3.9221
4.0753
4.088
4.01
4.0074
4.2303
4.2849
4.2942
4.4656
4.3432
4.0224
3.848
3.8748
3.7322
3.5963
3.5718
3.7385
3.8812
3.8702
3.5731
3.5225
3.7521
3.778
3.7685
3.6088
3.5493
3.6323
3.7828
3.6307
3.6274
3.6503
3.6725
3.7696
3.7593
3.7631
3.6829
3.5347
3.6123
3.5679
3.5264
3.7286
3.6543
3.6983
3.7467
3.6839
3.5339
3.5596
3.5528
3.6511
3.7011
3.8905
3.6242
3.6203
3.7013
3.8944
3.8457
3.638
3.4415
3.4892
3.6759
3.7194
3.5648
3.5168
3.5731
3.7544
3.6199
3.6336
3.6234
3.6552
3.7126
3.84
3.6925
3.5785
3.6006
3.5548
3.579
3.6449
3.6523
3.7022
3.7061
3.6507
3.7133
3.6221
3.6052
3.6169
3.6339
3.6002
3.8041
3.9137
3.6489
