8.1277
1.3952
1.9313
2.5771
3.3701
4.0018
4.4367
4.5394
4.2522
3.8528
3.7776
3.96
4.0229
3.9152
3.7656
3.7153
3.8831
3.8665
3.7279
3.8004
3.7167
3.4982
3.4219
3.4864
3.3603
3.2558
3.2485
3.4282
3.5835
3.5994
3.3163
3.2614
3.4782
3.5007
3.5021
3.35
3.2904
3.3671
3.507
3.3618
3.3626
3.382
3.4089
3.5126
3.5053
3.5136
3.4351
3.2829
3.3535
3.3109
3.2769
3.4666
3.3941
3.4421
3.4949
3.4329
3.2811
3.312
3.3056
3.3979
3.4469
3.6421
3.3814
3.3747
3.4495
3.6428
3.6076
3.3988
3.2021
3.2539
3.423
3.4617
3.3163
3.2795
3.3251
3.4947
3.3638
3.3857
3.3761
3.4081
3.4658
3.5953
3.4515
3.3349
3.3495
3.2996
3.3263
3.3876
3.394
3.4458
3.4539
3.4041
3.465
3.3741
3.3542
3.3623
3.3785
3.345
3.5534
3.6672
3.4022
