2.038
10.11
7.7666
5.7397
4.3751
3.7305
3.3739
3.2795
3.4711
3.6287
3.5447
3.2775
3.0193
2.8851
2.6238
1.8235
0.19598
0
0.13734
0.8422
1.4077
1.5925
1.3472
0.92454
0.79193
0.9232
1.0266
0.75243
0.43143
0.13344
0.16819
0.18368
0
0
0
0.064184
0.092327
0
0.0087768
0
0.031597
0
0
0
0
0
0
0.079355
0
0.20928
0.22624
0.0051145
0
0.027491
0.0026804
0.033753
0.145
0.30021
0.3817
0.30593
0
0
0.020774
0
0
0
0.011553
0.051619
0.29465
0.45571
0.27972
0.03861
0.15693
0.27308
0.2338
0
0.018144
0
0.020897
0.00095438
0
0
0
0.056788
0.0070438
0.080979
0.11399
0.04617
0
0
0.0025231
0
0
0.045995
0.0070519
0.0028163
0
0
0
0
0.0049353
