9.9594
1.7472
2.14
2.7843
3.6104
4.3121
4.8688
5.1761
5.1173
4.807
4.7825
5.3282
6.4362
7.1444
6.8834
6.4283
6.3322
6.2629
6.1108
6.1649
6.2434
6.1171
5.9914
6.0761
6.0776
5.9152
5.9053
6.0634
6.3002
6.3922
6.0733
5.9227
6.149
6.2884
6.3542
6.2047
6.0144
6.0616
6.3016
6.1269
6.1016
6.1389
6.1296
6.2649
6.3173
6.3716
6.2534
5.9948
5.9766
5.8895
5.7292
5.9968
5.9731
6.0894
6.2701
6.2507
6.0193
5.8894
5.787
5.8646
5.9778
6.3385
6.2052
6.0995
6.1755
6.4208
6.4263
6.2392
5.7995
5.682
5.9194
6.0851
5.9143
5.7025
5.7163
5.9939
5.95
5.9063
5.8907
5.9585
6.1025
6.378
6.2971
6.1204
6.0434
5.9677
5.8799
5.929
5.944
6.0651
6.174
6.1479
6.2488
6.1496
6.0751
6.0101
6.0155
6.0125
6.2665
6.4735
6.2936
