13.423
11.638
7.9857
5.7667
4.4092
3.8584
3.6933
3.9175
4.4785
4.8626
4.9606
5.0706
5.3561
5.7751
5.8705
5.6756
5.4448
5.5574
5.529
5.2867
5.4353
5.6912
5.6637
5.6097
5.8232
5.7306
5.6316
5.3265
5.3452
5.5579
5.7484
5.553
5.3038
5.3654
5.475
5.7176
5.6168
5.3999
5.4593
5.4595
5.5224
5.4818
5.2996
5.25
5.278
5.4224
5.5032
5.6372
5.4751
5.7165
5.5136
5.3599
5.3937
5.3105
5.3656
5.5273
5.7381
5.6665
5.5819
5.4424
5.294
5.1608
5.496
5.319
5.2509
5.1434
5.3405
5.7389
5.7524
5.5689
5.4226
5.4849
5.7605
5.5832
5.4299
5.3455
5.5155
5.396
5.4545
5.3796
5.3307
5.2239
5.4894
5.6441
5.5739
5.6735
5.5853
5.512
5.3992
5.4066
5.4658
5.4374
5.4242
5.524
5.6077
5.5733
5.4892
5.5004
5.2338
5.235
5.7564
