11.5
9.8137
7.1811
5.337
4.0906
3.5172
3.2209
3.1954
3.4746
3.709
3.6702
3.4552
3.2851
3.2905
3.2316
2.9755
2.6009
2.3778
2.2326
2.1716
2.4449
2.9074
3.1093
3.2162
3.7224
4.0827
4.2065
3.9337
3.8929
4.0886
4.3331
4.1503
3.8567
3.8781
3.982
4.241
4.1625
3.9372
3.9677
4.0211
4.1085
4.0742
3.8964
3.8253
3.8399
3.9789
4.0838
4.247
4.0792
4.3061
4.1285
3.9545
4.0013
3.914
3.9501
4.1217
4.3571
4.2874
4.2026
4.0555
3.8964
3.7433
4.0948
3.9436
3.8417
3.6843
3.8834
4.3334
4.4025
4.1987
4.0086
4.0627
4.3624
4.2056
4.0309
3.9153
4.0932
3.9998
4.0455
3.9553
3.8911
3.7743
4.044
4.2297
4.1616
4.242
4.1534
4.0635
3.9506
3.9508
4.0095
3.997
3.9698
4.0711
4.159
4.1237
4.0304
4.0343
3.7612
3.7163
4.2384
