2.6068
10.067
7.4048
5.4546
4.2209
3.7522
3.6745
3.994
4.5796
4.7956
4.6007
4.3402
4.2302
4.4327
4.677
4.823
4.9204
5.2615
5.4069
5.3467
5.5611
5.6869
5.4926
5.3764
5.6232
5.5915
5.5194
5.209
5.2047
5.3998
5.6036
5.4395
5.2175
5.2983
5.4203
5.6793
5.5999
5.4004
5.4752
5.4964
5.5897
5.5895
5.4466
5.4237
5.4747
5.6334
5.7141
5.8513
5.708
5.9615
5.7639
5.6292
5.6604
5.58
5.6427
5.8051
6.0116
5.9427
5.8569
5.7191
5.5681
5.4429
5.7756
5.6065
5.5593
5.4836
5.7027
6.0847
6.072
5.8949
5.7689
5.8339
6.0895
5.9075
5.7761
5.7154
5.8775
5.744
5.8011
5.734
5.6906
5.5837
5.8247
5.9424
5.8636
5.9687
5.8876
5.8339
5.7327
5.7453
5.7997
5.758
5.7397
5.8264
5.893
5.8607
5.7909
5.8059
5.5522
5.5545
6.0135
