5.3147
8.5003
6.6053
4.9973
3.8405
3.2851
2.9602
2.8567
3.0335
3.2227
3.2088
3.0215
2.8621
2.887
2.8726
2.607
2.0593
1.3108
0.68748
0.010575
0
0.40514
1.422
2.2605
3.0842
3.5145
3.6671
3.4612
3.4835
3.7399
4.0895
4.0168
3.7795
3.8016
3.8911
4.1558
4.1126
3.919
3.9537
3.9891
4.0742
4.0461
3.8752
3.8019
3.799
3.9157
4.0043
4.1681
4.0175
4.2664
4.1079
3.9369
3.9806
3.8953
3.9271
4.0863
4.3176
4.2805
4.2256
4.0642
3.9009
3.7422
4.0674
3.9109
3.8173
3.6549
3.8181
4.2288
4.3048
4.1524
3.9678
4.0164
4.3112
4.1982
4.0331
3.919
4.0863
3.991
4.0448
3.9584
3.8916
3.7634
4.0079
4.1763
4.1125
4.2007
4.1254
4.0497
3.9466
3.9508
4.0054
3.9865
3.9568
4.0489
4.1302
4.1037
4.0202
4.0267
3.7587
3.7048
4.1903
