6.806
1.4519
1.9718
2.6135
3.4093
4.0531
4.511
4.6369
4.3039
3.6251
3.2983
3.3614
3.4456
3.5245
3.6481
3.8145
4.1321
4.3221
4.5689
5.0383
5.1797
4.9046
4.6803
4.6834
4.5267
4.3009
4.228
4.409
4.6369
4.6626
4.3258
4.2181
4.4697
4.5264
4.5186
4.345
4.2463
4.3374
4.5373
4.3797
4.3678
4.3983
4.4205
4.5313
4.5396
4.5528
4.4592
4.2863
4.3606
4.3108
4.2386
4.4822
4.4164
4.4677
4.5291
4.462
4.2903
4.2828
4.2587
4.3712
4.4584
4.6718
4.4052
4.3714
4.4607
4.69
4.6579
4.4339
4.1708
4.184
4.4097
4.4968
4.3286
4.2306
4.2856
4.5146
4.394
4.3877
4.3767
4.4143
4.482
4.6229
4.4795
4.3392
4.3483
4.3025
4.3042
4.3815
4.4022
4.4639
4.4764
4.4101
4.4789
4.3842
4.3535
4.3596
4.3815
4.356
4.5637
4.7059
4.4447
