5.061
1.3954
2.0061
2.694
3.5251
4.2019
4.6962
4.8956
4.7288
4.3992
4.3864
4.7933
5.5183
6.552
7.0076
6.9058
6.6427
6.1185
5.5877
5.6158
5.8049
5.8799
5.9563
6.2457
6.2658
5.8907
5.6927
5.8278
6.126
6.2944
5.9233
5.6936
5.9344
6.0829
6.1202
5.8978
5.6692
5.7088
5.96
5.7795
5.7067
5.7038
5.7259
5.8905
5.9858
6.0548
5.9279
5.6513
5.6454
5.5881
5.4834
5.7777
5.7791
5.9083
6.0721
6.0219
5.7442
5.6216
5.5627
5.6954
5.8679
6.2769
6.1605
6.0191
6.0989
6.531
6.5992
6.3871
5.869
5.7084
5.9807
6.2317
6.1588
5.9853
6.0482
6.3431
6.2752
6.2244
6.218
6.2594
6.3415
6.4952
6.407
6.2379
6.1921
6.1651
6.1517
6.2234
6.2261
6.312
6.3585
6.2761
6.3483
6.2539
6.2308
6.2069
6.2095
6.2027
6.3746
6.595
6.4351
