5.3749
11.331
7.9388
5.7219
4.3699
3.8189
3.6424
3.8324
4.3302
4.6338
4.6069
4.5162
4.6232
5.0981
5.5547
5.727
5.7121
5.8714
5.7486
5.3484
5.304
5.3313
5.1115
4.9653
5.1998
5.1789
5.0901
4.7379
4.6787
4.839
5.0633
4.9132
4.6557
4.6813
4.7596
4.9958
4.9223
4.7145
4.7665
4.7932
4.8882
4.8702
4.687
4.6115
4.5987
4.7007
4.7709
4.9281
4.7875
5.049
4.878
4.708
4.7465
4.6641
4.7068
4.873
5.1095
5.0575
4.9729
4.8127
4.6421
4.4779
4.8127
4.6657
4.5874
4.4168
4.5467
4.9394
5
4.834
4.6576
4.6889
4.9924
4.8808
4.7514
4.6487
4.8015
4.686
4.7389
4.6476
4.5712
4.4171
4.6368
4.7991
4.7483
4.861
4.8072
4.7519
4.6497
4.6476
4.6862
4.6469
4.6089
4.6948
4.794
4.7808
4.7026
4.7162
4.426
4.352
4.828
