7.3381
10.421
7.4387
5.4303
4.1483
3.5968
3.3848
3.5861
4.5245
5.8535
6.4357
6.3601
6.0213
5.7583
5.4504
5.2192
5.1597
5.4802
5.6504
5.6529
6.0855
6.4885
6.4421
6.3793
6.6245
6.5244
6.3852
6.0382
6.0568
6.3086
6.5189
6.3205
6.0827
6.1681
6.2803
6.4958
6.3479
6.1047
6.1655
6.1643
6.2204
6.1761
5.9984
5.9557
5.9911
6.1306
6.1859
6.287
6.1053
6.3389
6.1237
5.9863
6.038
5.9743
6.0469
6.2058
6.397
6.3047
6.2081
6.0737
5.9449
5.8479
6.1962
5.9951
5.9153
5.8281
6.04
6.4081
6.3622
6.1442
6.0028
6.0962
6.387
6.1987
6.0437
5.9843
6.1837
6.0708
6.1331
6.0669
6.0304
5.9426
6.2121
6.3321
6.2273
6.3105
6.2072
6.1378
6.038
6.0669
6.146
6.1188
6.1054
6.1939
6.2505
6.1985
6.1148
6.1324
5.8837
5.9135
6.4107
