11.133
1.3228
1.8846
2.5394
3.335
3.971
4.4207
4.5522
4.2919
3.8749
3.7809
4.014
4.2302
4.386
4.5372
4.8773
5.8632
7.6511
8.0831
7.6006
7.1285
6.7801
6.6851
6.872
6.9431
6.7015
6.6072
6.7059
6.9605
7.1213
6.8446
6.6654
6.8825
7.0369
7.0804
6.938
6.7545
6.757
7.0027
6.8046
6.742
6.7349
6.6921
6.8248
6.8878
6.9591
6.8558
6.6289
6.642
6.6688
6.558
6.7801
6.7315
6.7833
6.9026
6.868
6.7088
6.6715
6.6391
6.709
6.7762
7.0099
6.8431
6.6936
6.7611
7.0443
7.0972
6.9274
6.546
6.4882
6.7356
6.8667
6.7491
6.5833
6.6128
6.8444
6.7966
6.7335
6.7274
6.7637
6.8501
7.0131
6.9436
6.7674
6.6998
6.673
6.6457
6.7147
6.717
6.813
6.8722
6.788
6.8595
6.7661
6.7389
6.704
6.7004
6.7012
6.8605
7.0956
6.9624
