6.2911
10.846
7.857
5.7446
4.4117
3.8675
3.706
3.9458
4.6029
5.1619
5.2282
5.0716
4.9486
5.021
5.1479
5.5626
6.1943
6.7724
6.7133
6.3392
6.3536
6.4143
6.1948
6.0702
6.2698
6.1598
6.0371
5.712
5.7202
5.9232
6.0877
5.8947
5.676
5.7516
5.8431
6.0436
5.9154
5.7095
5.7911
5.7961
5.866
5.8319
5.6645
5.6271
5.6528
5.7795
5.8277
5.9354
5.7757
6.0204
5.8158
5.6844
5.7276
5.6602
5.7242
5.8699
6.0509
5.967
5.8765
5.7481
5.6182
5.519
5.8488
5.6561
5.588
5.497
5.6855
6.0323
5.9953
5.8043
5.6692
5.7426
6.0173
5.8362
5.6832
5.6021
5.7573
5.619
5.6626
5.5774
5.5187
5.3991
5.6311
5.7419
5.65
5.7418
5.6555
5.596
5.4952
5.5114
5.5705
5.534
5.5143
5.5997
5.6661
5.6287
5.5524
5.5672
5.3113
5.3102
5.7766
