8.9978
1.3463
1.9463
2.624
3.4493
4.144
4.7043
5.0051
4.8487
4.292
3.9866
4.0661
4.1139
4.0257
3.8971
3.8597
4.0006
3.9026
3.56
3.4781
3.4592
3.4804
3.6253
3.8908
3.901
3.8016
3.856
4.2929
4.8645
4.9372
4.4825
4.2376
4.3976
4.4271
4.4305
4.2916
4.2419
4.3229
4.4891
4.3323
4.3392
4.3914
4.4291
4.5541
4.5741
4.5963
4.5204
4.3711
4.4593
4.4426
4.4077
4.6122
4.5358
4.5893
4.6537
4.593
4.4374
4.4652
4.4626
4.5487
4.6023
4.8054
4.5417
4.5084
4.6018
4.8271
4.7827
4.5569
4.3276
4.3839
4.5906
4.635
4.4718
4.4198
4.4799
4.6732
4.5449
4.5375
4.5345
4.5735
4.6387
4.7731
4.6232
4.4836
4.4956
4.4616
4.4799
4.5552
4.5614
4.6196
4.6303
4.5611
4.6293
4.5337
4.5133
4.5201
4.5377
4.5139
4.7147
4.8524
4.5905
