14.073
13.156
8.6368
6.1124
4.6475
4.063
3.8942
4.127
4.7198
5.1601
5.133
4.9176
4.7406
4.7279
4.6241
4.4645
4.4686
5.0506
5.5124
5.5131
5.6718
5.758
5.5338
5.386
5.5985
5.5468
5.4634
5.1406
5.1199
5.3042
5.4992
5.3255
5.0872
5.1385
5.2237
5.4406
5.3367
5.1289
5.1927
5.2035
5.2818
5.2542
5.0781
5.021
5.0258
5.1384
5.1976
5.3324
5.188
5.4505
5.2763
5.1401
5.1822
5.0976
5.14
5.2867
5.4918
5.4312
5.3614
5.2347
5.0905
4.9493
5.263
5.0777
5.0018
4.8751
5.0421
5.4148
5.4313
5.2723
5.1464
5.2188
5.5002
5.3399
5.2016
5.1224
5.2881
5.1699
5.228
5.1502
5.0935
4.9689
5.2032
5.3371
5.2641
5.3672
5.2966
5.2429
5.1448
5.1566
5.2084
5.1697
5.1418
5.2251
5.3014
5.2732
5.1993
5.2164
4.9512
4.9269
5.3944
