5.0391
1.5062
2.0334
2.687
3.4964
4.1478
4.5997
4.7209
4.4533
4.0703
4.0178
4.157
3.9958
3.666
3.4965
3.5153
3.7229
3.7341
3.6332
3.5851
3.304
3.0624
3.0387
3.1252
3.0381
2.9984
3.0216
3.1894
3.3041
3.3009
3.0754
3.068
3.2829
3.2874
3.2816
3.1458
3.1093
3.184
3.3073
3.167
3.173
3.195
3.2106
3.2983
3.2811
3.288
3.2276
3.0989
3.171
3.1285
3.0987
3.264
3.1903
3.2313
3.2756
3.2239
3.0932
3.1293
3.1207
3.1952
3.2296
3.4028
3.1568
3.1714
3.2438
3.4048
3.3551
3.1762
3.0216
3.0763
3.2203
3.2419
3.1102
3.0939
3.1344
3.2814
3.1487
3.1794
3.1721
3.1957
3.2422
3.357
3.2163
3.1259
3.1537
3.1045
3.133
3.1855
3.187
3.2314
3.2342
3.1894
3.2462
3.1596
3.1537
3.1659
3.1753
3.1381
3.3289
3.4176
3.1721
