4.0763
1.3362
1.912
2.5795
3.3822
4.0063
4.4072
4.4542
4.1311
3.7412
3.6791
3.8509
3.8981
3.7412
3.3873
3.0637
2.9822
2.8699
2.8379
3.0356
3.1397
3.1405
3.1886
3.2788
3.1377
3.0239
3.0077
3.1742
3.3098
3.3226
3.0753
3.0477
3.2681
3.287
3.2829
3.137
3.092
3.1758
3.3171
3.1744
3.1754
3.1924
3.2118
3.3058
3.2877
3.2917
3.2247
3.0908
3.1684
3.1358
3.1088
3.303
3.2431
3.2855
3.3238
3.2511
3.0976
3.1277
3.1288
3.2338
3.2966
3.4889
3.219
3.2001
3.2573
3.427
3.3812
3.1844
3.0116
3.0744
3.2538
3.3161
3.1902
3.1538
3.1936
3.3547
3.2233
3.2521
3.2458
3.2776
3.3333
3.4592
3.3167
3.2106
3.2326
3.185
3.2138
3.2728
3.2768
3.3257
3.332
3.2836
3.3437
3.253
3.2372
3.2474
3.2625
3.2276
3.4321
3.5392
3.2762
