5.0456
1.7985
2.1226
2.7242
3.523
4.2099
4.7796
5.1592
5.3212
5.5746
6.1938
6.8331
6.7966
6.4758
6.13
5.9957
6.1792
6.2724
6.2056
6.3126
6.4293
6.3002
6.1648
6.2658
6.2672
6.0489
6.0082
6.1639
6.4271
6.5464
6.2126
6.0337
6.2692
6.425
6.491
6.3389
6.1611
6.1807
6.3926
6.179
6.1442
6.1694
6.1649
6.3074
6.3675
6.4393
6.3446
6.1252
6.1393
6.1305
5.9972
6.1852
6.1101
6.1661
6.2834
6.255
6.1076
6.0918
6.0502
6.1094
6.1587
6.3862
6.2007
6.112
6.2033
6.4925
6.5675
6.4529
6.1228
6.0726
6.2638
6.3507
6.2157
6.065
6.0796
6.2879
6.2111
6.1705
6.1706
6.2112
6.2979
6.4712
6.4268
6.3032
6.2654
6.2302
6.1909
6.2343
6.2179
6.2979
6.3534
6.2877
6.3828
6.3163
6.3031
6.2739
6.2614
6.2438
6.4227
6.7014
6.6862
