3.2143
10.681
7.8385
5.7459
4.3929
3.795
3.5249
3.5643
3.8948
4.0983
3.976
3.6903
3.441
3.3415
3.1655
2.8455
2.4371
2.0721
1.295
0.10012
0
0.067157
0.23736
0.27877
0.4348
0.68818
0.76677
0.41625
0
0
0.0065409
0
0
0
0
0.029061
0
0
0.0051551
0
0.0076949
0
0
0
0
0
0
0.041955
0
0.14736
0.067052
0.00070199
0
0.025071
0.00046553
0.023618
0.064422
0.097173
0.038748
0.0039888
0
0
0.0087338
0
0
0
0.0087919
0.03019
0.13886
0.16146
0.0027826
0.0062537
0.082679
0.090406
0
0
0.013425
0
0.012069
0
0
0
0
0.030604
0.0053325
0.037591
0.0023882
0.018328
0
0
0.0011664
0
0
0.040233
0
0
0
0
0
0
0.0040886
