1.2581
9.6106
7.5303
5.5828
4.2544
3.627
3.2884
3.2518
3.6232
4.0837
4.2643
4.2482
4.3436
4.7639
5.3263
5.8687
6.2327
6.6146
6.5779
6.2809
6.3934
6.5964
6.5284
6.5245
6.8098
6.7175
6.5869
6.2562
6.3002
6.5599
6.7448
6.5251
6.2809
6.3655
6.4864
6.7269
6.6118
6.4086
6.5105
6.5344
6.6007
6.5629
6.3946
6.3654
6.4187
6.5719
6.6278
6.7203
6.5328
6.7633
6.5504
6.4303
6.4813
6.4156
6.4923
6.652
6.8375
6.7386
6.645
6.5195
6.3921
6.3001
6.6486
6.4374
6.3543
6.2855
6.5212
6.8959
6.8276
6.5918
6.4584
6.5561
6.8308
6.6223
6.4689
6.4204
6.6198
6.4945
6.5465
6.4779
6.4449
6.3671
6.6441
6.7577
6.6419
6.7167
6.6059
6.538
6.4395
6.4714
6.5555
6.5277
6.5166
6.6063
6.66
6.6042
6.5179
6.5347
6.2917
6.3382
6.8458
