8.1157
11.842
7.7235
5.5031
4.1671
3.5858
3.3163
3.3344
3.6429
3.8926
3.967
4.1835
4.7547
5.4467
5.6318
5.4494
5.2747
5.546
5.7629
5.7707
6.0924
6.3075
6.1301
6.0092
6.2576
6.1745
6.0409
5.6898
5.6892
5.9077
6.1062
5.8989
5.6473
5.7303
5.851
6.0943
5.9801
5.7597
5.8408
5.873
5.9435
5.9075
5.7289
5.6822
5.7215
5.8728
5.9527
6.0776
5.8978
6.1374
5.9247
5.7713
5.8214
5.7454
5.8109
5.9803
6.1904
6.0986
6.0034
5.8588
5.7151
5.5987
5.9624
5.7667
5.6802
5.5839
5.8159
6.2274
6.2038
5.967
5.7999
5.8822
6.1784
5.9889
5.8237
5.7464
5.9423
5.823
5.8769
5.8026
5.7602
5.6675
5.9495
6.0919
5.9947
6.0809
5.9763
5.8945
5.7846
5.8022
5.8762
5.8506
5.8344
5.933
6.0054
5.957
5.8668
5.8801
5.6138
5.6298
6.1564
