8.7706
1.4498
1.9696
2.6272
3.4325
4.074
4.5089
4.5948
4.271
3.8293
3.7144
3.8375
3.8477
3.6763
3.4359
3.3036
3.4014
3.3592
3.2862
3.4211
3.4226
3.2905
3.195
3.2058
3.0789
3.0232
3.0355
3.1937
3.2988
3.2832
3.0385
3.0222
3.244
3.2603
3.2565
3.1071
3.056
3.1301
3.2627
3.129
3.1399
3.1628
3.1832
3.2754
3.2543
3.2519
3.1771
3.0398
3.1127
3.0775
3.052
3.2318
3.1658
3.2077
3.2509
3.1907
3.0498
3.0823
3.0763
3.1628
3.2057
3.3852
3.1335
3.1365
3.2002
3.3574
3.3031
3.1183
2.958
3.0122
3.163
3.1972
3.068
3.0467
3.0904
3.2473
3.1177
3.1463
3.135
3.1594
3.208
3.3242
3.1756
3.0731
3.0935
3.0439
3.0757
3.133
3.1412
3.1894
3.1933
3.1452
3.1962
3.103
3.0921
3.1039
3.1173
3.0835
3.2776
3.3646
3.1087
