8.6817
1.369
1.9455
2.6123
3.4162
4.0484
4.469
4.5562
4.2842
3.9119
3.8514
3.9652
3.8543
3.6536
3.5837
3.5853
3.5778
3.3612
3.2483
3.4271
3.5064
3.4814
3.5139
3.6211
3.4733
3.3268
3.3063
3.4828
3.6345
3.6514
3.3785
3.3469
3.5983
3.6412
3.6471
3.4886
3.4198
3.5074
3.6631
3.5081
3.5006
3.5109
3.5403
3.6597
3.6703
3.6972
3.6169
3.4454
3.5042
3.4456
3.3826
3.5821
3.508
3.5644
3.6343
3.5722
3.3993
3.4114
3.3916
3.4858
3.5426
3.7618
3.5102
3.5007
3.5869
3.8122
3.8089
3.5944
3.3548
3.3854
3.5587
3.6117
3.4619
3.4064
3.4602
3.6651
3.5615
3.5961
3.6056
3.6653
3.7597
3.9456
3.8545
3.7284
3.7255
3.6664
3.6648
3.7261
3.7392
3.818
3.8613
3.8322
3.9352
3.8738
3.8423
3.8391
3.8856
3.9131
4.2021
4.4313
4.2202
