7.2998
10.058
7.2824
5.4
4.1617
3.6347
3.4498
3.6522
4.285
4.8183
4.8472
4.652
4.5041
4.5453
4.5222
4.4551
4.5675
5.3229
6.0451
6.1911
6.2954
6.2435
5.9112
5.7227
5.965
5.9394
5.826
5.4372
5.3656
5.5217
5.6959
5.4853
5.2164
5.2756
5.393
5.6443
5.546
5.3292
5.3977
5.4271
5.5107
5.485
5.3108
5.2633
5.2934
5.4355
5.5135
5.6463
5.4794
5.7259
5.5341
5.3884
5.4358
5.3545
5.4092
5.5728
5.7859
5.7087
5.6249
5.4877
5.342
5.2102
5.5548
5.368
5.2821
5.1657
5.3708
5.7767
5.7825
5.585
5.4375
5.5127
5.7978
5.6169
5.4592
5.3771
5.5617
5.4466
5.5009
5.4216
5.3711
5.2653
5.5323
5.678
5.5902
5.6778
5.5848
5.5122
5.4067
5.4219
5.4887
5.4617
5.4407
5.5325
5.607
5.5649
5.4775
5.4909
5.2238
5.2224
5.7322
