9.8278
1.2488
1.8123
2.4566
3.2437
3.8885
4.3812
4.5809
4.3482
3.8742
3.7003
3.8309
3.89
3.8144
3.7019
3.5981
3.6097
3.4605
3.3394
3.5144
3.6234
3.6377
3.7014
3.8575
3.7436
3.5716
3.5479
3.7894
4.0503
4.0723
3.6936
3.526
3.7042
3.7286
3.7389
3.6009
3.5541
3.6385
3.7828
3.6278
3.6266
3.6532
3.6783
3.7781
3.7696
3.7739
3.6944
3.5453
3.6202
3.576
3.5368
3.7189
3.6379
3.6849
3.7386
3.6793
3.5301
3.5616
3.5529
3.6351
3.6781
3.8696
3.6115
3.6107
3.696
3.8913
3.8447
3.6361
3.4461
3.5049
3.6755
3.7016
3.5491
3.5181
3.5707
3.7402
3.604
3.62
3.6146
3.6482
3.7056
3.8329
3.6869
3.5729
3.5957
3.5513
3.5748
3.6367
3.6394
3.6885
3.6936
3.6401
3.7043
3.6147
3.5981
3.6082
3.6236
3.5897
3.7926
3.9043
3.6407
