6.9546
1.3348
1.898
2.5625
3.3629
3.9873
4.3931
4.4453
4.1178
3.7149
3.6423
3.8026
3.8313
3.6752
3.4084
3.1894
3.1961
3.1181
3.0779
3.2636
3.3339
3.2967
3.3351
3.4545
3.3384
3.2236
3.2117
3.3939
3.5566
3.5873
3.3159
3.2747
3.5144
3.5551
3.5637
3.4086
3.3432
3.4284
3.5842
3.4302
3.4253
3.4364
3.4646
3.5783
3.5817
3.6039
3.5254
3.3616
3.4275
3.3763
3.3244
3.5311
3.464
3.5196
3.5787
3.5059
3.3323
3.3502
3.3383
3.4457
3.5153
3.7381
3.4724
3.4505
3.5214
3.7337
3.7175
3.5031
3.2778
3.3208
3.5065
3.5707
3.4251
3.3653
3.4059
3.5864
3.4576
3.4809
3.4756
3.5166
3.5869
3.737
3.6061
3.4782
3.4827
3.4239
3.436
3.4948
3.4988
3.5565
3.5734
3.5267
3.599
3.5077
3.4749
3.4741
3.4896
3.454
3.6789
3.8272
3.56
