3.279
9.9287
7.1991
5.3131
4.0766
3.5376
3.308
3.3939
3.8033
4.1152
4.1342
4.049
4.1299
4.599
5.1804
5.5788
5.7539
6.0034
5.8601
5.3766
5.2525
5.2404
5.0427
4.9469
5.2962
5.3965
5.3755
5.0522
5.0212
5.2169
5.4761
5.3342
5.0812
5.1354
5.2476
5.5135
5.4393
5.2201
5.2794
5.3172
5.4079
5.3867
5.1991
5.1267
5.135
5.2614
5.3454
5.4972
5.333
5.5791
5.3863
5.2003
5.2336
5.1453
5.1956
5.3802
5.6334
5.5721
5.4758
5.3006
5.1203
4.9537
5.3131
5.165
5.0822
4.9258
5.1078
5.545
5.5925
5.3821
5.1759
5.1994
5.4941
5.3546
5.1948
5.0779
5.2511
5.1366
5.1856
5.0931
5.0226
4.8873
5.1398
5.3088
5.2409
5.3421
5.2653
5.1891
5.0765
5.0761
5.1291
5.0988
5.0677
5.1636
5.2613
5.2354
5.1457
5.1572
4.864
4.8141
5.3316
