3.3903
9.7728
7.0812
5.2107
3.974
3.4084
3.1099
3.0595
3.2924
3.5055
3.4867
3.2852
3.0804
3.0508
3.4959
4.1259
4.4939
4.809
4.6403
4.0823
3.8582
3.7933
3.5704
3.3912
3.6764
3.8549
3.8474
3.4881
3.37
3.5138
3.844
3.7653
3.4786
3.4697
3.5704
3.8715
3.8526
3.6273
3.628
3.6882
3.7993
3.7809
3.5938
3.487
3.4584
3.5666
3.6806
3.8803
3.7258
3.949
3.7741
3.541
3.5614
3.4671
3.4948
3.7001
4.0111
3.9843
3.8827
3.6788
3.46
3.2432
3.5965
3.5294
3.4427
3.2185
3.354
3.8518
4.0228
3.8231
3.54
3.4976
3.8076
3.7363
3.5723
3.4052
3.5563
3.483
3.5285
3.4176
3.3153
3.1383
3.3638
3.5952
3.5743
3.6752
3.6217
3.5312
3.4077
3.3809
3.4126
3.398
3.3539
3.453
3.5794
3.5795
3.4857
3.4835
3.1724
3.0258
3.525
