9.3914
1.265
1.8283
2.4781
3.2658
3.8941
4.3423
4.4852
4.2588
3.8936
3.8261
4.0391
4.1687
4.0993
3.8558
3.6993
3.793
3.7462
3.683
3.7693
3.606
3.3479
3.271
3.3352
3.2308
3.1625
3.1669
3.3286
3.4421
3.4214
3.1684
3.1455
3.3625
3.3766
3.3702
3.2264
3.1834
3.2588
3.3901
3.2528
3.2593
3.2847
3.3015
3.3867
3.3622
3.3578
3.2891
3.1617
3.2414
3.207
3.1824
3.3607
3.2881
3.321
3.3558
3.2989
3.1701
3.2088
3.2077
3.2932
3.329
3.493
3.2354
3.2447
3.3162
3.4747
3.4164
3.2372
3.0878
3.149
3.3117
3.3417
3.2035
3.178
3.2255
3.3809
3.2445
3.2669
3.2557
3.2789
3.3249
3.436
3.2885
3.1966
3.2293
3.1876
3.222
3.2809
3.2849
3.3266
3.3238
3.2724
3.3258
3.2379
3.235
3.2525
3.2662
3.231
3.4181
3.4991
3.2475
