4.7582
1.5107
2.0621
2.7311
3.5503
4.2053
4.6455
4.7346
4.4235
3.9827
3.8539
3.9799
4.0159
4.009
4.1582
4.2911
4.0977
3.617
3.3807
3.5307
3.619
3.604
3.6362
3.7366
3.5826
3.4379
3.4171
3.5853
3.7202
3.7186
3.4518
3.425
3.6631
3.6879
3.68
3.5215
3.4612
3.5411
3.6818
3.5258
3.5201
3.5386
3.562
3.6623
3.6541
3.6612
3.5814
3.4284
3.4993
3.4539
3.4089
3.6042
3.5356
3.5823
3.6327
3.5694
3.4155
3.4408
3.4314
3.5256
3.5803
3.7747
3.5114
3.5063
3.5851
3.7782
3.7342
3.5233
3.3225
3.3661
3.5371
3.5924
3.4571
3.413
3.4646
3.6646
3.5671
3.6121
3.6315
3.7007
3.7826
3.9368
3.8118
3.6903
3.7015
3.6501
3.6639
3.7291
3.7395
3.8053
3.8297
3.7835
3.8597
3.769
3.7292
3.7191
3.7276
3.6887
3.9055
4.0461
3.7807
