4.1888
1.455
2.0302
2.7066
3.5303
4.1941
4.6524
4.7578
4.4285
3.9692
3.8723
4.0674
4.1503
4.0505
3.9027
3.8924
4.1286
4.1805
4.0002
3.9551
3.7084
3.3706
3.1759
3.155
3.0395
3.0088
3.0366
3.2055
3.319
3.3073
3.0565
3.0304
3.2453
3.2641
3.2708
3.1299
3.08
3.1504
3.2802
3.1457
3.1543
3.1741
3.1933
3.2867
3.2711
3.2776
3.2093
3.0704
3.1411
3.1022
3.0748
3.2501
3.1787
3.2222
3.2695
3.2135
3.0749
3.1086
3.1004
3.1846
3.2252
3.4062
3.1558
3.1622
3.2289
3.3972
3.3534
3.1654
2.9945
3.0452
3.1965
3.2282
3.0993
3.0788
3.1212
3.2781
3.1471
3.1747
3.1623
3.1876
3.2382
3.3579
3.215
3.1143
3.1347
3.086
3.1197
3.1771
3.1819
3.2285
3.2322
3.1842
3.2388
3.1498
3.1403
3.1523
3.1653
3.1311
3.3286
3.4238
3.1708
