8.5014
1.4312
1.9548
2.6025
3.4017
4.0432
4.4936
4.6223
4.3645
3.9798
3.9157
4.1312
4.241
4.1807
4.0745
4.1111
4.4222
4.6234
4.633
4.7025
4.454
4.0636
3.8969
3.9345
3.8443
3.7565
3.7696
3.9738
4.17
4.2204
3.9295
3.8373
4.0512
4.0975
4.1134
3.9579
3.8653
3.9248
4.073
3.919
3.8989
3.9112
3.9321
4.0375
4.0434
4.0539
3.9637
3.7907
3.8461
3.798
3.757
3.9519
3.879
3.9271
3.9819
3.9185
3.7568
3.7754
3.7689
3.8602
3.9154
4.1176
3.8604
3.8346
3.9142
4.1283
4.1073
3.8895
3.6611
3.6992
3.8829
3.9306
3.777
3.7284
3.7794
3.9645
3.8402
3.8461
3.8349
3.8692
3.9325
4.0702
3.9296
3.7966
3.8011
3.7545
3.7767
3.8456
3.8564
3.9134
3.9239
3.8663
3.928
3.8363
3.8111
3.815
3.8337
3.8065
4.016
4.1448
3.8838
