12.558
9.1959
6.8734
5.1576
3.9781
3.4558
3.2214
3.274
3.6068
3.8166
3.7791
3.7184
3.8492
4.159
4.2333
4.0584
3.8454
4.0158
4.3262
4.66
5.3917
5.857
5.7273
5.517
5.6445
5.5024
5.348
4.9782
4.9332
5.1056
5.3133
5.1365
4.8751
4.9216
5.0154
5.2586
5.1773
4.9647
5.0209
5.0509
5.1335
5.1082
4.923
4.8435
4.828
4.9276
4.9942
5.1502
5.0085
5.2843
5.127
4.9733
5.0169
4.9177
4.9461
5.1019
5.3411
5.2989
5.2433
5.1088
4.9471
4.7736
5.0941
4.9081
4.8124
4.6518
4.8034
5.2031
5.2672
5.1173
4.9784
5.0491
5.352
5.2072
5.0639
4.9678
5.1394
5.0217
5.0744
4.9894
4.9235
4.7853
5.0234
5.1805
5.12
5.2354
5.1729
5.1089
5.0028
5.0037
5.0518
5.0156
4.9804
5.0715
5.166
5.1463
5.0682
5.0834
4.7938
4.739
5.2268
