6.1811
1.3072
1.9191
2.6171
3.4555
4.1576
4.7203
5.0242
4.8808
4.3385
4.0388
4.1305
4.1973
4.1248
3.9941
3.953
4.0933
3.9848
3.499
3.2555
3.1414
3.1197
3.2387
3.4258
3.3515
3.2344
3.2207
3.4396
3.6696
3.6045
3.2154
3.0736
3.2299
3.2279
3.225
3.1025
3.0779
3.148
3.2679
3.1411
3.1594
3.2017
3.233
3.3347
3.3273
3.3369
3.2846
3.1715
3.2587
3.2345
3.2183
3.3848
3.3125
3.35
3.3902
3.3384
3.2129
3.2555
3.255
3.3293
3.3624
3.5276
3.2769
3.2857
3.3605
3.5201
3.4608
3.2775
3.131
3.1977
3.3503
3.3702
3.2365
3.2238
3.27
3.419
3.2846
3.3077
3.3003
3.3243
3.3701
3.4797
3.3312
3.2373
3.27
3.2309
3.2657
3.3227
3.3246
3.3666
3.3645
3.313
3.3665
3.2793
3.2775
3.2938
3.3068
3.2735
3.4581
3.5394
3.2887
