10.082
1.2942
1.8987
2.5784
3.3898
4.0313
4.4696
4.5812
4.3309
3.9911
3.9971
4.1561
3.9655
3.5969
3.4023
3.4011
3.584
3.5603
3.4577
3.54
3.4891
3.3897
3.4179
3.5437
3.4344
3.3335
3.3346
3.5137
3.6563
3.6614
3.4016
3.3791
3.6168
3.6399
3.6322
3.4766
3.4209
3.5034
3.6456
3.4917
3.4894
3.51
3.5342
3.6354
3.6262
3.6316
3.55
3.397
3.4686
3.4225
3.3837
3.5803
3.5076
3.5564
3.6094
3.5459
3.3924
3.4206
3.4158
3.5087
3.5592
3.7547
3.4914
3.4848
3.5608
3.7488
3.6999
3.487
3.2908
3.3418
3.5216
3.5656
3.4194
3.3818
3.4331
3.6055
3.4725
3.4917
3.4827
3.5132
3.5684
3.6942
3.5462
3.4302
3.4481
3.3988
3.4242
3.4884
3.4963
3.5487
3.556
3.5047
3.5662
3.4736
3.4542
3.463
3.4791
3.4457
3.6526
3.7643
3.4979
