7.913
1.2284
1.8089
2.4609
3.2452
3.8621
4.2847
4.3813
4.1022
3.699
3.6238
3.8524
4.0477
4.1588
4.2403
4.4258
4.957
5.6875
5.4371
4.8731
4.4481
4.2623
4.3305
4.5276
4.4691
4.3071
4.2673
4.4398
4.6297
4.6726
4.378
4.3049
4.5568
4.6301
4.6347
4.4694
4.3759
4.4445
4.6213
4.4547
4.4275
4.4433
4.4762
4.617
4.6571
4.6911
4.5964
4.4113
4.4839
4.4573
4.4117
4.6462
4.581
4.6484
4.7298
4.6592
4.4667
4.4683
4.4564
4.5612
4.6382
4.8824
4.623
4.5632
4.6477
4.9061
4.8944
4.6393
4.3488
4.3771
4.6022
4.6763
4.507
4.4256
4.4844
4.704
4.5897
4.5778
4.5673
4.6122
4.6929
4.8543
4.7136
4.5408
4.5237
4.4752
4.4847
4.5671
4.5858
4.6618
4.6879
4.6194
4.6893
4.5866
4.5416
4.5348
4.5577
4.5401
4.7705
4.9525
4.6838
