10.629
1.496
1.9982
2.6388
3.4372
4.0809
4.531
4.6476
4.3541
3.9227
3.821
3.9917
4.0455
3.9095
3.7135
3.6542
3.8579
3.9752
3.9987
4.0826
3.8715
3.6082
3.5141
3.5554
3.4447
3.3597
3.3552
3.5273
3.6746
3.6808
3.4022
3.3408
3.5469
3.569
3.5734
3.4197
3.3449
3.4018
3.5281
3.382
3.3765
3.3902
3.4067
3.4982
3.4861
3.492
3.4191
3.2747
3.3434
3.2996
3.2663
3.4452
3.3713
3.4134
3.4592
3.4012
3.2579
3.2861
3.2753
3.3605
3.4043
3.5889
3.3373
3.339
3.41
3.5893
3.5507
3.3603
3.1827
3.2306
3.3893
3.4221
3.284
3.2528
3.2959
3.4596
3.3297
3.3518
3.3395
3.3671
3.4207
3.5449
3.403
3.2977
3.3175
3.2701
3.3
3.3591
3.3643
3.412
3.416
3.3653
3.4214
3.3325
3.3201
3.331
3.3453
3.312
3.5117
3.6123
3.3587
