11.334
1.5031
1.994
2.6258
3.4244
4.0943
4.6233
4.8908
4.751
4.3097
4.1207
4.3031
4.4751
4.5369
4.5239
4.649
5.198
5.9818
5.7457
5.1949
4.7395
4.4829
4.4982
4.712
4.6495
4.4186
4.3236
4.4717
4.6508
4.6421
4.2428
4.0871
4.3012
4.3489
4.3472
4.1804
4.0486
4.0581
4.1524
3.9172
3.8019
3.7198
3.6753
3.7351
3.7
3.6809
3.5765
3.4059
3.4651
3.4156
3.3755
3.5551
3.4751
3.516
3.5621
3.4984
3.3486
3.3797
3.3739
3.4595
3.5033
3.6902
3.4316
3.4273
3.5023
3.6844
3.6345
3.4291
3.2505
3.3109
3.4785
3.5103
3.3665
3.3385
3.3876
3.5533
3.4203
3.4391
3.4295
3.4588
3.5131
3.6357
3.4868
3.3742
3.3961
3.3521
3.3826
3.4456
3.4522
3.5018
3.5054
3.4518
3.5085
3.4163
3.4011
3.4129
3.4302
3.3987
3.6004
3.7032
3.4386
