7.6623
1.2169
1.7882
2.4339
3.213
3.826
4.2503
4.3629
4.1249
3.7856
3.7491
3.976
4.1072
4.0622
3.917
3.8716
4.0539
3.9027
3.4829
3.3525
3.2468
3.1815
3.2535
3.416
3.3464
3.2605
3.2491
3.4221
3.5846
3.6308
3.3836
3.3624
3.6054
3.6447
3.653
3.5037
3.4456
3.5268
3.6749
3.5263
3.5243
3.5438
3.5693
3.6742
3.6727
3.6865
3.6092
3.4543
3.5238
3.4766
3.4334
3.6206
3.5433
3.5928
3.6512
3.5933
3.4398
3.466
3.4534
3.5396
3.5863
3.7866
3.5333
3.5318
3.6135
3.8171
3.7868
3.5779
3.3706
3.4148
3.5812
3.6139
3.462
3.4231
3.4706
3.6448
3.5143
3.5329
3.5245
3.5591
3.6208
3.757
3.6186
3.5014
3.5149
3.4633
3.4834
3.5428
3.5469
3.5988
3.6085
3.5581
3.6234
3.5344
3.5137
3.52
3.5342
3.4995
3.7088
3.8315
3.5728
