6.3587
1.3808
1.9078
2.554
3.35
3.9947
4.4654
4.6365
4.4253
4.0429
3.9491
4.1573
4.3632
4.3226
3.9517
3.6636
3.6704
3.5784
3.4739
3.5545
3.4536
3.2764
3.2488
3.3364
3.244
3.1775
3.178
3.3348
3.4429
3.422
3.174
3.1476
3.3657
3.3903
3.3907
3.2445
3.1884
3.2558
3.3876
3.2574
3.2646
3.2904
3.3114
3.4037
3.3887
3.3859
3.3122
3.1807
3.2563
3.2248
3.2034
3.3849
3.3209
3.3549
3.3882
3.3288
3.1955
3.2305
3.2293
3.316
3.3574
3.5245
3.269
3.2728
3.3411
3.4978
3.4402
3.2622
3.1123
3.1732
3.3347
3.3723
3.2359
3.21
3.2557
3.4122
3.2781
3.2989
3.287
3.3098
3.3563
3.4679
3.3188
3.2219
3.2509
3.2086
3.2421
3.3029
3.3115
3.3558
3.3538
3.3012
3.3519
3.2614
3.2553
3.2716
3.2875
3.2547
3.4426
3.5241
3.2712
