5.1653
1.2164
1.7943
2.4587
3.244
3.8338
4.1855
4.1824
3.8547
3.4882
3.4375
3.579
3.5822
3.5148
3.5331
3.5814
3.6244
3.4386
3.3217
3.4941
3.5728
3.5566
3.6024
3.7332
3.5947
3.4313
3.4016
3.5825
3.752
3.7851
3.4985
3.4565
3.7187
3.7759
3.7907
3.6273
3.5473
3.6404
3.8138
3.656
3.648
3.6544
3.6891
3.8237
3.8519
3.8947
3.8062
3.609
3.6543
3.5796
3.4962
3.7042
3.6261
3.6916
3.776
3.7122
3.5232
3.525
3.4959
3.5949
3.6598
3.9033
3.6559
3.6413
3.7306
3.9826
4.0005
3.7736
3.4937
3.5064
3.681
3.7362
3.577
3.5077
3.5606
3.7778
3.6796
3.717
3.7313
3.8023
3.9146
4.1302
4.064
3.9296
3.9123
3.842
3.8223
3.8791
3.889
3.9738
4.027
3.9976
4.1059
4.0327
3.969
3.9311
3.9403
3.9096
4.1635
4.3844
4.1402
