4.2645
1.2415
1.8159
2.4665
3.2535
3.8794
4.3217
4.4511
4.204
3.8233
3.7244
3.767
3.6372
3.418
3.3161
3.3224
3.4541
3.3962
3.3347
3.4737
3.3936
3.1917
3.1405
3.2113
3.1043
3.0343
3.0366
3.1982
3.3143
3.3019
3.0468
3.0209
3.2359
3.2471
3.2406
3.0937
3.044
3.1038
3.201
3.0471
3.0483
3.0693
3.081
3.1604
3.1298
3.1236
3.0588
2.931
2.9953
2.9449
2.9083
3.0496
2.9756
3.0055
3.0378
2.992
2.8805
2.9243
2.9189
2.9855
3.0091
3.1586
2.9179
2.9427
3.0072
3.1397
3.0775
2.9195
2.7964
2.8528
2.9802
2.9955
2.8788
2.8772
2.9142
3.0477
2.9167
2.9523
2.9427
2.9592
2.9969
3.0982
2.9564
2.8838
2.9191
2.873
2.9095
2.9571
2.9572
2.9952
2.9929
2.9499
2.9992
2.9156
2.923
2.94
2.9456
2.9082
3.0822
3.146
2.914
