1.5552
10.007
7.8632
5.8204
4.4723
3.8962
3.6781
3.812
4.2782
4.6236
4.5761
4.3521
4.1778
4.1666
4.0514
3.8006
3.5598
3.733
3.9475
3.9339
4.2912
4.7031
4.7614
4.7476
5.0644
5.137
5.1302
4.8435
4.8529
5.0949
5.3847
5.2684
5.0423
5.1145
5.2309
5.4872
5.4069
5.1964
5.2628
5.2969
5.3854
5.3657
5.1917
5.132
5.1427
5.2647
5.3363
5.4785
5.3232
5.5862
5.4089
5.2495
5.2986
5.2168
5.2618
5.4195
5.6429
5.5832
5.5062
5.3602
5.2092
5.0656
5.3999
5.2121
5.122
4.9868
5.1662
5.568
5.6023
5.4247
5.2686
5.3428
5.65
5.4955
5.3345
5.2389
5.4211
5.3095
5.3652
5.2819
5.2207
5.0957
5.344
5.4916
5.4166
5.5201
5.4433
5.3739
5.2691
5.2808
5.3401
5.3069
5.2772
5.3659
5.4479
5.4171
5.3361
5.3536
5.0777
5.0489
5.5431
