13.582
12.944
8.4619
5.9801
4.5303
3.9304
3.7094
3.836
4.2466
4.4669
4.3663
4.1751
4.118
4.2845
4.3103
4.1133
3.8969
4.1459
4.5257
4.8321
5.5433
6.0644
5.9873
5.8187
5.981
5.8543
5.6746
5.2434
5.1364
5.3771
5.6577
5.4495
5.1666
5.2294
5.3502
5.5949
5.4486
5.1906
5.2356
5.2644
5.3048
5.2406
5.0623
5.0221
5.088
5.2593
5.3379
5.4289
5.1972
5.3842
5.1515
5.0018
5.0713
5.0141
5.0954
5.2737
5.4655
5.3371
5.2227
5.0785
4.9558
4.8788
5.2766
5.0756
4.971
4.8902
5.1718
5.5918
5.5264
5.2291
5.0387
5.1344
5.4303
5.2173
5.0335
4.9684
5.1969
5.093
5.1403
5.0673
5.0366
4.9772
5.2911
5.4239
5.2886
5.3352
5.1997
5.1048
5.0057
5.0428
5.1441
5.1411
5.1306
5.2328
5.2802
5.2059
5.107
5.1196
4.8809
4.9351
5.4905
