6.8252
10.621
7.5471
5.4876
4.2008
3.6708
3.4886
3.6375
4.042
4.2195
4.0764
3.8481
3.7524
3.8844
3.8962
3.6669
3.3498
3.3697
3.4536
3.1347
2.8591
3.2004
3.8209
4.0939
4.3195
4.1731
4.0052
3.6674
3.6644
3.9163
4.2138
4.0637
3.7877
3.8249
3.9565
4.2453
4.1778
3.9471
3.9648
4.002
4.0806
4.0354
3.8484
3.7761
3.7983
3.9563
4.0792
4.243
4.0583
4.2552
4.0421
3.8474
3.8813
3.7944
3.8401
4.0235
4.2594
4.1767
4.0681
3.9031
3.7362
3.5903
3.9602
3.8386
3.7563
3.6134
3.8341
4.3053
4.3681
4.1357
3.9131
3.9408
4.2258
4.0639
3.8861
3.7695
3.95
3.8709
3.9284
3.846
3.7904
3.6885
3.9792
4.1795
4.1074
4.1675
4.0544
3.947
3.8255
3.8265
3.8931
3.8942
3.8804
3.9888
4.0738
4.0282
3.9236
3.9178
3.6483
3.6199
4.1646
