9.4947
11.223
7.7549
5.6321
4.3179
3.7771
3.5963
3.7699
4.2532
4.5868
4.6734
4.8071
5.0532
5.2957
5.2095
4.9866
4.859
5.1407
5.3119
5.1785
5.2764
5.3571
5.1807
5.0917
5.3871
5.3981
5.3343
5.0179
5.0081
5.2074
5.429
5.2619
5.0175
5.0815
5.193
5.4393
5.3481
5.1346
5.2009
5.2306
5.3175
5.2941
5.1139
5.0582
5.0832
5.2274
5.3212
5.4734
5.3173
5.5697
5.3833
5.2311
5.2769
5.1955
5.2493
5.4185
5.6405
5.5695
5.4854
5.3441
5.1951
5.0573
5.4035
5.2316
5.1544
5.0331
5.234
5.6519
5.6701
5.4738
5.3161
5.3785
5.6649
5.4969
5.3447
5.2604
5.4445
5.3416
5.4118
5.3459
5.3073
5.2147
5.5062
5.6861
5.6207
5.7167
5.6223
5.5421
5.4279
5.4391
5.5109
5.4993
5.5018
5.624
5.7323
5.7119
5.638
5.6802
5.4675
5.5272
6.0775
