10.17
9.7801
6.9433
5.118
3.9529
3.5066
3.4641
4.0312
5.2546
5.9459
5.7808
5.4235
5.1766
5.1473
5.0273
4.8481
4.7769
5.1963
5.8296
6.52
7.3132
7.6314
7.3756
7.1647
7.3246
7.1654
7.006
6.65
6.6596
6.8808
7.0437
6.8064
6.5646
6.6772
6.8302
7.107
6.9978
6.7801
6.8672
6.8816
6.9526
6.9462
6.8114
6.7901
6.8431
6.9906
7.0314
7.1189
6.9467
7.1851
6.9756
6.8696
6.903
6.8274
6.8969
7.0424
7.2236
7.142
7.0663
6.951
6.8159
6.7156
7.0331
6.8075
6.7367
6.689
6.9152
7.2613
7.198
6.9995
6.8989
6.9932
7.238
7.0207
6.883
6.8427
7.0182
6.8713
6.922
6.8624
6.8313
6.7485
7.0063
7.1063
7.01
7.1114
7.0132
6.9548
6.8518
6.8732
6.9437
6.9023
6.8904
6.9789
7.0304
6.9896
6.9202
6.9363
6.6953
6.7295
7.1954
