7.6702
1.5053
2.0339
2.7036
3.5287
4.2089
4.7186
4.9822
4.8166
3.7708
3.1251
3.0269
3.0447
3.1093
3.2422
3.3509
3.4749
3.2538
3.0042
3.068
3.1213
3.1529
3.2595
3.4028
3.2925
3.1703
3.1414
3.3073
3.4592
3.4976
3.2612
3.2388
3.4939
3.5424
3.5345
3.3573
3.285
3.3641
3.5207
3.3968
3.4104
3.4359
3.4682
3.5821
3.5895
3.6118
3.5366
3.3777
3.4398
3.3922
3.3489
3.5372
3.4699
3.5254
3.5913
3.5343
3.3729
3.3857
3.3668
3.4534
3.5069
3.719
3.4774
3.4678
3.5384
3.7224
3.6773
3.4763
3.2811
3.3225
3.487
3.531
3.3892
3.3445
3.3852
3.5593
3.4372
3.4568
3.4436
3.4758
3.5406
3.6858
3.5443
3.4253
3.4364
3.3863
3.4082
3.4679
3.4774
3.5367
3.5551
3.5071
3.5626
3.4678
3.4457
3.4519
3.4704
3.4426
3.6553
3.7641
3.4975
