5.4643
1.5003
2.0192
2.6874
3.5063
4.1581
4.5891
4.6438
4.2597
3.7769
3.6666
3.8218
3.8577
3.6841
3.4137
3.2762
3.376
3.3218
3.2097
3.2847
3.2306
3.0781
3.0137
3.0619
2.9851
2.9745
3.0075
3.1733
3.2805
3.2668
3.0245
3.0062
3.223
3.2392
3.241
3.0964
3.0448
3.1135
3.2412
3.106
3.1151
3.1359
3.1525
3.241
3.2197
3.2214
3.1546
3.0224
3.0966
3.0622
3.0392
3.214
3.1455
3.1864
3.2297
3.172
3.0345
3.069
3.0629
3.1468
3.1874
3.3652
3.1152
3.1202
3.182
3.3389
3.2877
3.1091
2.9534
3.01
3.1614
3.1946
3.0681
3.0487
3.0892
3.243
3.1127
3.141
3.1278
3.1512
3.1995
3.316
3.169
3.0702
3.0926
3.0451
3.0803
3.1376
3.1439
3.1906
3.1939
3.1455
3.1965
3.1047
3.0967
3.1101
3.1233
3.0901
3.2845
3.3715
3.1186
