18.677
12.19
7.9317
5.6786
4.304
3.6961
3.4259
3.5303
4.1013
4.6682
4.8442
4.8607
5.067
5.5584
5.9435
6.1908
6.3394
6.6045
6.5282
6.2414
6.3474
6.5271
6.4456
6.4444
6.721
6.6351
6.532
6.2375
6.2899
6.5288
6.6932
6.4919
6.2845
6.3843
6.5048
6.73
6.6085
6.4129
6.5139
6.5213
6.5886
6.5496
6.3869
6.365
6.4149
6.5648
6.6136
6.7005
6.5212
6.7453
6.5259
6.4193
6.4651
6.4059
6.4872
6.6381
6.807
6.7085
6.6129
6.4966
6.3764
6.2962
6.63
6.4272
6.3568
6.2939
6.5151
6.8665
6.7903
6.5698
6.4459
6.5354
6.7946
6.5894
6.4503
6.4119
6.5984
6.4748
6.5323
6.4689
6.4387
6.3612
6.6263
6.731
6.6194
6.6916
6.5807
6.5197
6.4239
6.4578
6.5392
6.5107
6.5047
6.5894
6.6355
6.5806
6.4996
6.5143
6.284
6.3364
6.8181
