8.1869
1.385
1.9393
2.6167
3.4345
4.0867
4.5346
4.6346
4.3128
3.8557
3.7399
3.9075
4.0036
3.897
3.5644
3.355
3.4192
3.3641
3.2767
3.3612
3.3073
3.2052
3.234
3.3602
3.3071
3.2698
3.2952
3.4812
3.6302
3.6462
3.3898
3.3539
3.5942
3.6537
3.6887
3.5548
3.4868
3.5677
3.7249
3.587
3.5927
3.6216
3.6495
3.7524
3.7462
3.7494
3.6649
3.514
3.5903
3.5542
3.5292
3.7322
3.6656
3.7155
3.7659
3.6985
3.5389
3.5639
3.5586
3.6555
3.7126
3.9138
3.6524
3.6366
3.7066
3.8945
3.8455
3.638
3.4445
3.5006
3.6828
3.7301
3.5841
3.5444
3.5952
3.7756
3.647
3.6607
3.6483
3.6799
3.7388
3.8688
3.7156
3.5883
3.6001
3.5523
3.58
3.6493
3.6623
3.7187
3.727
3.6697
3.7262
3.6277
3.6052
3.6143
3.6335
3.6051
3.814
3.9256
3.656
