7.4285
1.3631
1.885
2.5373
3.3321
3.9563
4.3698
4.4312
4.097
3.6654
3.5424
3.5805
3.4468
3.1986
3.0285
2.9817
3.1233
3.1128
3.0778
3.2183
3.2153
3.1146
3.1052
3.1831
3.0853
3.0286
3.0344
3.192
3.3029
3.2953
3.0513
3.0322
3.255
3.2761
3.2773
3.1282
3.073
3.1418
3.2693
3.1334
3.1463
3.1716
3.1954
3.2922
3.2783
3.2844
3.2137
3.0744
3.1442
3.1028
3.0716
3.2478
3.1812
3.2278
3.2771
3.2224
3.0839
3.1158
3.1042
3.1866
3.2277
3.4109
3.1635
3.1746
3.2426
3.4099
3.3683
3.1911
3.024
3.0686
3.2127
3.2435
3.1124
3.088
3.1278
3.284
3.1549
3.186
3.1759
3.2019
3.2531
3.3756
3.2374
3.1403
3.1598
3.1055
3.1302
3.1826
3.1874
3.236
3.2434
3.199
3.2563
3.1681
3.1567
3.1651
3.1749
3.1387
3.3371
3.4407
3.2056
