0.98249
8.6494
6.6474
4.9693
3.8312
3.3434
3.1512
3.2494
3.6693
4.1789
4.6436
4.9228
5.0665
5.1467
4.9195
4.4889
4.1136
4.0779
3.8637
3.4201
3.3472
3.4598
3.37
3.2445
3.443
3.4617
3.3644
2.9853
2.8351
2.9043
3.1488
3.048
2.7444
2.6637
2.682
2.9251
2.9348
2.7454
2.7178
2.739
2.8529
2.8402
2.6498
2.5026
2.3822
2.3948
2.4679
2.711
2.6541
2.9525
2.8896
2.7184
2.745
2.6276
2.5899
2.7269
3.026
3.081
3.0711
2.9453
2.7501
2.4893
2.7279
2.6323
2.5256
2.2226
2.1865
2.5725
2.8545
2.8462
2.6924
2.6961
3.0199
3.0012
2.8893
2.7383
2.8587
2.8065
2.8802
2.7915
2.6943
2.4927
2.6583
2.879
2.8966
3.0256
3.0188
2.9663
2.8612
2.8316
2.8397
2.81
2.7539
2.8341
2.9619
2.986
2.9117
2.9077
2.5967
2.3924
2.7833
