6.8956
1.4416
1.9938
2.6464
3.4447
4.0673
4.4656
4.5194
4.2219
3.8842
3.8928
4.18
4.4274
4.5561
4.3427
3.9946
3.8103
3.5516
3.3497
3.4775
3.5551
3.5325
3.5564
3.6455
3.474
3.3023
3.2642
3.438
3.596
3.6159
3.3398
3.2956
3.53
3.5588
3.5467
3.3726
3.2932
3.3705
3.5175
3.3656
3.3551
3.3576
3.3607
3.4415
3.4074
3.3828
3.2903
3.1399
3.204
3.1605
3.126
3.311
3.2485
3.2938
3.3393
3.2734
3.1174
3.1367
3.1284
3.2238
3.2807
3.4753
3.2215
3.2054
3.2575
3.4223
3.3626
3.1532
2.9772
3.0267
3.1826
3.2237
3.0957
3.066
3.0969
3.241
3.106
3.136
3.1266
3.1503
3.1968
3.3118
3.1702
3.0801
3.1086
3.0603
3.0909
3.1431
3.1437
3.1872
3.1897
3.1446
3.2004
3.1134
3.1076
3.1208
3.1309
3.0938
3.2857
3.3738
3.1258
