7.6036
1.3822
1.9291
2.5714
3.3642
4.0047
4.4646
4.6088
4.3534
3.9494
3.881
4.1265
4.3026
4.3598
4.3887
4.5462
4.9714
5.266
5.1597
5.0681
4.925
4.8109
4.8841
5.2138
5.3882
5.3084
5.2761
5.4865
5.7949
5.9202
5.5752
5.4325
5.7113
5.8549
5.8985
5.7093
5.537
5.5971
5.8444
5.673
5.6262
5.6452
5.6812
5.8546
5.9649
6.0615
5.9645
5.7057
5.7045
5.6324
5.5074
5.7459
5.6811
5.7669
5.8988
5.8516
5.6268
5.5641
5.5162
5.6064
5.7014
6.0084
5.8068
5.6963
5.7974
6.1822
6.3506
6.1714
5.7172
5.6021
5.8113
5.9118
5.7082
5.526
5.5516
5.8091
5.736
5.6889
5.6742
5.7352
5.854
6.0939
6.0482
5.8515
5.7685
5.6881
5.6248
5.6822
5.6882
5.7845
5.8498
5.7838
5.8851
5.8
5.7259
5.6734
5.6757
5.6591
5.9054
6.2133
6.0477
