9.6625
1.3636
1.8916
2.5366
3.3233
3.9351
4.3275
4.358
3.9801
3.4204
3.2245
3.3416
3.4413
3.4994
3.5827
3.5269
3.3112
2.9578
2.8161
2.9417
2.9508
2.8788
2.9031
2.977
2.8682
2.8192
2.8283
2.985
3.091
3.086
2.8677
2.8609
3.0643
3.0632
3.0621
2.9368
2.9136
2.9901
3.1122
2.9789
2.993
3.0164
3.029
3.1099
3.0834
3.0884
3.0352
2.9166
2.9955
2.9598
2.9344
3.0986
3.0265
3.0608
3.0986
3.048
2.9277
2.9721
2.9659
3.0434
3.0743
3.236
2.9823
3.0018
3.0669
3.2156
3.1608
2.9975
2.8631
2.9231
3.0656
3.0937
2.9688
2.9536
2.9935
3.1466
3.021
3.0619
3.0572
3.0853
3.1354
3.2529
3.1146
3.0336
3.0678
3.0216
3.0553
3.1082
3.1088
3.1509
3.1529
3.1073
3.1632
3.0757
3.0726
3.0885
3.098
3.0602
3.252
3.3378
3.0915
