6.893
10.301
7.6605
5.6375
4.3311
3.7852
3.5951
3.7572
4.2362
4.5938
4.752
5.0687
5.6642
6.1596
6.0644
5.6984
5.4262
5.6217
5.7439
5.6463
5.8584
6.0172
5.8469
5.7261
5.9472
5.8722
5.7659
5.432
5.4121
5.5856
5.7646
5.5837
5.3465
5.407
5.4994
5.7311
5.6426
5.4469
5.5257
5.5469
5.6257
5.6008
5.4262
5.3672
5.375
5.4927
5.5567
5.6957
5.5504
5.813
5.6357
5.4968
5.5371
5.4524
5.4967
5.6471
5.861
5.8041
5.7361
5.6061
5.4563
5.3129
5.6305
5.4381
5.3567
5.2338
5.4067
5.7882
5.8077
5.6388
5.5046
5.5766
5.8646
5.7052
5.5646
5.4842
5.6539
5.5327
5.5893
5.5116
5.4551
5.3331
5.5741
5.7111
5.6382
5.7432
5.6668
5.607
5.5042
5.5155
5.5717
5.5345
5.5089
5.5959
5.6743
5.6463
5.5693
5.5844
5.3145
5.2919
5.77
