9.4435
1.3689
1.943
2.6208
3.4371
4.086
4.5207
4.5748
4.1275
3.4156
3.1597
3.2717
3.38
3.4448
3.524
3.6047
3.7482
3.5343
3.1892
3.1419
3.1122
3.1094
3.2196
3.3797
3.2891
3.1801
3.153
3.3135
3.4521
3.466
3.2169
3.1925
3.4184
3.4317
3.4127
3.2461
3.1899
3.2685
3.4083
3.2698
3.2772
3.2986
3.321
3.4169
3.4013
3.4042
3.3286
3.1838
3.2561
3.2153
3.1855
3.3645
3.2909
3.3375
3.3876
3.3284
3.184
3.2182
3.2106
3.2958
3.3381
3.5249
3.2691
3.2725
3.3429
3.5183
3.4702
3.2743
3.099
3.1525
3.3075
3.3363
3.2008
3.18
3.2268
3.3893
3.2579
3.2841
3.274
3.3026
3.3557
3.4775
3.3303
3.2233
3.2435
3.1948
3.2259
3.2854
3.2909
3.3396
3.3443
3.2942
3.3504
3.2596
3.2477
3.2603
3.2746
3.2404
3.441
3.5395
3.2797
