5.576
11.026
7.7776
5.6515
4.3021
3.6991
3.4093
3.4167
3.7374
4.004
4.0104
3.8864
3.9139
4.3633
4.9605
5.2573
5.3413
5.6981
5.9
5.8971
6.2689
6.57
6.4366
6.3162
6.5563
6.488
6.3918
6.0785
6.1297
6.4055
6.6253
6.4129
6.1494
6.2249
6.3588
6.6216
6.5115
6.282
6.3533
6.3651
6.4274
6.3871
6.2135
6.1826
6.2441
6.4196
6.5001
6.6089
6.4217
6.6492
6.4224
6.2802
6.34
6.2897
6.3762
6.5447
6.7409
6.6432
6.5388
6.3975
6.2686
6.1774
6.5353
6.3309
6.2504
6.1743
6.3981
6.767
6.7077
6.4671
6.3117
6.4068
6.7044
6.5104
6.3486
6.2912
6.4954
6.3772
6.4339
6.3642
6.3269
6.244
6.523
6.6441
6.535
6.6155
6.5033
6.4247
6.3198
6.3498
6.435
6.4114
6.4029
6.4968
6.5532
6.4967
6.4081
6.4248
6.1757
6.2131
6.7187
