2.7844
11.264
8.0851
5.8416
4.4474
3.8506
3.6128
3.7317
4.2031
4.58
4.6969
4.786
4.9906
5.3029
5.3871
5.4075
5.4512
5.5881
5.3781
4.9443
4.8901
4.9294
4.733
4.5803
4.7843
4.7633
4.6884
4.3496
4.2808
4.4125
4.6244
4.4749
4.2033
4.2084
4.2862
4.5594
4.5608
4.4284
4.5352
4.5903
4.6894
4.668
4.4742
4.3766
4.3307
4.3953
4.4449
4.6072
4.4765
4.7732
4.6553
4.4929
4.512
4.3796
4.3556
4.4707
4.7078
4.6987
4.6703
4.5438
4.3673
4.142
4.3999
4.2127
4.0967
3.8525
3.8695
4.1983
4.3312
4.2744
4.1676
4.2245
4.5475
4.4802
4.3775
4.2716
4.4195
4.3184
4.3814
4.2921
4.2028
4.0084
4.1724
4.3267
4.3027
4.45
4.4486
4.4259
4.3419
4.3388
4.364
4.3149
4.2587
4.3331
4.4477
4.4636
4.4045
4.4282
4.1248
3.9912
4.4127
