17.097
13.027
8.5578
6.0649
4.5694
3.8987
3.5751
3.5892
3.9775
4.3302
4.3643
4.2326
4.204
4.4438
4.712
4.9785
5.2289
5.6618
5.6834
5.2906
5.245
5.3358
5.2395
5.2177
5.5952
5.6645
5.6128
5.2943
5.3466
5.6873
6.0269
5.8708
5.5851
5.6061
5.6797
5.9032
5.7888
5.5655
5.6382
5.6689
5.7425
5.7104
5.5348
5.4911
5.5323
5.6846
5.7667
5.8957
5.7205
5.9671
5.7721
5.6265
5.6779
5.598
5.6576
5.8256
6.0392
5.9548
5.8683
5.7292
5.5848
5.4592
5.8155
5.6201
5.5306
5.4268
5.6533
6.0652
6.0475
5.8231
5.6691
5.7528
6.0426
5.8519
5.6886
5.6113
5.8069
5.6893
5.741
5.6629
5.6172
5.5204
5.7987
5.9411
5.8425
5.9267
5.8276
5.7516
5.6461
5.6648
5.7378
5.7115
5.6914
5.7869
5.8602
5.8132
5.7234
5.7386
5.4722
5.4831
6.0083
