7.471
1.471
2.0148
2.6774
3.4808
4.0952
4.4512
4.4066
3.9898
3.5052
3.3411
3.3724
3.3237
3.22
3.1824
3.133
3.1054
2.9639
2.9545
3.1704
3.2549
3.2227
3.2391
3.3052
3.1533
3.0498
3.0343
3.1833
3.2899
3.2853
3.0498
3.0371
3.2511
3.2542
3.2516
3.1122
3.0713
3.1429
3.2666
3.1202
3.1291
3.1473
3.1628
3.2516
3.2329
3.2438
3.1814
3.0454
3.1178
3.0729
3.0392
3.2063
3.1297
3.1738
3.2225
3.1701
3.039
3.0797
3.0666
3.1446
3.1777
3.3554
3.1034
3.123
3.1891
3.3535
3.3044
3.1276
2.9694
3.0226
3.1663
3.192
3.0657
3.0487
3.0864
3.2417
3.1138
3.1492
3.1355
3.1552
3.1909
3.2941
3.1441
3.0533
3.0802
3.0288
3.0588
3.1085
3.1065
3.1483
3.1516
3.1064
3.1624
3.0741
3.0691
3.0828
3.0915
3.0546
3.2486
3.3377
3.0921
