5.1913
9.1591
7.0362
5.2579
4.0306
3.4605
3.1574
3.1145
3.3766
3.6274
3.6333
3.4356
3.2335
3.438
4.1068
4.4032
4.3513
4.5159
4.4931
4.1936
4.1976
4.2351
3.9837
3.7562
3.9127
3.9194
3.8685
3.5578
3.5213
3.7259
4.0273
3.9134
3.636
3.6374
3.7407
4.0455
4.0345
3.8291
3.846
3.8854
3.9713
3.9388
3.7592
3.6806
3.6863
3.8272
3.9436
4.1196
3.9586
4.1823
3.9962
3.8047
3.8468
3.7689
3.814
3.998
4.2519
4.1969
4.1069
3.9428
3.7686
3.6034
3.9516
3.8226
3.7392
3.581
3.7538
4.1729
4.2432
4.0463
3.8435
3.883
4.1942
4.0641
3.8966
3.7737
3.9449
3.8608
3.9165
3.8293
3.7627
3.6414
3.9106
4.1061
4.0513
4.1384
4.0524
3.9576
3.8384
3.8348
3.8926
3.8874
3.8704
3.9785
4.0701
4.0372
3.9428
3.944
3.6694
3.616
4.1202
