15.908
11.519
7.7207
5.5957
4.2345
3.578
3.1833
3.0283
3.1895
3.4405
3.5007
3.3358
3.1405
2.9786
3.0668
3.6245
4.1984
4.7425
4.772
4.4582
4.5349
4.757
4.7174
4.6989
4.9792
4.9121
4.7589
4.3934
4.3835
4.6326
4.862
4.6352
4.3291
4.3598
4.4718
4.7347
4.6445
4.4282
4.488
4.5453
4.618
4.5754
4.4053
4.3587
4.4051
4.5612
4.6481
4.7687
4.5679
4.7783
4.5781
4.4222
4.4819
4.4091
4.4698
4.647
4.8595
4.76
4.6635
4.5226
4.3825
4.2676
4.6418
4.4639
4.3657
4.2559
4.5033
4.927
4.9073
4.6493
4.4646
4.545
4.8406
4.6531
4.4806
4.3986
4.6056
4.5058
4.5527
4.4739
4.4309
4.3478
4.6416
4.7933
4.6844
4.7457
4.633
4.5427
4.4393
4.4606
4.5422
4.5346
4.5168
4.6192
4.6844
4.627
4.5319
4.5413
4.2883
4.2998
4.8381
