9.8264
1.1993
1.7345
2.3651
3.1346
3.7481
4.1908
4.3332
4.1082
3.7493
3.6913
3.9054
4.0355
4.0106
3.9175
3.8841
3.9638
3.5716
3.0518
2.9497
2.9321
2.9644
3.1018
3.2635
3.1609
3.0454
3.0109
3.1562
3.272
3.2678
3.0217
2.9982
3.2149
3.2354
3.2465
3.1155
3.0784
3.1569
3.2924
3.1606
3.1801
3.2119
3.2449
3.3532
3.3509
3.3702
3.3076
3.1696
3.2467
3.2045
3.1676
3.3491
3.2741
3.3218
3.3753
3.3177
3.1731
3.2071
3.1961
3.2829
3.3275
3.5207
3.2632
3.2679
3.3402
3.5211
3.4778
3.2822
3.1034
3.1575
3.3151
3.3459
3.2061
3.1761
3.2182
3.3812
3.2483
3.274
3.2626
3.2909
3.3449
3.4708
3.329
3.2258
3.2477
3.1969
3.2232
3.2796
3.2826
3.33
3.3354
3.2875
3.3488
3.2596
3.2458
3.257
3.2697
3.2326
3.4362
3.5419
3.2835
