13.344
11.621
8.1568
5.907
4.5033
3.8985
3.6508
3.7481
4.1714
4.4904
4.5721
4.6398
4.8452
5.1754
5.2257
5.0526
4.889
5.0914
5.2266
5.247
5.7284
6.1671
6.1217
6.0309
6.2573
6.1791
6.0758
5.7586
5.7927
6.0542
6.283
6.1005
5.8656
5.9498
6.074
6.324
6.2286
6.0397
6.1434
6.1659
6.2336
6.1981
6.0296
5.9932
6.0324
6.1765
6.2401
6.3584
6.2043
6.4621
6.2656
6.1425
6.1876
6.1189
6.1835
6.3297
6.516
6.4361
6.3538
6.2325
6.1045
6.001
6.3238
6.1128
6.0365
5.9543
6.1538
6.5076
6.4715
6.279
6.1567
6.2493
6.5272
6.3383
6.1919
6.1365
6.32
6.1945
6.2509
6.1824
6.1409
6.0428
6.2928
6.4044
6.3119
6.4091
6.3185
6.26
6.1606
6.1842
6.2531
6.2159
6.199
6.2842
6.3431
6.3027
6.2285
6.2467
5.9993
6.017
6.4879
