4.6195
1.3924
1.9137
2.5561
3.3554
4.0192
4.5327
4.7484
4.4911
3.9394
3.6954
3.7701
3.7627
3.6115
3.4296
3.1986
3.0996
2.9268
2.8636
3.0113
3.0326
2.9587
2.9521
2.9812
2.8395
2.7818
2.7881
2.9378
3.0326
3.0158
2.8033
2.7992
2.9995
3.0016
3.0025
2.8763
2.8468
2.9111
3.0203
2.8907
2.901
2.9241
2.9332
3.0087
2.9773
2.9748
2.9237
2.8136
2.8912
2.8624
2.8463
2.9931
2.9216
2.9509
2.9838
2.9371
2.8249
2.8703
2.8679
2.9349
2.9582
3.1083
2.8686
2.8884
2.9512
3.0876
3.0321
2.8734
2.7516
2.8154
2.9474
2.9639
2.8465
2.8434
2.878
3.0085
2.8762
2.9092
2.8979
2.9153
2.954
3.0561
2.9145
2.8399
2.8762
2.836
2.8772
2.9256
2.9244
2.96
2.9554
2.9099
2.9572
2.8744
2.8823
2.9006
2.9091
2.873
3.0475
3.1117
2.8766
