5.8437
1.727
2.1639
2.8154
3.6429
4.332
4.845
5.0652
4.9088
4.5802
4.6282
4.727
4.3843
3.9546
3.7878
3.8039
3.9032
3.7814
3.7032
3.9056
3.9974
3.9458
3.9404
4.0305
3.8732
3.7021
3.6786
3.8636
4.0301
4.044
3.7503
3.7041
3.9621
4.0153
4.0156
3.845
3.7635
3.8486
4.0138
3.8543
3.8388
3.8536
3.8837
4.004
4.0184
4.0376
3.9473
3.7698
3.8298
3.7794
3.7257
3.9325
3.8626
3.9217
3.9916
3.9267
3.7483
3.7578
3.7442
3.8417
3.9056
4.1296
3.8728
3.8468
3.9342
4.1692
4.162
3.9347
3.68
3.7103
3.9006
3.9597
3.8037
3.744
3.8007
4.0088
3.8981
3.9113
3.9097
3.9589
4.0421
4.2108
4.0973
3.9575
3.9503
3.8958
3.9009
3.9698
3.9876
4.0656
4.1033
4.0649
4.1611
4.1016
4.0859
4.0993
4.1667
4.2413
4.4742
4.5766
4.3006
