4.4965
1.5784
2.0665
2.7109
3.5223
4.1873
4.6714
4.8547
4.6609
4.3002
4.2457
4.5571
5.0216
5.5826
5.5772
5.231
4.9943
4.6286
4.2629
4.3322
4.4407
4.4406
4.4653
4.6235
4.511
4.2577
4.1543
4.3186
4.5381
4.6287
4.3234
4.2224
4.4881
4.5746
4.5754
4.3952
4.2827
4.3763
4.5934
4.4351
4.4106
4.435
4.4641
4.5845
4.5949
4.6004
4.4929
4.302
4.356
4.3082
4.2382
4.5052
4.4911
4.5613
4.6259
4.5375
4.3219
4.2814
4.2544
4.3901
4.533
4.7933
4.5238
4.4393
4.4992
4.7301
4.7018
4.4429
4.125
4.1186
4.3607
4.5172
4.4029
4.3181
4.3754
4.5847
4.4629
4.4545
4.4481
4.4936
4.5686
4.7179
4.5713
4.4105
4.4075
4.3663
4.3823
4.4642
4.4792
4.5478
4.5663
4.4984
4.5678
4.4676
4.4302
4.4283
4.4519
4.4308
4.6523
4.8154
4.5385
