11.292
1.3355
1.8925
2.5459
3.3401
3.9706
4.4056
4.5102
4.2213
3.7917
3.6929
3.9058
4.0895
4.2141
4.3487
4.6323
5.3554
6.7081
7.2935
6.8705
6.4363
6.1289
6.069
6.2491
6.2694
6.0404
5.9635
6.088
6.3254
6.4482
6.1541
6.0092
6.235
6.3619
6.3842
6.211
6.0287
6.0883
6.341
6.1585
6.1231
6.1475
6.1379
6.2819
6.3428
6.409
6.3079
6.0864
6.1193
6.1285
6.0379
6.2663
6.2139
6.2686
6.3829
6.3397
6.17
6.1416
6.1139
6.1942
6.2633
6.5018
6.3151
6.1868
6.2563
6.5347
6.5691
6.3794
5.9991
5.9425
6.2184
6.3392
6.209
6.0647
6.1016
6.3315
6.2678
6.2182
6.2086
6.2471
6.3317
6.4937
6.4059
6.2267
6.1726
6.1353
6.1147
6.1893
6.1944
6.2859
6.3387
6.2591
6.3286
6.2281
6.2001
6.1695
6.1699
6.1646
6.3389
6.5506
6.3833
