12.338
10.204
7.2872
5.3621
4.0971
3.5258
3.2465
3.261
3.6147
3.9367
3.9792
3.8785
3.8905
4.1535
4.3526
4.3967
4.5098
5.2077
5.8277
5.9146
6.0231
5.9908
5.6745
5.4921
5.7249
5.6706
5.5306
5.1244
5.0211
5.1265
5.2599
5.0435
4.7679
4.7915
4.8636
5.0837
4.9939
4.7899
4.8535
4.8773
4.9648
4.9404
4.7583
4.693
4.6926
4.8047
4.8748
5.0241
4.884
5.1508
4.9865
4.8424
4.8869
4.7996
4.8378
4.9906
5.2057
5.1469
5.0761
4.9444
4.7957
4.6446
4.9665
4.7951
4.7141
4.5659
4.7201
5.1041
5.1373
4.9786
4.8421
4.9078
5.2001
5.0573
4.9232
4.8366
4.999
4.8837
4.9408
4.8599
4.7992
4.6677
4.9011
5.0478
4.9816
5.0856
5.0199
4.9648
4.8656
4.8723
4.9193
4.8819
4.852
4.9385
5.0242
4.9999
4.9224
4.9371
4.6633
4.6246
5.1007
