17.209
13.775
8.8635
6.2363
4.7203
4.0924
3.8593
3.9754
4.3599
4.5425
4.3872
4.1225
3.9759
4.086
4.1684
4.1364
4.2298
4.9563
5.6317
5.7621
5.9603
6.029
5.7714
5.6073
5.8344
5.7956
5.7199
5.3976
5.3813
5.5697
5.7595
5.5624
5.2992
5.3399
5.4225
5.646
5.5436
5.3307
5.396
5.4144
5.4922
5.4646
5.2853
5.2253
5.2346
5.3538
5.4193
5.5562
5.4042
5.6653
5.4889
5.3466
5.3921
5.307
5.3502
5.502
5.7157
5.6535
5.5825
5.4512
5.3043
5.16
5.483
5.2914
5.2055
5.076
5.2526
5.6438
5.6661
5.4941
5.3591
5.4357
5.7263
5.5618
5.4135
5.3297
5.5041
5.3856
5.4402
5.3589
5.3008
5.1783
5.4233
5.5648
5.4894
5.5916
5.516
5.4557
5.3543
5.366
5.4228
5.3866
5.3586
5.4454
5.525
5.4946
5.4156
5.4325
5.1612
5.1381
5.6247
