10.267
1.3001
1.8408
2.4891
3.2787
3.9073
4.35
4.4772
4.2291
3.8585
3.7712
3.8077
3.65
3.3848
3.2312
3.211
3.3618
3.3339
3.2683
3.3753
3.2944
3.1192
3.0851
3.1573
3.0535
2.9876
2.9844
3.1333
3.2343
3.216
2.9698
2.9444
3.1496
3.1548
3.1459
2.9975
2.9451
2.9972
3.0935
2.9492
2.9559
2.9784
2.9881
3.0642
3.0307
3.0229
2.961
2.8387
2.9051
2.8639
2.8381
2.9804
2.9103
2.9406
2.973
2.9286
2.8198
2.8651
2.8593
2.9242
2.9463
3.0941
2.8557
2.8825
2.9434
3.0724
3.0124
2.8605
2.741
2.795
2.9165
2.9305
2.8173
2.8177
2.8508
2.9802
2.8507
2.8894
2.8792
2.8949
2.9319
3.0327
2.8922
2.8226
2.8567
2.809
2.8459
2.891
2.8903
2.9273
2.9251
2.8829
2.9304
2.8468
2.8557
2.8721
2.8754
2.8374
3.0088
3.0694
2.8417
