2.9487
9.3263
7.141
5.3233
4.0748
3.4869
3.1577
3.066
3.2481
3.4244
3.3854
3.1272
2.7441
2.6368
3.2153
3.6992
3.8628
4.1947
4.3509
4.2103
4.4217
4.6607
4.5599
4.4082
4.6392
4.6517
4.6049
4.2777
4.294
4.56
4.8483
4.7255
4.4482
4.4546
4.5756
4.8911
4.9015
4.7351
4.8129
4.8775
5.0051
5.014
4.8524
4.8039
4.8389
5.0129
5.1503
5.3467
5.2059
5.4678
5.2757
5.0917
5.1486
5.0814
5.1471
5.3398
5.5996
5.5396
5.4448
5.2755
5.1097
4.956
5.3195
5.1603
5.0752
4.9349
5.121
5.5422
5.5798
5.3628
5.1629
5.2203
5.5451
5.3961
5.2233
5.1139
5.3045
5.2071
5.2672
5.1821
5.1209
5.0021
5.2791
5.4596
5.3905
5.4866
5.3933
5.2975
5.1763
5.1812
5.2479
5.2332
5.217
5.323
5.4162
5.377
5.2786
5.2877
5.0002
4.971
5.4958
