1.0077
9.3021
7.1422
5.3199
4.0798
3.5157
3.2323
3.2154
3.4812
3.6842
3.625
3.3833
3.1439
2.948
2.6599
3.6551
5.7105
7.0235
6.8399
6.0625
5.7242
5.5966
5.2943
5.1467
5.4344
5.378
5.2092
4.8228
4.8065
5.0463
5.2726
5.0387
4.7459
4.8188
4.9556
5.2153
5.0906
4.8444
4.8961
4.9486
4.9976
4.9411
4.7634
4.7075
4.7527
4.9052
4.9857
5.1009
4.8915
5.1054
4.8945
4.719
4.7847
4.7225
4.7884
4.9625
5.1741
5.0635
4.9522
4.7901
4.6468
4.5513
4.9497
4.757
4.6465
4.542
4.7986
5.2217
5.1993
4.9173
4.6927
4.7612
5.0822
4.8987
4.6838
4.5493
4.726
4.6032
4.6361
4.5553
4.5203
4.4369
4.7227
4.8684
4.7626
4.8381
4.7373
4.6484
4.5419
4.5561
4.6327
4.6198
4.5949
4.6991
4.7722
4.7246
4.6325
4.6424
4.3765
4.3671
4.9019
