16.086
11.053
7.5532
5.4982
4.2271
3.721
3.5793
3.7848
4.2317
4.3992
4.2311
4.0036
3.953
4.2975
4.7856
5.1603
5.3929
5.7693
5.8452
5.6773
5.8218
5.9198
5.7211
5.6225
5.9043
5.884
5.8058
5.4886
5.495
5.7108
5.919
5.7397
5.5084
5.5898
5.7054
5.9417
5.8263
5.601
5.6673
5.6819
5.7552
5.7238
5.5467
5.4955
5.5197
5.6552
5.7213
5.844
5.6768
5.9143
5.7041
5.5508
5.5853
5.5085
5.5784
5.7554
5.973
5.894
5.7933
5.6386
5.4813
5.3559
5.7139
5.5562
5.5009
5.4091
5.6294
6.0287
6.0146
5.8021
5.6347
5.683
5.951
5.7756
5.6317
5.5585
5.7312
5.6047
5.6598
5.586
5.5377
5.4287
5.6806
5.8119
5.7295
5.8278
5.7414
5.6778
5.5731
5.5849
5.6435
5.6079
5.5884
5.6795
5.7528
5.7172
5.6386
5.6524
5.3889
5.3865
5.8724
