14.645
11.759
7.8421
5.6202
4.2848
3.7387
3.5549
3.7219
4.1844
4.4583
4.3985
4.2361
4.2095
4.476
4.915
5.8441
6.8678
7.4362
7.2061
6.6475
6.4977
6.4968
6.3171
6.2749
6.6122
6.5901
6.5053
6.2004
6.242
6.4785
6.6555
6.4413
6.2109
6.311
6.4323
6.6605
6.5304
6.3167
6.4109
6.4318
6.4899
6.4476
6.2773
6.2409
6.2849
6.4295
6.4826
6.5788
6.3935
6.6287
6.4163
6.2829
6.3326
6.2698
6.3432
6.4967
6.6828
6.5865
6.4937
6.3626
6.2337
6.1431
6.4943
6.2759
6.1859
6.1086
6.3367
6.7081
6.6508
6.4155
6.259
6.3367
6.6193
6.4177
6.2357
6.1379
6.3091
6.1746
6.2289
6.1749
6.1654
6.0957
6.3749
6.4952
6.3883
6.4772
6.3778
6.3094
6.2083
6.2337
6.314
6.2871
6.2734
6.3702
6.4354
6.3869
6.3
6.3142
6.0554
6.0805
6.5929
