5.0578
9.0407
6.8111
5.1087
3.9072
3.3164
2.9445
2.7697
2.8756
3.1006
3.1791
3.0199
2.8186
2.7361
2.5922
2.1666
1.1439
0
0
0.050766
0.635
1.3366
1.5356
1.4092
1.5689
1.8455
2.0744
1.9643
1.9424
2.103
2.5771
2.7313
2.5621
2.6393
2.8063
3.1208
3.217
3.1545
3.2887
3.4871
3.8439
4.0998
4.1283
4.1985
4.3053
4.536
4.7482
5.0263
4.9496
5.2604
5.1222
4.9728
5.0444
4.9777
5.0446
5.2453
5.5118
5.4553
5.3697
5.2109
5.0466
4.8945
5.27
5.1219
5.0391
4.9072
5.1319
5.5961
5.6419
5.4199
5.2232
5.2807
5.5901
5.4215
5.2398
5.1257
5.3149
5.2167
5.2746
5.1892
5.1329
5.0274
5.3259
5.5181
5.4452
5.5307
5.4276
5.3277
5.2025
5.2053
5.2756
5.2672
5.2578
5.372
5.469
5.4258
5.3198
5.3214
5.0327
5.0186
5.5639
