3.2573
10.04
7.5618
5.5815
4.2729
3.6886
3.4185
3.4601
3.8365
4.1833
4.3596
4.6119
5.1763
5.7906
5.8807
5.6569
5.4795
5.7414
5.8299
5.5847
5.6346
5.7234
5.5651
5.5129
5.8798
5.9456
5.9196
5.6327
5.676
5.9363
6.1692
5.9869
5.7542
5.8508
5.9818
6.2299
6.1166
5.8995
5.9849
6.0158
6.0869
6.052
5.8779
5.8383
5.8851
6.0401
6.1145
6.2297
6.0457
6.2817
6.068
5.9148
5.9652
5.8957
5.9669
6.1351
6.3392
6.2477
6.1513
6.0068
5.8635
5.7578
6.122
5.9244
5.8389
5.7505
5.9845
6.3871
6.3566
6.1226
5.9557
6.0318
6.3259
6.1382
5.973
5.8962
6.0945
5.9778
6.0332
5.9602
5.9198
5.832
6.1139
6.2493
6.1465
6.2277
6.12
6.0381
5.9295
5.9523
6.0312
6.0071
5.9933
6.0898
6.1565
6.105
6.0138
6.0272
5.768
5.7943
6.3177
