5.8858
1.4305
1.984
2.6367
3.4373
4.0764
4.5171
4.6511
4.3938
3.672
3.1815
3.0989
3.1293
3.2099
3.3763
3.5458
3.7549
3.6781
3.5109
3.5901
3.6013
3.5608
3.6072
3.7418
3.603
3.4263
3.3828
3.5561
3.7222
3.7503
3.4553
3.3919
3.624
3.6493
3.6242
3.4316
3.3444
3.4228
3.5776
3.4306
3.4293
3.4409
3.4673
3.5789
3.5745
3.58
3.4815
3.3024
3.3573
3.304
3.2572
3.451
3.3792
3.4324
3.4926
3.4254
3.2585
3.2791
3.2674
3.363
3.4188
3.6283
3.3734
3.3608
3.431
3.6229
3.5881
3.3771
3.1736
3.2224
3.3915
3.4341
3.2907
3.252
3.3018
3.4813
3.3561
3.377
3.3651
3.3965
3.4567
3.5906
3.4451
3.3139
3.317
3.2618
3.2845
3.3469
3.3577
3.4156
3.4272
3.3746
3.4296
3.3317
3.3042
3.3065
3.3224
3.289
3.497
3.6092
3.3385
