16.795
10.924
7.5576
5.5415
4.2443
3.6691
3.4095
3.476
3.9292
4.3938
4.474
4.3111
4.1413
4.0817
3.8823
3.5142
3.0526
2.6971
2.1367
1.5831
1.4113
1.7244
2.1007
2.2892
2.7218
3.0501
3.1863
2.9491
2.9002
3.1059
3.5006
3.4888
3.2547
3.2749
3.3897
3.6878
3.6742
3.4681
3.4731
3.5243
3.6286
3.6092
3.4333
3.339
3.313
3.4177
3.5215
3.7149
3.5749
3.8265
3.6866
3.4861
3.5247
3.4313
3.4466
3.6136
3.8818
3.861
3.7984
3.64
3.4557
3.2616
3.5874
3.4557
3.3459
3.1354
3.2701
3.7196
3.8714
3.726
3.5231
3.5532
3.885
3.7924
3.6232
3.4738
3.6362
3.5611
3.6136
3.5153
3.4289
3.2732
3.5076
3.7104
3.6717
3.7728
3.717
3.6328
3.5155
3.503
3.546
3.53
3.4888
3.5831
3.6892
3.6757
3.588
3.5931
3.3022
3.1963
3.6876
