14.511
10.49
7.1839
5.2415
3.9909
3.4218
3.1243
3.0821
3.3337
3.5671
3.5587
3.3624
3.1484
3.1412
3.8201
4.5712
4.9229
5.1754
4.9431
4.3587
4.1544
4.1309
3.9388
3.8064
4.1297
4.258
4.1922
3.8015
3.6949
3.8695
4.195
4.079
3.7756
3.777
3.8928
4.1905
4.1371
3.8867
3.8839
3.9438
4.043
4.0109
3.819
3.7268
3.7336
3.882
4.0133
4.1976
4.0149
4.2179
4.0171
3.7811
3.8091
3.735
3.8016
4.0333
4.3312
4.265
4.1336
3.9157
3.7023
3.5298
3.9487
3.8883
3.8125
3.6469
3.8676
4.3747
4.4634
4.1934
3.8952
3.874
4.1922
4.0901
3.9149
3.7773
3.9626
3.8872
3.935
3.8372
3.7628
3.6368
3.9181
4.1366
4.0769
4.1534
4.0613
3.9548
3.8299
3.82
3.8783
3.8754
3.8489
3.9595
4.0649
4.0338
3.9282
3.9253
3.6329
3.5632
4.1168
