8.3768
1.2865
1.8339
2.4878
3.2782
3.8981
4.3152
4.3966
4.1016
3.7126
3.641
3.8028
3.831
3.6698
3.4645
3.373
3.4799
3.3493
3.098
3.04
2.908
2.8007
2.8416
2.9407
2.8576
2.8177
2.8217
2.9696
3.0688
3.0575
2.8306
2.8103
3.0018
3.0011
3.0024
2.874
2.8403
2.9032
3.0153
2.8886
2.9019
2.9255
2.9361
3.0138
2.9843
2.9842
2.9326
2.8203
2.8978
2.868
2.8512
3.0024
2.9302
2.9601
2.9934
2.9458
2.8326
2.8782
2.8747
2.9444
2.9691
3.121
2.8786
2.8992
2.9614
3.0997
3.0453
2.8872
2.7628
2.8242
2.9562
2.9735
2.8549
2.8497
2.8844
3.018
2.8857
2.9195
2.9073
2.9249
2.9643
3.0678
2.9259
2.8505
2.886
2.8439
2.8844
2.9333
2.9322
2.9686
2.9649
2.9196
2.9674
2.8836
2.8906
2.9092
2.9176
2.8809
3.0575
3.1232
2.8874
