17.521
12.312
8.1731
5.8431
4.4273
3.8076
3.5281
3.5739
3.9621
4.3318
4.5705
4.8404
5.241
5.6721
5.7071
5.5082
5.3389
5.5049
5.5035
5.2971
5.5177
5.7752
5.6678
5.5644
5.8146
5.7844
5.7103
5.4004
5.4218
5.6694
5.9194
5.7484
5.5008
5.5803
5.7219
6.0154
5.9675
5.8238
5.9839
6.0614
6.1506
6.1235
5.9576
5.9331
6.0065
6.2034
6.3367
6.5246
6.4245
6.7526
6.602
6.4988
6.5548
6.487
6.5644
6.7302
6.9295
6.8401
6.7539
6.6247
6.4913
6.3941
6.7458
6.5281
6.4498
6.3983
6.6597
7.0637
7.0254
6.8011
6.6652
6.7572
7.0225
6.7969
6.6254
6.5634
6.7588
6.6244
6.673
6.6047
6.5725
6.4991
6.7888
6.916
6.8151
6.9039
6.7897
6.7083
6.5939
6.613
6.6917
6.6614
6.6524
6.7515
6.8119
6.7606
6.6746
6.6872
6.436
6.4818
7.0028
