7.4031
9.8304
7.3145
5.447
4.199
3.659
3.4492
3.6071
4.2502
4.9685
5.1931
5.0442
4.8038
4.6753
4.4524
4.2013
4.0808
4.5133
5.1361
5.4009
5.6971
5.8276
5.6443
5.5712
5.9081
5.9399
5.8832
5.5676
5.5777
5.8135
6.0547
5.8937
5.6702
5.7743
5.9223
6.1773
6.0606
5.8304
5.8956
5.9067
5.9727
5.9297
5.7399
5.6881
5.7308
5.8943
5.987
6.1163
5.9372
6.1662
5.949
5.7972
5.8431
5.7729
5.8488
6.0299
6.2433
6.152
6.0485
5.899
5.7532
5.6419
6.0125
5.8392
5.7686
5.6815
5.9119
6.3116
6.2765
6.0431
5.8787
5.95
6.2311
6.0384
5.8739
5.797
5.9896
5.88
5.9438
5.8757
5.8403
5.7616
6.0602
6.2127
6.118
6.1946
6.0807
5.9954
5.8806
5.8989
5.9797
5.9672
5.9679
6.071
6.1388
6.0828
5.9832
5.9881
5.7281
5.7545
6.2658
