8.6896
10.393
7.4549
5.429
4.1511
3.6201
3.4408
3.6348
4.1877
4.5712
4.5848
4.5081
4.6352
5.1202
5.4706
5.4824
5.4022
5.6842
5.869
5.8381
6.1433
6.4039
6.2606
6.0823
6.1761
5.9957
5.8611
5.5513
5.5829
5.8126
6.0081
5.8204
5.5848
5.6529
5.7652
6.0131
5.9205
5.7173
5.7931
5.7994
5.8692
5.8335
5.6586
5.6157
5.6464
5.7871
5.8529
5.9685
5.7971
6.0258
5.8073
5.661
5.6974
5.6244
5.6931
5.8587
6.061
5.9789
5.8817
5.7384
5.5925
5.4766
5.8207
5.647
5.5855
5.4952
5.6981
6.0728
6.048
5.8444
5.6947
5.7579
6.0274
5.8431
5.6919
5.6184
5.795
5.6797
5.7421
5.672
5.6302
5.5369
5.8092
5.9498
5.8648
5.95
5.8485
5.7749
5.6648
5.6807
5.7494
5.7261
5.7207
5.8173
5.8856
5.8402
5.7532
5.7627
5.5084
5.5277
6.0214
