0.48981
6.4978
5.4011
4.0777
2.9834
2.1556
0.43444
0
0
0
0.0022542
0.2695
0.47198
0.47644
0.22702
0
0
0
0
0.024764
0
0.10925
0.20911
0.033584
0.065867
0.43682
1.013
1.2771
1.5075
1.8527
2.5028
2.8149
2.7956
2.9901
3.3865
4.2102
4.6658
4.7152
4.9087
5.0964
5.3568
5.6134
5.7042
5.8184
6.0166
6.256
6.3186
6.3902
6.1888
6.4108
6.2149
6.1167
6.1644
6.0911
6.1612
6.3144
6.5041
6.418
6.355
6.2388
6.1019
6.0066
6.3401
6.0934
6.0191
6.0069
6.2865
6.6227
6.5341
6.3152
6.2307
6.3563
6.6007
6.3709
6.2411
6.2204
6.4164
6.2522
6.2905
6.235
6.209
6.1391
6.4001
6.4705
6.3566
6.4624
6.3598
6.3047
6.2153
6.248
6.3307
6.2896
6.2696
6.3595
6.3913
6.3462
6.289
6.3114
6.082
6.1229
6.5793
