2.5087
11.76
8.3846
6.0401
4.5883
3.9602
3.6973
3.78
4.1785
4.4342
4.3702
4.207
4.1802
4.3632
4.4275
4.4137
4.7267
5.9085
6.8541
6.8145
6.6671
6.4239
5.9913
5.7753
6.0286
6.0284
5.9616
5.6263
5.6
5.7853
5.9834
5.8002
5.5487
5.6043
5.7018
5.9461
5.8358
5.5942
5.6311
5.6188
5.6625
5.602
5.3985
5.3259
5.3367
5.4659
5.5372
5.666
5.4919
5.7299
5.5285
5.366
5.4048
5.3222
5.3759
5.541
5.7596
5.6845
5.5933
5.4415
5.2838
5.1482
5.5027
5.3305
5.2498
5.13
5.332
5.7455
5.7607
5.5578
5.3914
5.4514
5.7434
5.5773
5.4184
5.3253
5.5079
5.4007
5.4607
5.3821
5.3289
5.2186
5.4845
5.6376
5.5564
5.6465
5.5534
5.4754
5.3647
5.3776
5.4439
5.4181
5.3975
5.4914
5.5708
5.5316
5.4428
5.4543
5.1826
5.1734
5.6858
