14.216
12.994
8.4542
5.9782
4.5364
3.9509
3.7593
3.9413
4.4269
4.711
4.6735
4.6044
4.7037
4.9458
4.9317
4.7167
4.5234
4.7415
4.9085
4.8057
4.9413
5.0492
4.8799
4.7807
5.0802
5.1432
5.1276
4.8318
4.8206
5.0083
5.2181
5.0556
4.8143
4.8667
4.9609
5.1987
5.1189
4.9205
4.99
5.0172
5.1042
5.0814
4.9012
4.8369
4.8398
4.9557
5.0294
5.1815
5.0422
5.3104
5.1423
4.9949
5.0377
4.9489
4.9874
5.1416
5.3601
5.3023
5.232
5.0984
4.9473
4.7951
5.1184
4.9418
4.8601
4.7178
4.8811
5.2736
5.3109
5.1519
5.0149
5.081
5.3715
5.221
5.0801
4.9906
5.1547
5.0371
5.0932
5.0119
4.9512
4.8217
5.0601
5.2089
5.1438
5.2502
5.1815
5.1226
5.0198
5.0252
5.0736
5.0361
5.0069
5.0952
5.1812
5.1559
5.0774
5.0916
4.8157
4.7796
5.2618
