4.8426
1.3637
1.918
2.5766
3.3845
4.0487
4.5472
4.7266
4.4264
3.8721
3.6606
3.7871
3.7947
3.6028
3.4354
3.3191
3.3037
3.1718
3.1143
3.2668
3.2975
3.2269
3.2222
3.2622
3.1202
3.047
3.0535
3.2124
3.3198
3.3069
3.079
3.0656
3.2728
3.2787
3.2733
3.1364
3.0994
3.169
3.2908
3.1584
3.1654
3.1899
3.2025
3.2827
3.2551
3.2494
3.1875
3.0676
3.1467
3.121
3.1076
3.2675
3.1958
3.2284
3.2622
3.2093
3.0871
3.1302
3.131
3.2053
3.236
3.3943
3.1456
3.1537
3.219
3.3678
3.3113
3.1368
2.9973
3.0627
3.2125
3.2386
3.1153
3.1059
3.1459
3.2877
3.155
3.18
3.168
3.188
3.2306
3.3364
3.1894
3.1007
3.1325
3.0948
3.1373
3.1948
3.1981
3.2377
3.2332
3.1816
3.2295
3.143
3.1452
3.1632
3.176
3.1437
3.3248
3.3975
3.1512
