7.1117
1.6009
2.005
2.5889
3.3629
4.0349
4.6133
4.9994
5.0433
4.7522
4.6365
4.9597
5.5172
6.5842
7.265
7.3279
7.2353
6.9871
6.7205
6.7794
6.9728
6.9505
6.8614
6.9177
6.8496
6.5335
6.4284
6.5859
6.8775
6.9552
6.5691
6.3191
6.4961
6.6135
6.6592
6.512
6.3498
6.3796
6.6267
6.4352
6.4008
6.4258
6.4148
6.5496
6.6016
6.6588
6.549
6.3249
6.347
6.3593
6.2463
6.4603
6.3942
6.446
6.5612
6.5216
6.3603
6.3378
6.3091
6.3794
6.4388
6.6699
6.4789
6.3512
6.433
6.7212
6.7657
6.5798
6.211
6.1866
6.4207
6.5268
6.3887
6.2425
6.2819
6.5124
6.4429
6.3852
6.3837
6.4266
6.5128
6.6725
6.5917
6.4192
6.3647
6.3399
6.3197
6.3891
6.3884
6.475
6.5242
6.4396
6.5159
6.4257
6.3985
6.3738
6.3751
6.3682
6.5379
6.7689
6.6171
