2.3688
9.3829
6.9595
5.0877
3.8649
3.3111
3.0173
2.9453
3.0756
3.0014
2.7805
3.2029
4.1384
4.8869
4.8508
4.5002
4.2226
4.3283
4.2495
3.8781
3.8783
4.0647
4.0397
4.0252
4.3925
4.4766
4.39
4.0293
3.9925
4.2352
4.5492
4.3907
4.0959
4.145
4.2986
4.6105
4.5431
4.3028
4.3347
4.4052
4.4896
4.4496
4.2619
4.1892
4.2323
4.4134
4.5526
4.7192
4.5179
4.7135
4.4977
4.2872
4.3216
4.2286
4.2737
4.4674
4.7199
4.63
4.5167
4.3359
4.1572
4.0034
4.3933
4.2513
4.1468
4.0104
4.2742
4.7974
4.8723
4.6132
4.3789
4.4236
4.731
4.5566
4.3525
4.2245
4.4308
4.3581
4.42
4.3468
4.31
4.2448
4.5999
4.8471
4.7943
4.8777
4.7622
4.6457
4.5203
4.5348
4.6394
4.678
4.7143
4.8967
5.0569
5.0771
5.0484
5.1708
5.0887
5.2712
5.9032
