5.2478
1.6375
2.0722
2.6927
3.4891
4.1463
4.6311
4.8139
4.5974
4.2001
4.1105
4.336
4.4834
4.4691
4.3781
4.4637
4.9726
5.838
6.721
7.0849
7.0321
6.6729
6.3297
6.2276
6.071
5.7426
5.6301
5.822
6.1653
6.3145
5.9431
5.6965
5.8932
6.0031
6.0426
5.8404
5.6182
5.62
5.8146
5.6112
5.54
5.5355
5.546
5.6789
5.7388
5.7818
5.6526
5.3985
5.4181
5.3552
5.2605
5.5086
5.4403
5.5114
5.6079
5.5403
5.3339
5.2977
5.2583
5.374
5.466
5.7359
5.4923
5.3984
5.4831
5.7966
5.842
5.5951
5.2222
5.1868
5.4342
5.5355
5.3601
5.2205
5.2763
5.5307
5.4403
5.4082
5.393
5.445
5.54
5.7296
5.6168
5.4236
5.3779
5.3246
5.3118
5.3966
5.4135
5.4993
5.542
5.4655
5.545
5.4458
5.3922
5.3711
5.3875
5.3751
5.6082
5.8365
5.6038
