9.1015
1.2881
1.8647
2.522
3.316
3.9396
4.3562
4.426
4.1032
3.6771
3.5712
3.6071
3.3781
3.0679
2.9777
3.0179
3.1885
3.1564
3.0964
3.2256
3.2376
3.1771
3.2026
3.2921
3.1645
3.0752
3.0705
3.231
3.3492
3.3495
3.1157
3.102
3.3198
3.3298
3.3274
3.187
3.1444
3.2187
3.3463
3.2044
3.2102
3.2307
3.2484
3.3385
3.3209
3.3262
3.2593
3.1235
3.197
3.1569
3.1288
3.3022
3.229
3.2709
3.3164
3.2612
3.1255
3.1619
3.1537
3.2351
3.274
3.4523
3.1991
3.2088
3.2779
3.445
3.3957
3.2091
3.0447
3.1003
3.2541
3.2851
3.1518
3.1294
3.1701
3.3251
3.1929
3.2209
3.2093
3.2342
3.2835
3.4017
3.2581
3.1614
3.1857
3.1373
3.1696
3.2266
3.2304
3.2755
3.2781
3.23
3.2859
3.1974
3.1894
3.2024
3.2139
3.1785
3.3743
3.4669
3.2149
