8.4609
1.3471
1.9149
2.5647
3.3637
4.0153
4.4958
4.6632
4.3978
3.925
3.7633
3.8934
3.8647
3.6431
3.5081
3.4856
3.5838
3.4629
3.3307
3.4685
3.5282
3.5
3.527
3.6177
3.4679
3.3288
3.3021
3.4684
3.6098
3.6217
3.3563
3.3184
3.5463
3.5713
3.5702
3.4114
3.3438
3.4163
3.5552
3.4079
3.4065
3.4216
3.4445
3.5459
3.5402
3.5521
3.474
3.3177
3.3834
3.335
3.2964
3.4819
3.4075
3.4575
3.5136
3.4542
3.3009
3.3266
3.3136
3.4014
3.4492
3.6487
3.3957
3.3941
3.467
3.6596
3.6275
3.4236
3.2235
3.2675
3.4302
3.4679
3.3265
3.2922
3.3359
3.505
3.3759
3.3985
3.3867
3.4178
3.4766
3.6098
3.4711
3.357
3.3688
3.3154
3.3405
3.4009
3.4074
3.4594
3.4683
3.4189
3.48
3.3897
3.3698
3.3767
3.3909
3.3569
3.5667
3.6837
3.4252
