9.7063
1.4235
1.9707
2.6273
3.4411
4.1205
4.6498
4.8929
4.6885
4.203
4.045
4.3443
4.5291
4.4645
4.3936
4.3695
4.387
4.2568
4.1696
4.328
4.399
4.3315
4.309
4.369
4.2346
4.1008
4.0982
4.2818
4.4464
4.4589
4.1812
4.1307
4.367
4.4126
4.4122
4.2512
4.1759
4.2486
4.4139
4.2618
4.2528
4.2795
4.2974
4.3994
4.3975
4.4
4.3098
4.1476
4.2179
4.1946
4.1652
4.3606
4.2889
4.3354
4.389
4.3262
4.1727
4.1974
4.1959
4.2836
4.336
4.531
4.274
4.2403
4.3156
4.5202
4.4828
4.2711
4.0521
4.1003
4.2965
4.3508
4.2069
4.1621
4.2128
4.3949
4.2716
4.2702
4.2587
4.2906
4.3507
4.4804
4.3345
4.2025
4.2094
4.1728
4.2019
4.2772
4.2883
4.3451
4.3533
4.2868
4.3444
4.2495
4.2323
4.2399
4.2578
4.2356
4.4341
4.5581
4.3037
