5.9774
10.253
7.5861
5.6077
4.318
3.778
3.5984
3.7991
4.3673
4.7809
4.7462
4.5372
4.4076
4.4951
4.5394
4.554
4.8321
5.8908
6.8358
7.0296
7.0958
6.9838
6.601
6.4029
6.6328
6.5599
6.4194
6.0278
5.9675
6.1252
6.264
6.0333
5.7826
5.8542
5.9574
6.1741
6.0468
5.8348
5.9206
5.9393
6.0122
5.9805
5.8122
5.7767
5.8139
5.9522
6.0078
6.1146
5.9448
6.1881
5.9897
5.8676
5.9159
5.8432
5.9072
6.0598
6.2475
6.1612
6.0782
5.9564
5.8265
5.7187
6.0522
5.848
5.7691
5.6804
5.8898
6.2572
6.2172
6.0167
5.8932
5.9819
6.2532
6.0595
5.9147
5.8577
6.043
5.9189
5.9739
5.9032
5.8629
5.7687
6.0286
6.1457
6.0454
6.1314
6.0361
5.9755
5.8784
5.9031
5.9742
5.9414
5.9243
6.0106
6.0705
6.0246
5.9449
5.9625
5.7134
5.7362
6.2237
