3.8616
1.4605
2.0059
2.6694
3.4816
4.1293
4.5659
4.6505
4.3303
3.9152
3.8501
4.0538
4.1353
4.0294
3.8669
3.8463
4.0961
4.2026
4.1766
4.5153
5.1412
5.4359
5.0878
4.81
4.5265
4.3545
4.3755
4.5877
4.7845
4.8016
4.4629
4.3842
4.6592
4.746
4.7521
4.5602
4.4437
4.5238
4.7238
4.5566
4.5334
4.5506
4.5778
4.7075
4.7322
4.7476
4.6297
4.4223
4.4781
4.4411
4.3845
4.6153
4.5493
4.615
4.6945
4.6193
4.4209
4.419
4.4084
4.516
4.5968
4.8438
4.586
4.5198
4.6006
4.8558
4.8463
4.5925
4.2957
4.3239
4.546
4.6221
4.4571
4.3782
4.4385
4.6615
4.5498
4.5365
4.5264
4.5713
4.6517
4.8121
4.671
4.4927
4.4691
4.4196
4.4297
4.5131
4.5334
4.6101
4.6362
4.5665
4.6351
4.5309
4.4847
4.477
4.4997
4.4822
4.7105
4.8917
4.6208
