9.9223
1.2487
1.8004
2.4528
3.239
3.8502
4.2542
4.323
4.0348
3.6763
3.6368
3.8297
3.8981
3.8043
3.6971
3.7015
3.8947
3.7598
3.3958
3.2718
3.104
2.9474
2.9542
3.0422
2.9484
2.8956
2.904
3.0704
3.1993
3.2067
2.9778
2.9607
3.1674
3.1785
3.1809
3.0524
3.0223
3.0982
3.2225
3.094
3.1045
3.1329
3.1516
3.2367
3.2111
3.2056
3.1428
3.0231
3.1037
3.0765
3.0618
3.2266
3.1555
3.1893
3.2245
3.1711
3.0469
3.0902
3.0923
3.1695
3.2022
3.3621
3.1105
3.1184
3.1898
3.3437
3.2862
3.1031
2.9594
3.0269
3.1784
3.2025
3.0731
3.0616
3.1072
3.2548
3.1212
3.145
3.1352
3.1573
3.2012
3.3079
3.1597
3.067
3.0994
3.0616
3.1011
3.1588
3.1624
3.2035
3.1993
3.1489
3.199
3.1125
3.1112
3.1283
3.1432
3.1098
3.2937
3.3696
3.1167
