10.127
1.3652
1.8726
2.5023
3.2833
3.9097
4.3555
4.4859
4.2268
3.8246
3.7173
3.8061
3.651
3.3736
3.2561
3.2687
3.4006
3.2287
2.989
3.0291
3.0475
3.0473
3.1333
3.2509
3.1255
3.0193
2.9922
3.135
3.2413
3.236
3.0021
2.9861
3.1941
3.1952
3.1906
3.051
3.011
3.0817
3.2034
3.0642
3.075
3.0963
3.1117
3.1979
3.1756
3.1813
3.1211
2.9927
3.0679
3.0283
2.9988
3.1664
3.0925
3.1311
3.174
3.1211
2.993
3.033
3.0242
3.1029
3.1382
3.3087
3.0559
3.0714
3.1374
3.2946
3.2425
3.0673
2.9164
2.9717
3.1164
3.1451
3.0173
2.9989
3.0361
3.1854
3.0527
3.0849
3.0729
3.0955
3.1414
3.2552
3.1125
3.0257
3.0546
3.0063
3.0399
3.0928
3.0942
3.1358
3.137
3.0911
3.1459
3.0589
3.0561
3.0713
3.0807
3.0433
3.2337
3.3173
3.0707
