11.223
1.1778
1.7365
2.3805
3.1625
3.7997
4.2866
4.4862
4.2749
3.8435
3.6999
3.8494
3.9344
3.9101
3.837
3.6899
3.6131
3.4181
3.3124
3.4956
3.5711
3.5136
3.5
3.5574
3.3805
3.2286
3.2013
3.3733
3.4953
3.4074
3.0574
2.9549
3.1291
3.1361
3.1441
3.0187
2.9861
3.0553
3.1691
3.0307
3.0371
3.0598
3.0717
3.151
3.121
3.1166
3.0572
2.9382
3.0143
2.9798
2.9569
3.1108
3.0374
3.0714
3.1092
3.06
2.9397
2.9821
2.9783
3.048
3.0754
3.2343
2.9914
3.009
3.0788
3.2249
3.1669
2.9951
2.8614
2.9264
3.0645
3.0797
2.9546
2.9485
2.99
3.1287
2.9946
3.0249
3.0168
3.0377
3.0796
3.1853
3.0417
2.9587
2.9935
2.9518
2.9879
3.0385
3.0382
3.0773
3.0749
3.0293
3.081
2.9967
2.9984
3.0147
3.025
2.9885
3.169
3.2424
2.9991
