8.5729
1.4077
1.9653
2.6238
3.4347
4.1021
4.6066
4.8261
4.6485
4.2515
4.1453
4.38
4.5705
4.6348
4.6386
4.9063
5.776
6.1054
5.4654
4.874
4.4904
4.276
4.2268
4.3528
4.1917
3.8526
3.6235
3.6536
3.7174
3.6706
3.3698
3.3221
3.5437
3.5584
3.5454
3.3915
3.3415
3.4224
3.5574
3.4044
3.4009
3.4221
3.4427
3.5362
3.5174
3.5154
3.4406
3.303
3.3826
3.3465
3.3162
3.4945
3.4164
3.4577
3.5039
3.4442
3.3032
3.3417
3.3396
3.4225
3.4616
3.6407
3.3806
3.3816
3.4623
3.6425
3.5897
3.3873
3.2168
3.284
3.4506
3.4774
3.3324
3.3083
3.359
3.5214
3.3848
3.4039
3.3973
3.4272
3.4797
3.5987
3.4495
3.342
3.3691
3.3283
3.3593
3.4208
3.4244
3.4706
3.4718
3.4191
3.4778
3.3882
3.3762
3.3896
3.4065
3.3727
3.5702
3.6686
3.4032
