9.0114
1.5328
2.0412
2.6946
3.5034
4.1546
4.6074
4.7358
4.4803
4.0774
3.9709
4.0622
3.9486
3.7499
3.6796
3.6615
3.5511
3.2429
3.1052
3.2729
3.345
3.3173
3.3474
3.4363
3.2824
3.157
3.1447
3.3128
3.4417
3.441
3.1847
3.1651
3.4001
3.4216
3.416
3.2635
3.2108
3.2938
3.4312
3.281
3.2792
3.295
3.3182
3.4199
3.4087
3.4166
3.3414
3.193
3.2635
3.2201
3.1782
3.3676
3.2981
3.3447
3.3977
3.3369
3.1854
3.2131
3.2045
3.2958
3.3447
3.5367
3.2794
3.2782
3.3563
3.5439
3.5065
3.3014
3.108
3.1572
3.322
3.3688
3.2335
3.1974
3.2492
3.4348
3.3229
3.3577
3.3596
3.402
3.469
3.6115
3.4833
3.3643
3.3723
3.3178
3.3344
3.394
3.4032
3.4646
3.4843
3.4423
3.5141
3.431
3.4053
3.4057
3.4305
3.4188
3.6449
3.7721
3.5187
