5.8553
1.5204
2.0226
2.6674
3.473
4.1294
4.604
4.7916
4.5826
3.7495
3.1906
3.0917
3.1083
3.172
3.3051
3.4247
3.5764
3.4224
3.1745
3.1725
3.1523
3.134
3.2106
3.3256
3.192
3.0674
3.0372
3.1917
3.3192
3.3296
3.0839
3.0518
3.2673
3.2784
3.2579
3.0936
3.0385
3.1131
3.2506
3.1246
3.1376
3.1608
3.1836
3.2818
3.2687
3.2751
3.2055
3.0661
3.1363
3.0999
3.0715
3.2455
3.1771
3.22
3.2685
3.2117
3.0696
3.099
3.0912
3.1738
3.2158
3.3991
3.153
3.1528
3.2176
3.3754
3.32
3.1361
2.9799
3.0372
3.1907
3.2246
3.0943
3.0691
3.1096
3.2654
3.1372
3.1619
3.1479
3.1717
3.2225
3.3441
3.1963
3.0939
3.1175
3.0739
3.1084
3.1661
3.1733
3.2226
3.2287
3.1798
3.2276
3.1354
3.127
3.1414
3.1588
3.129
3.3258
3.4104
3.1524
