4.7579
1.3112
1.8633
2.515
3.3005
3.9024
4.2782
4.3055
3.9894
3.6072
3.552
3.7621
3.9166
4.018
4.2232
4.2555
3.804
3.2383
3.0427
3.2014
3.3039
3.322
3.3906
3.4969
3.3598
3.2512
3.2512
3.4255
3.5552
3.5493
3.2983
3.2842
3.5187
3.5372
3.5276
3.3785
3.3353
3.4234
3.5639
3.4143
3.4138
3.4359
3.4573
3.5519
3.5334
3.5313
3.4534
3.3121
3.3907
3.3533
3.3153
3.514
3.4477
3.4888
3.5319
3.4679
3.3212
3.3529
3.3525
3.4496
3.5026
3.6852
3.4163
3.4104
3.4886
3.6678
3.6124
3.4048
3.22
3.2648
3.4262
3.476
3.3335
3.2689
3.2897
3.445
3.305
3.3145
3.2939
3.3128
3.3545
3.4668
3.3169
3.2044
3.2206
3.1687
3.1928
3.2485
3.2524
3.302
3.3082
3.2598
3.3173
3.2246
3.2054
3.2089
3.2186
3.18
3.3733
3.4653
3.2012
