14.163
12.197
8.2821
5.944
4.5339
3.9526
3.7571
3.9418
4.485
4.8927
4.8578
4.6169
4.4065
4.3663
4.2516
4.0729
3.999
4.5267
5.458
6.0213
6.4013
6.4384
6.1121
5.9427
6.2366
6.2438
6.1645
5.8218
5.8186
6.0594
6.3087
6.1309
5.8775
5.9672
6.1119
6.3723
6.2497
5.9941
6.0308
6.0158
6.0362
5.9359
5.6781
5.5534
5.5302
5.6371
5.6942
5.8066
5.606
5.8239
5.6097
5.4305
5.4655
5.3748
5.4233
5.598
5.8347
5.7649
5.6757
5.5192
5.3558
5.2062
5.5638
5.3959
5.3102
5.1808
5.38
5.802
5.8245
5.614
5.4393
5.5021
5.8029
5.6381
5.4724
5.3718
5.556
5.4488
5.5066
5.4232
5.3649
5.2523
5.5292
5.6977
5.6191
5.7069
5.6095
5.5233
5.4051
5.4104
5.4767
5.4582
5.443
5.5438
5.6294
5.5883
5.4894
5.4947
5.2104
5.1882
5.7038
