10.962
10.934
7.615
5.5521
4.2442
3.6768
3.4333
3.5011
3.86
4.084
4.015
3.8352
3.7661
3.9134
3.9411
3.7301
3.4232
3.4518
3.6064
3.6745
4.2257
4.8367
4.9777
4.987
5.2578
5.2335
5.1586
4.8416
4.8316
5.0431
5.2965
5.1583
4.9169
4.9532
5.0323
5.2634
5.1782
4.9701
5.0251
5.0348
5.1114
5.0778
4.888
4.8183
4.8169
4.9327
5.0084
5.1597
5.0146
5.2723
5.095
4.9445
4.9852
4.8975
4.9375
5.0904
5.3044
5.2428
5.1688
5.0345
4.8859
4.7386
5.0654
4.8932
4.8107
4.6624
4.8215
5.2187
5.2591
5.0964
4.9549
5.0178
5.3091
5.1619
5.0231
4.9343
5.098
4.9839
5.0435
4.9643
4.906
4.7798
5.0232
5.1773
5.1107
5.2104
5.1361
5.0744
4.9713
4.9778
5.028
4.9939
4.9676
5.0568
5.1424
5.1145
5.0335
5.0464
4.772
4.7399
5.2273
