6.8212
1.475
1.9429
2.5502
3.3311
4.0021
4.5728
4.9403
4.9539
4.6357
4.5008
4.7783
5.2169
6.1193
6.7742
6.7044
6.5483
6.2826
6.0591
6.1513
6.3087
6.2596
6.1798
6.2337
6.1347
5.8227
5.7208
5.944
6.2623
6.3351
5.9896
5.8377
6.0595
6.1808
6.2302
6.09
5.9542
5.9979
6.234
6.0448
6.0208
6.0477
6.0404
6.1691
6.2076
6.2576
6.154
5.9411
5.9796
5.9885
5.887
6.0982
6.0268
6.0753
6.183
6.1388
5.9803
5.9709
5.9455
6.0189
6.0726
6.295
6.089
5.982
6.0633
6.3341
6.3579
6.1713
5.8331
5.8288
6.0568
6.1499
6.0087
5.8838
5.9257
6.1461
6.0621
6.0165
6.0143
6.0557
6.1359
6.2859
6.1922
6.031
5.9913
5.9664
5.9568
6.0266
6.025
6.1045
6.1457
6.0635
6.137
6.0444
6.0226
6.0061
6.0094
5.9979
6.1708
6.3799
6.2097
