7.6619
1.257
1.7957
2.4306
3.213
3.8589
4.3651
4.6003
4.4298
4.011
3.8635
4.0356
4.1775
4.2752
4.3551
4.2767
4.1853
3.9351
3.7736
3.9539
4.0515
3.9957
3.9665
4.0211
3.8259
3.6288
3.5819
3.7563
3.891
3.7983
3.4126
3.2821
3.4617
3.4769
3.4795
3.3356
3.2813
3.3523
3.4791
3.3318
3.3285
3.3492
3.368
3.4586
3.4404
3.4383
3.365
3.2274
3.3001
3.2605
3.2304
3.4018
3.3285
3.3702
3.4168
3.3617
3.2226
3.2554
3.2503
3.3287
3.3679
3.5471
3.2988
3.3021
3.3795
3.553
3.5042
3.3069
3.1373
3.1968
3.3537
3.3786
3.2394
3.2186
3.2675
3.4255
3.2931
3.3138
3.3065
3.3344
3.3859
3.5045
3.3602
3.2556
3.28
3.2364
3.2657
3.3234
3.3277
3.3744
3.3768
3.3273
3.3845
3.2973
3.2861
3.2971
3.312
3.2783
3.4727
3.5695
3.3134
