4.3004
1.3552
1.9008
2.5547
3.3539
3.9938
4.4424
4.5579
4.2577
3.8049
3.6703
3.7124
3.4891
3.1542
3.0311
3.0474
3.1967
3.1489
3.0832
3.2193
3.2439
3.1884
3.2094
3.2905
3.1519
3.0541
3.046
3.2036
3.3179
3.3139
3.0802
3.066
3.2812
3.2899
3.286
3.1464
3.1058
3.1806
3.3068
3.1679
3.174
3.1953
3.2124
3.3008
3.2805
3.2824
3.2161
3.0841
3.1588
3.1216
3.0963
3.2683
3.1963
3.2355
3.2776
3.2223
3.0888
3.1257
3.1201
3.2012
3.2397
3.4132
3.1605
3.1691
3.2383
3.4008
3.3495
3.1641
3.0053
3.0639
3.2179
3.2495
3.1174
3.0962
3.1378
3.2909
3.1584
3.1846
3.173
3.1966
3.2445
3.3595
3.215
3.1194
3.1455
3.0997
3.1339
3.1914
3.1958
3.2399
3.2404
3.1917
3.2456
3.1576
3.1513
3.1651
3.1778
3.143
3.3356
3.4238
3.1715
