12.448
1.4459
2.0104
2.6699
3.4771
4.1199
4.5572
4.6693
4.4208
4.0791
4.0658
4.3653
4.6878
4.9333
4.7705
4.3864
4.1723
3.8736
3.5924
3.6716
3.7314
3.6892
3.6888
3.7585
3.5725
3.3857
3.34
3.5096
3.6634
3.6763
3.3987
3.3518
3.5827
3.6104
3.5964
3.4288
3.3603
3.4476
3.6029
3.4556
3.4476
3.4611
3.4755
3.5656
3.5414
3.526
3.4371
3.2865
3.352
3.3106
3.2748
3.4725
3.4167
3.4651
3.5128
3.442
3.274
3.2836
3.275
3.3776
3.4457
3.6508
3.3926
3.3609
3.4096
3.5811
3.5277
3.3084
3.1097
3.1518
3.321
3.3759
3.243
3.1999
3.2316
3.3837
3.2478
3.2699
3.2589
3.2845
3.3339
3.4518
3.3063
3.2042
3.2287
3.1827
3.2137
3.2718
3.276
3.3228
3.3259
3.2768
3.3329
3.2434
3.2324
3.2445
3.2587
3.2245
3.4215
3.5171
3.2598
