6.6974
1.4349
2.0009
2.6696
3.4873
4.1519
4.6337
4.8442
4.669
3.7431
3.154
3.0599
3.0493
3.1013
3.2321
3.3212
3.4092
3.2704
3.1634
3.2809
3.2424
3.0997
3.0741
3.1315
3.0058
2.9308
2.9302
3.0916
3.2097
3.2036
2.9641
2.94
3.1428
3.143
3.1311
2.9904
2.9548
3.0324
3.1643
3.037
3.0508
3.0742
3.0903
3.1766
3.1536
3.1565
3.0956
2.9693
3.046
3.0116
2.9875
3.1574
3.0869
3.1236
3.1634
3.1089
2.9801
3.0198
3.0147
3.0958
3.132
3.2996
3.0467
3.0585
3.1235
3.2774
3.2251
3.0531
2.909
2.969
3.1159
3.1431
3.0126
2.9934
3.0329
3.184
3.0515
3.0801
3.0669
3.0882
3.133
3.2446
3.0998
3.0103
3.0402
2.9953
3.0307
3.0854
3.089
3.1312
3.1304
3.082
3.1332
3.0452
3.0428
3.0598
3.0723
3.0365
3.2253
3.3067
3.0583
