7.1433
1.2501
1.828
2.4749
3.2616
3.9024
4.3859
4.5792
4.3662
3.9361
3.7965
3.9633
4.0598
4.0056
3.8935
3.8463
3.9499
3.7887
3.4217
3.3206
3.2603
3.2486
3.3606
3.5335
3.426
3.2754
3.2274
3.3787
3.5056
3.4666
3.1438
3.0666
3.2646
3.2818
3.2926
3.1614
3.1206
3.1945
3.3238
3.1828
3.1938
3.2188
3.2488
3.3565
3.3551
3.3769
3.315
3.1754
3.251
3.2048
3.1641
3.3414
3.2616
3.3097
3.3656
3.31
3.1668
3.2014
3.1871
3.2694
3.3085
3.4998
3.246
3.2576
3.3326
3.5165
3.4762
3.2841
3.1062
3.1588
3.3108
3.3339
3.1918
3.1645
3.2061
3.3656
3.2309
3.2604
3.2514
3.2814
3.3364
3.4642
3.3251
3.2248
3.2477
3.1954
3.2197
3.2732
3.2727
3.319
3.3258
3.2797
3.343
3.2547
3.2413
3.2521
3.2631
3.2247
3.429
3.5362
3.2805
