3.1872
1.7388
2.2439
2.9225
3.7947
4.5947
5.4116
6.833
8.6001
8.2992
7.1385
5.8904
4.868
4.5101
4.5502
4.7139
4.9362
4.8502
4.65
4.7547
4.7946
4.6669
4.6005
4.6844
4.5442
4.3244
4.2692
4.4502
4.651
4.6862
4.358
4.256
4.4892
4.534
4.4947
4.2617
4.0955
4.126
4.2775
4.1108
4.0744
4.0726
4.0889
4.1989
4.2067
4.208
4.0922
3.8929
3.9409
3.8929
3.8516
4.0654
4.0037
4.0631
4.1274
4.0561
3.8717
3.8771
3.8695
3.9727
4.046
4.2732
4.017
3.9737
4.0469
4.2657
4.2383
4.0045
3.7644
3.8065
4.0066
4.0689
3.911
3.851
3.9069
4.1105
3.993
3.9902
3.9738
4.0076
4.0744
4.2175
4.0672
3.9097
3.9022
3.8528
3.873
3.9493
3.9694
4.0363
4.0514
3.9876
4.0437
3.9426
3.9084
3.9114
3.9359
3.9137
4.1329
4.2723
3.9986
