9.6029
1.3566
1.9468
2.615
3.4229
4.0658
4.5054
4.6066
4.3101
3.8911
3.7958
3.9638
4.0273
3.9226
3.6358
3.3559
3.3103
3.1938
3.1275
3.3079
3.3843
3.3523
3.3903
3.5096
3.3878
3.2584
3.2354
3.4107
3.5686
3.5953
3.3236
3.2791
3.5152
3.5539
3.5557
3.3984
3.3342
3.4197
3.575
3.4247
3.4191
3.4338
3.4616
3.5699
3.5648
3.5741
3.4919
3.3343
3.4035
3.3598
3.3165
3.5244
3.4658
3.5185
3.5692
3.4936
3.3223
3.3398
3.3324
3.4412
3.5155
3.7307
3.4606
3.4341
3.5021
3.7004
3.6672
3.4479
3.2343
3.2831
3.4727
3.5438
3.4077
3.3564
3.4031
3.582
3.4518
3.4718
3.466
3.504
3.5691
3.7079
3.5663
3.4388
3.4493
3.3981
3.4192
3.4834
3.4913
3.5479
3.5594
3.5089
3.5749
3.482
3.4534
3.4571
3.4761
3.4433
3.6615
3.7937
3.5195
