5.7786
10.336
7.3509
5.3729
4.0877
3.495
3.1809
3.1428
3.4441
3.7624
3.8212
3.6792
3.7402
4.1471
4.4168
4.4676
4.4863
4.8086
4.9351
4.6933
4.7722
4.9622
4.9231
4.9
5.251
5.322
5.2733
4.9347
4.9029
5.1094
5.3811
5.2351
4.9631
5.0034
5.1135
5.3898
5.3245
5.0986
5.1412
5.1715
5.2576
5.2298
5.0365
4.9596
4.9663
5.1028
5.2059
5.3748
5.211
5.457
5.2668
5.0842
5.1257
5.0322
5.074
5.2524
5.5089
5.4537
5.3715
5.2107
5.0383
4.869
5.2243
5.0639
4.9688
4.8096
4.9924
5.4479
5.5239
5.3278
5.1371
5.1853
5.4935
5.3404
5.1698
5.0536
5.2373
5.1383
5.1958
5.1058
5.0385
4.9108
5.1816
5.3716
5.3084
5.4001
5.3068
5.2138
5.0929
5.0942
5.1569
5.1397
5.1164
5.2176
5.3173
5.2847
5.1853
5.1904
4.8938
4.8514
5.39
