7.6395
1.2088
1.7658
2.4002
3.1747
3.799
4.26
4.4235
4.1961
3.7977
3.6968
3.8721
3.9574
3.8844
3.7585
3.6818
3.722
3.4436
3.1016
3.1009
3.1203
3.1471
3.2634
3.4145
3.2924
3.1536
3.1109
3.2566
3.3721
3.3463
3.0612
3.0124
3.2188
3.2359
3.2492
3.1199
3.0828
3.1591
3.2903
3.1513
3.1676
3.1948
3.2233
3.327
3.321
3.3405
3.2789
3.1405
3.216
3.1701
3.1302
3.3065
3.228
3.2753
3.3298
3.2743
3.1332
3.1694
3.1558
3.2389
3.2785
3.4684
3.213
3.2243
3.2962
3.4749
3.4315
3.242
3.0683
3.1217
3.2731
3.2981
3.1595
3.1335
3.1738
3.3322
3.1979
3.228
3.2177
3.246
3.299
3.4245
3.2845
3.1867
3.2105
3.1582
3.1839
3.2371
3.2369
3.2824
3.2886
3.2427
3.305
3.2168
3.2051
3.2168
3.2271
3.1883
3.3905
3.494
3.2396
