5.2368
10.275
7.5707
5.5986
4.2772
3.6595
3.3367
3.3231
3.7013
4.1071
4.2014
4.1012
4.0775
4.2758
4.3927
4.373
4.3274
4.5686
4.6111
4.263
4.1422
4.0829
3.8392
3.6229
3.8073
3.8947
3.8843
3.5169
3.3846
3.4783
3.8083
3.775
3.4929
3.4265
3.4241
3.6057
3.5204
3.3024
3.3027
3.3226
3.4021
3.3584
3.1656
3.0535
2.9927
3.0578
3.1309
3.3187
3.2034
3.4705
3.3526
3.1924
3.2299
3.1256
3.1196
3.2606
3.5098
3.5011
3.4615
3.3368
3.1658
2.9595
3.2372
3.1029
2.9988
2.7698
2.8476
3.2454
3.4059
3.3122
3.1608
3.2031
3.515
3.428
3.2929
3.1669
3.3063
3.2215
3.2715
3.1728
3.081
2.905
3.0963
3.282
3.2572
3.3694
3.3404
3.2864
3.1889
3.1761
3.2019
3.1726
3.1229
3.2045
3.3083
3.3115
3.2406
3.2481
2.9645
2.8338
3.2679
