10.994
12.004
8.2751
5.9734
4.5539
3.9453
3.6998
3.7996
4.207
4.4507
4.3253
4.0365
3.8225
3.8234
3.7839
3.6201
3.4546
3.7367
4.5614
5.1105
5.513
5.5887
5.2686
5.0366
5.2884
5.34
5.2813
4.9031
4.8079
4.9549
5.1986
5.0308
4.7087
4.6871
4.7441
4.9835
4.9269
4.7167
4.7657
4.821
4.9484
4.9541
4.7709
4.6827
4.6709
4.7906
4.8866
5.054
4.8905
5.1369
4.9577
4.7717
4.8101
4.7113
4.7406
4.9124
5.17
5.1233
5.0484
4.8905
4.715
4.5321
4.875
4.7214
4.624
4.4466
4.6087
5.0538
5.1406
4.9631
4.7804
4.8301
5.146
5.0122
4.8499
4.7285
4.9018
4.804
4.8605
4.7668
4.6913
4.5494
4.805
4.9943
4.9369
5.0348
4.9575
4.8734
4.7552
4.7501
4.8021
4.7805
4.7514
4.8496
4.9533
4.9282
4.8318
4.8366
4.535
4.4675
4.984
