6.0474
1.4616
1.969
2.6111
3.4088
4.055
4.5204
4.6778
4.4515
4.0783
4.0154
4.2479
4.3913
4.3747
4.2995
4.3878
4.8376
5.4405
6.0668
6.8846
7.1516
6.8509
6.5253
6.4911
6.4071
6.1347
6.0685
6.2501
6.5919
6.799
6.4823
6.2671
6.459
6.5827
6.6352
6.4842
6.3002
6.3153
6.5521
6.367
6.3262
6.341
6.3364
6.4766
6.5431
6.6097
6.496
6.2528
6.2582
6.247
6.1345
6.3616
6.3016
6.3595
6.4743
6.4289
6.2516
6.2196
6.1879
6.2717
6.3454
6.5939
6.396
6.2633
6.3386
6.6424
6.7087
6.515
6.1215
6.0741
6.3069
6.4228
6.2781
6.1265
6.1627
6.4052
6.34
6.2875
6.2803
6.325
6.4169
6.59
6.5114
6.3279
6.2604
6.2221
6.1994
6.2725
6.2792
6.3714
6.4251
6.3437
6.4204
6.3285
6.289
6.2601
6.2642
6.2577
6.4469
6.6878
6.5258
