10.031
11.029
7.6489
5.5262
4.1892
3.5848
3.2742
3.2326
3.4829
3.6868
3.6246
3.378
3.1644
3.1221
3.0287
2.6637
1.8224
1.3293
1.6624
2.4703
3.4556
4.1859
4.5065
4.7555
5.4543
5.8934
6.1174
5.9735
6.1178
6.466
6.7493
6.5833
6.3771
6.5108
6.6656
6.9154
6.7858
6.5705
6.6799
6.7181
6.7827
6.7433
6.5734
6.5483
6.6147
6.7776
6.8351
6.9193
6.7168
6.9438
6.7235
6.5981
6.6562
6.5914
6.6727
6.8369
7.0201
6.9079
6.8099
6.6823
6.5603
6.4773
6.8428
6.6174
6.5243
6.463
6.7214
7.1054
7.0207
6.7637
6.6254
6.733
7.0128
6.7904
6.6254
6.5776
6.7904
6.6618
6.7102
6.6418
6.6132
6.5448
6.8362
6.9474
6.8196
6.891
6.7729
6.6988
6.5997
6.6347
6.726
6.7003
6.6892
6.7831
6.8351
6.772
6.6819
6.7014
6.457
6.5168
7.0449
