9.3815
11.314
7.539
5.4228
4.1469
3.6393
3.4989
3.7298
4.2772
4.6538
4.719
4.7247
4.8111
4.9961
5.0336
5.1614
5.4393
5.8059
5.7046
5.309
5.2983
5.4055
5.3017
5.2801
5.6019
5.6055
5.5477
5.2558
5.2763
5.486
5.6788
5.5
5.2748
5.3539
5.4645
5.6983
5.599
5.4001
5.4837
5.5054
5.5843
5.5536
5.3785
5.332
5.357
5.4919
5.5615
5.6906
5.5328
5.781
5.5824
5.4363
5.4784
5.4043
5.464
5.6212
5.8212
5.7415
5.6509
5.5133
5.3736
5.2552
5.5923
5.4093
5.3373
5.2337
5.4331
5.819
5.8096
5.6094
5.4472
5.4915
5.7525
5.5606
5.3791
5.2545
5.3855
5.2395
5.277
5.1897
5.1361
5.0138
5.2516
5.3864
5.3049
5.3978
5.3159
5.2492
5.1413
5.1463
5.1983
5.1654
5.1441
5.24
5.3316
5.3107
5.238
5.2625
5.0124
5.0107
5.5032
