3.1567
10.055
7.2748
5.3292
4.0601
3.4821
3.1884
3.1826
3.5302
3.885
3.9426
3.7927
3.6835
3.7537
3.7445
3.5739
3.3546
3.5511
4.8609
5.8852
6.3324
6.3221
5.9229
5.6569
5.8761
5.8607
5.7731
5.4109
5.3498
5.4863
5.6613
5.4231
5.0412
5.0798
5.2187
5.4634
5.3259
5.0723
5.1023
5.099
5.0996
4.9699
4.7059
4.5745
4.549
4.6505
4.6978
4.7908
4.571
4.7704
4.5549
4.3892
4.4439
4.3759
4.4386
4.6165
4.8323
4.7407
4.6439
4.4984
4.3562
4.2401
4.612
4.4516
4.3642
4.2487
4.4881
4.9061
4.8969
4.6517
4.4614
4.5283
4.8239
4.6504
4.4841
4.3973
4.5927
4.4969
4.5512
4.4733
4.426
4.3364
4.6312
4.7898
4.6908
4.7531
4.6384
4.5441
4.4329
4.4475
4.5252
4.5217
4.5121
4.6204
4.6897
4.6333
4.5319
4.5307
4.2693
4.2707
4.7848
