5.5504
11.977
8.127
5.8206
4.4368
3.8738
3.7085
3.9896
4.8542
5.7097
5.8537
5.645
5.4057
5.3146
5.156
5.0382
5.2094
5.9514
6.3074
6.0736
5.9583
5.8243
5.4993
5.3446
5.6058
5.6105
5.5462
5.2143
5.1754
5.3395
5.5273
5.364
5.1445
5.2316
5.3645
5.6168
5.5229
5.313
5.369
5.3645
5.4363
5.4043
5.2289
5.1827
5.21
5.355
5.442
5.5869
5.44
5.6886
5.4934
5.3539
5.3923
5.3156
5.3774
5.5428
5.7502
5.6771
5.588
5.4489
5.3008
5.1749
5.5135
5.3456
5.2824
5.1755
5.356
5.719
5.7044
5.5179
5.3772
5.4419
5.7157
5.5441
5.4003
5.3229
5.4922
5.379
5.4422
5.3695
5.3217
5.2171
5.4764
5.6154
5.5344
5.6234
5.5325
5.4656
5.3595
5.3741
5.4388
5.4162
5.4058
5.4954
5.5637
5.5228
5.4397
5.4523
5.1975
5.2
5.6786
