1.9518
9.0749
6.9361
5.1929
4.0027
3.4777
3.2383
3.2673
3.5407
3.6673
3.5132
3.1899
2.8281
2.5302
2.3922
2.4982
2.7655
3.434
4.0718
4.1199
4.2872
4.5133
4.5175
4.5448
5.0016
5.1949
5.1907
4.8381
4.7796
4.9906
5.3027
5.1773
4.904
4.958
5.1025
5.4097
5.3512
5.1045
5.1346
5.1763
5.2771
5.2664
5.0979
5.0547
5.117
5.3153
5.4533
5.6305
5.4788
5.7324
5.5439
5.3646
5.4072
5.3371
5.4053
5.6031
5.867
5.811
5.7116
5.5351
5.363
5.2241
5.6116
5.4885
5.4417
5.3509
5.6099
6.0814
6.1247
5.9208
5.7472
5.8167
6.1445
6.0178
5.8943
5.8394
6.0461
5.9374
6.001
5.9332
5.8924
5.7956
6.0664
6.2041
6.113
6.2068
6.1128
6.043
5.9383
5.9564
6.0276
5.9979
5.98
6.0744
6.147
6.1045
6.0181
6.033
5.7667
5.7746
6.2861
