11.129
1.1937
1.7636
2.4043
3.1809
3.804
4.2599
4.4163
4.1881
3.7979
3.7072
3.8976
4.0054
3.9578
3.849
3.794
3.8605
3.5833
3.1665
3.0825
3.0509
3.0638
3.1871
3.3457
3.2351
3.1073
3.0682
3.2137
3.3292
3.3094
3.0349
2.9921
3.1991
3.2157
3.2272
3.0975
3.0603
3.1352
3.2656
3.1292
3.146
3.1743
3.205
3.3117
3.3083
3.3295
3.269
3.1317
3.2083
3.164
3.1255
3.3026
3.2242
3.2716
3.3258
3.2698
3.1286
3.1652
3.1523
3.2358
3.2754
3.4649
3.2092
3.22
3.2917
3.4704
3.4269
3.2371
3.0638
3.1182
3.2701
3.2952
3.1564
3.1305
3.1711
3.3294
3.1949
3.225
3.2145
3.2428
3.2959
3.4212
3.2807
3.1824
3.2062
3.1544
3.1808
3.2346
3.2347
3.2804
3.2864
3.2402
3.302
3.2134
3.2017
3.2136
3.2244
3.186
3.3886
3.492
3.2367
