6.6294
1.363
1.9151
2.5607
3.3565
4.0011
4.4667
4.6079
4.3159
3.8355
3.6659
3.7394
3.6215
3.3496
3.2193
3.2083
3.3205
3.225
3.123
3.2599
3.3039
3.2656
3.2907
3.3676
3.2168
3.1006
3.0814
3.238
3.3585
3.3602
3.1162
3.0934
3.3099
3.3213
3.3187
3.1728
3.1228
3.1949
3.3227
3.1811
3.1862
3.2038
3.2217
3.3135
3.2968
3.3039
3.2359
3.0968
3.168
3.1258
3.0946
3.2678
3.1934
3.2362
3.2837
3.228
3.0898
3.1244
3.1146
3.1964
3.2353
3.4166
3.1652
3.1741
3.2429
3.4129
3.3693
3.1826
3.014
3.067
3.2184
3.2488
3.1161
3.093
3.133
3.2879
3.1562
3.1844
3.1725
3.1982
3.249
3.37
3.2292
3.1312
3.1533
3.1037
3.1351
3.1912
3.1946
3.2401
3.2437
3.1964
3.2528
3.1645
3.1551
3.167
3.1788
3.1431
3.3409
3.4372
3.1852
