7.3804
1.2881
1.8479
2.4979
3.294
3.9453
4.4362
4.6219
4.3639
3.8729
3.6948
3.8182
3.8607
3.7767
3.6714
3.5565
3.5417
3.3603
3.2535
3.4231
3.5002
3.4715
3.4864
3.5433
3.3848
3.2722
3.2661
3.4364
3.5688
3.5636
3.3092
3.2891
3.5254
3.5607
3.5705
3.4272
3.3751
3.4531
3.5934
3.4472
3.4475
3.4687
3.4906
3.5875
3.5768
3.5826
3.5076
3.362
3.4356
3.3952
3.3618
3.5422
3.4666
3.5127
3.5643
3.5059
3.3595
3.3908
3.3826
3.4665
3.5103
3.7005
3.4455
3.4442
3.5193
3.7059
3.6636
3.462
3.2763
3.3308
3.4963
3.529
3.3867
3.3571
3.4027
3.5678
3.4358
3.4554
3.4451
3.4752
3.5308
3.6571
3.5133
3.4031
3.4225
3.3761
3.4045
3.4651
3.4697
3.5184
3.5235
3.4715
3.5313
3.4417
3.427
3.4373
3.4518
3.4185
3.6208
3.7281
3.4693
