17.037
10.989
7.4362
5.4383
4.1744
3.6413
3.4456
3.5942
4.0548
4.3429
4.3105
4.2
4.226
4.4561
4.5039
4.2995
4.0262
4.0828
4.0779
3.7883
3.8339
4.1779
4.4655
4.6038
4.9125
4.9049
4.8394
4.527
4.5037
4.6866
4.9314
4.7849
4.5123
4.5306
4.6198
4.8857
4.8392
4.6315
4.6697
4.6929
4.786
4.7705
4.5847
4.502
4.4888
4.6019
4.6983
4.8845
4.758
5.0341
4.8819
4.7134
4.7524
4.6564
4.6864
4.8569
5.1165
5.084
5.0194
4.8695
4.6961
4.5116
4.8384
4.6876
4.6055
4.4392
4.5915
5.0283
5.1332
4.9928
4.841
4.8954
5.2001
5.0627
4.9062
4.7886
4.95
4.8425
4.8981
4.8077
4.7355
4.5952
4.8463
5.0369
4.9956
5.1094
5.0437
4.9711
4.8561
4.8515
4.8996
4.8729
4.8479
4.9491
5.056
5.0385
4.9522
4.9623
4.6721
4.6231
5.1481
