3.0801
7.8995
6.45
4.927
3.7827
3.2003
2.7925
2.4817
2.2058
1.6003
0.049087
0
0
0
0.019486
0
0
0
0
0.02897
0.10772
0.5483
0.93907
1.1406
1.5559
1.911
2.0308
1.7739
1.6388
1.6939
1.9628
1.9333
1.6714
1.5792
1.5983
1.8472
1.8973
1.7471
1.713
1.7479
1.8847
1.872
1.7046
1.5755
1.4625
1.4969
1.6018
1.8668
1.823
2.0916
2.0002
1.8133
1.8245
1.7136
1.6797
1.8131
2.0918
2.1348
2.0997
1.9692
1.7684
1.5187
1.747
1.6996
1.6104
1.313
1.2927
1.6932
1.9952
1.9781
1.7835
1.7557
2.0673
2.0576
1.9362
1.7654
1.8513
1.8102
1.8711
1.7697
1.6549
1.4364
1.5757
1.8158
1.8649
1.992
1.995
1.9348
1.8216
1.776
1.7668
1.746
1.6928
1.7739
1.904
1.9406
1.877
1.8665
1.5801
1.3582
1.7209
