8.8528
1.4145
1.9702
2.6294
3.437
4.0891
4.5571
4.723
4.5226
4.1677
4.1229
4.4467
4.8491
5.5284
7.2273
8.4097
8.2904
7.5055
6.6689
6.2646
6.1075
5.9089
5.7818
5.8406
5.6725
5.3919
5.338
5.5257
5.7402
5.7664
5.4331
5.3513
5.6281
5.7224
5.7208
5.5374
5.4333
5.5221
5.744
5.5644
5.5309
5.572
5.594
5.717
5.7429
5.7479
5.6262
5.4272
5.497
5.476
5.4004
5.674
5.6311
5.6876
5.7552
5.6798
5.4907
5.4762
5.4786
5.5994
5.7028
5.9409
5.6629
5.5604
5.6565
5.932
5.9087
5.6434
5.3047
5.2573
5.466
5.5823
5.3796
5.1288
5.0424
5.1616
4.9523
4.8374
4.7577
4.7396
4.7492
4.8291
4.6381
4.4781
4.4822
4.4436
4.4613
4.5344
4.5402
4.5943
4.5966
4.5235
4.5832
4.4831
4.4654
4.4736
4.4918
4.47
4.6616
4.7805
4.5155
