4.7401
1.3463
1.8919
2.5417
3.3361
3.9659
4.3946
4.4774
4.1474
3.6868
3.5401
3.5772
3.3864
3.0886
2.984
2.9959
3.1281
3.0675
2.9998
3.125
3.1338
3.0669
3.0803
3.1435
3.0026
2.9179
2.9117
3.0628
3.1669
3.1611
2.9389
2.9288
3.1345
3.1357
3.1328
2.9998
2.966
3.0375
3.157
3.0227
3.0326
3.0541
3.068
3.1514
3.1261
3.1271
3.0668
2.9425
3.0179
2.9839
2.9631
3.126
3.0543
3.0906
3.1296
3.0774
2.9526
2.994
2.9889
3.0653
3.0976
3.2624
3.0135
3.0282
3.0926
3.2428
3.1889
3.0153
2.8718
2.9317
3.0755
3.1016
2.9777
2.9652
3.0032
3.147
3.0147
3.0459
3.0336
3.0542
3.0979
3.2076
3.0637
2.9773
3.0068
2.9617
2.9996
3.0538
3.0563
3.0973
3.0963
3.0494
3.1003
3.0136
3.013
3.0289
3.0394
3.0038
3.1904
3.2684
3.0227
