6.5857
1.2717
1.8677
2.5308
3.3297
3.9681
4.4212
4.5624
4.3256
3.9482
3.8939
4.1658
4.4095
4.5686
4.7034
5.1845
6.2051
6.436
5.4424
4.6351
4.2624
4.1231
4.1571
4.3066
4.2023
4.0054
3.897
3.9974
4.1186
4.1024
3.7724
3.6956
3.9186
3.9409
3.9216
3.7557
3.6952
3.7806
3.9324
3.7758
3.7657
3.7906
3.8143
3.9127
3.9011
3.8961
3.8099
3.6614
3.7415
3.7094
3.68
3.8709
3.7941
3.8389
3.8882
3.8241
3.6724
3.7055
3.7065
3.7938
3.841
4.0299
3.7642
3.7487
3.8343
4.0317
3.9787
3.7566
3.5622
3.6283
3.8146
3.8509
3.6977
3.6656
3.7244
3.902
3.7673
3.7729
3.7658
3.799
3.856
3.9798
3.8255
3.7002
3.7215
3.685
3.7145
3.785
3.7935
3.8449
3.8476
3.7871
3.8472
3.7547
3.7366
3.7484
3.7693
3.7404
3.9422
4.0527
3.7794
