4.4381
1.5204
2.0306
2.6805
3.4923
4.1647
4.6766
4.9171
4.7903
4.455
4.401
4.7482
5.2212
6.133
7.9064
8.5879
8.2854
7.5503
6.9573
6.789
6.8789
6.8577
6.8136
6.9397
6.9298
6.6703
6.6001
6.7151
6.9387
7.0281
6.7365
6.5949
6.8075
6.9223
6.9538
6.817
6.6792
6.7075
6.9496
6.7612
6.7352
6.7727
6.7456
6.859
6.8944
6.9445
6.8517
6.656
6.6865
6.7105
6.5865
6.791
6.7392
6.7747
6.8663
6.8306
6.6994
6.6779
6.6434
6.7087
6.7753
6.9837
6.7851
6.66
6.7355
6.9879
7.0025
6.8563
6.531
6.4827
6.7044
6.8392
6.7323
6.5602
6.5633
6.7718
6.7057
6.6502
6.6505
6.6866
6.7523
6.8742
6.7781
6.6367
6.6078
6.5975
6.5854
6.6482
6.6374
6.7123
6.7521
6.6644
6.7355
6.6473
6.645
6.6315
6.6237
6.6155
6.754
6.949
6.817
