12.946
10.622
7.2471
5.2837
4.0136
3.4152
3.0702
2.9567
3.1212
3.2789
3.153
2.6159
2.4992
2.9964
3.5486
3.8725
4.0783
4.5112
4.6571
4.4355
4.5493
4.7827
4.7465
4.7367
5.0792
5.0725
4.9372
4.5717
4.5626
4.8178
5.0833
4.8866
4.606
4.6721
4.8099
5.0798
4.9655
4.7158
4.7543
4.7999
4.8641
4.8175
4.6407
4.5903
4.6454
4.8185
4.922
5.0445
4.8252
5.0141
4.792
4.6219
4.6801
4.6117
4.6818
4.8707
5.0921
4.9854
4.8759
4.7201
4.5738
4.4632
4.8586
4.6883
4.5885
4.4807
4.7448
5.1985
5.1849
4.8999
4.6858
4.7507
5.0476
4.8587
4.6779
4.5897
4.8038
4.7098
4.7606
4.6814
4.6388
4.563
4.8772
5.0449
4.9335
4.9825
4.8488
4.7417
4.6297
4.6526
4.745
4.7478
4.7378
4.8459
4.9114
4.8465
4.7408
4.7446
4.487
4.5085
5.0775
