7.3097
1.5521
2.0864
2.7504
3.5686
4.2186
4.6386
4.6745
4.2648
3.8093
3.7828
4.0491
4.2103
4.2581
4.342
4.6419
5.4424
7.0611
8.2894
8.7667
8.5561
7.9924
7.411
7.1418
6.956
6.6771
6.6218
6.7232
6.9158
6.9825
6.7137
6.5945
6.7905
6.8794
6.9027
6.7805
6.6645
6.6854
6.9166
6.7326
6.7197
6.762
6.7182
6.8102
6.8359
6.888
6.8162
6.6483
6.6885
6.7217
6.6287
6.7914
6.7142
6.747
6.8372
6.8157
6.7168
6.7286
6.7038
6.7354
6.7586
6.9309
6.7433
6.6518
6.7264
6.9526
6.9507
6.8396
6.5784
6.5712
6.7649
6.8347
6.7282
6.6262
6.6473
6.8266
6.7479
6.7075
6.7149
6.7407
6.7998
6.9212
6.8338
6.7218
6.7058
6.6935
6.6831
6.7379
6.7191
6.7852
6.8215
6.7373
6.8074
6.7227
6.7372
6.7316
6.7141
6.7004
6.8216
6.9903
6.8767
