2.5887
11.518
8.2948
5.9933
4.5462
3.8972
3.5938
3.6338
4.0442
4.3927
4.4112
4.2798
4.2614
4.4921
4.6575
4.7105
4.7756
5.1517
5.2416
4.9152
4.8307
4.808
4.6085
4.516
4.8355
4.9315
4.9412
4.6844
4.7617
5.1121
5.4849
5.4069
5.1839
5.2155
5.2743
5.4774
5.3745
5.1735
5.2426
5.2518
5.3225
5.2873
5.1036
5.0398
5.041
5.1519
5.2115
5.3483
5.2041
5.4704
5.3015
5.1666
5.209
5.1207
5.1605
5.3085
5.5176
5.4587
5.3925
5.2665
5.1195
4.9731
5.2888
5.1018
5.0227
4.8942
5.0627
5.4389
5.4556
5.2942
5.1699
5.2443
5.5264
5.3655
5.2281
5.1491
5.3164
5.1964
5.2525
5.1737
5.1166
4.9915
5.2272
5.3623
5.2883
5.3924
5.3231
5.2696
5.172
5.1835
5.2356
5.1965
5.1673
5.2517
5.3304
5.3026
5.2277
5.245
4.9769
4.951
5.4237
