13.47
12.274
8.2417
5.927
4.5093
3.8961
3.6416
3.7408
4.1828
4.5077
4.5315
4.5033
4.6442
4.9265
4.9566
4.8448
4.9265
5.5962
5.9933
5.7999
5.7153
5.6175
5.3202
5.1721
5.4181
5.4037
5.3395
5.0258
5.0046
5.1773
5.3713
5.2152
4.9957
5.065
5.1746
5.4251
5.3512
5.1621
5.2331
5.2411
5.3152
5.2844
5.1056
5.0452
5.0476
5.1598
5.2204
5.3574
5.214
5.4745
5.2971
5.1563
5.1941
5.1093
5.153
5.3015
5.5091
5.4498
5.377
5.2433
5.092
4.9495
5.269
5.0912
5.0192
4.893
5.0588
5.4329
5.4523
5.2911
5.1562
5.2176
5.4992
5.3467
5.2114
5.1287
5.2929
5.178
5.2399
5.1639
5.1073
4.9826
5.2176
5.3544
5.2847
5.3885
5.3159
5.2593
5.1588
5.1703
5.2231
5.1858
5.1597
5.2446
5.3223
5.2949
5.22
5.2351
4.9686
4.9436
5.4126
