8.1614
1.0619
1.6271
2.2609
3.0265
3.6438
4.1097
4.2884
4.081
3.6864
3.5635
3.6943
3.7385
3.6519
3.506
3.2665
3.1701
3.03
3.0067
3.2048
3.2594
3.1958
3.1989
3.2638
3.1321
3.058
3.0686
3.2472
3.3854
3.3839
3.1366
3.1311
3.3786
3.4198
3.4375
3.2956
3.2417
3.3179
3.4507
3.2958
3.2971
3.3141
3.3371
3.4371
3.4258
3.4376
3.3651
3.2172
3.2895
3.2404
3.1967
3.3768
3.2966
3.3467
3.4051
3.3475
3.1989
3.2308
3.2165
3.2999
3.3406
3.5353
3.282
3.2912
3.3688
3.5559
3.5129
3.3101
3.1243
3.1786
3.3352
3.3595
3.2157
3.1892
3.2357
3.3991
3.2637
3.2913
3.2841
3.3162
3.3724
3.5006
3.3589
3.2519
3.2724
3.2208
3.245
3.3007
3.3015
3.3499
3.3579
3.3115
3.3754
3.286
3.2693
3.2784
3.2913
3.2538
3.4605
3.5716
3.3104
