3.9221
9.6363
7.381
5.4536
4.1906
3.6625
3.4746
3.6155
4.0195
4.2112
4.0876
3.8777
3.798
3.9433
3.9607
3.7295
3.4029
3.3943
3.4045
3.006
2.6098
2.6328
3.1969
3.6017
3.9652
3.9265
3.8011
3.4614
3.4171
3.6118
3.8915
3.7589
3.4785
3.4838
3.5852
3.8649
3.8248
3.6123
3.6239
3.6653
3.7612
3.734
3.5545
3.4681
3.4588
3.5832
3.6943
3.8767
3.7235
3.9486
3.7781
3.5906
3.623
3.5271
3.5491
3.7193
3.9725
3.9271
3.8471
3.6919
3.5142
3.3319
3.6632
3.5451
3.4541
3.2677
3.4215
3.8686
3.9844
3.8123
3.6125
3.6377
3.9356
3.812
3.6485
3.5158
3.6733
3.5946
3.65
3.5587
3.4829
3.3437
3.5932
3.8001
3.7579
3.8427
3.7645
3.6743
3.5562
3.5448
3.5908
3.5806
3.5525
3.6524
3.7521
3.7304
3.6366
3.6329
3.3491
3.2633
3.7636
