18.181
12.397
8.2189
5.898
4.4885
3.884
3.6363
3.732
4.1495
4.4484
4.4713
4.4382
4.5626
4.9268
5.1146
5.0468
4.931
5.1676
5.3509
5.4202
5.9257
6.3666
6.3118
6.2108
6.4292
6.3403
6.2268
5.897
5.9203
6.1708
6.3898
6.1973
5.9494
6.0209
6.1323
6.3702
6.2576
6.0394
6.1125
6.1191
6.1775
6.1361
5.9576
5.9093
5.9403
6.08
6.1428
6.2585
6.0902
6.3344
6.1276
5.9826
6.0276
5.9579
6.0201
6.173
6.3728
6.2956
6.2096
6.0763
5.9411
5.8275
6.1593
5.954
5.8715
5.7737
5.9674
6.3343
6.3137
6.1138
5.9725
6.0605
6.3551
6.1788
6.026
5.96
6.1495
6.0307
6.0883
6.0157
5.9688
5.8642
6.1169
6.2389
6.1485
6.2457
6.1558
6.0909
5.9888
6.0105
6.0803
6.0463
6.0267
6.114
6.1795
6.1396
6.0608
6.0789
5.8216
5.8269
6.3094
