3.3132
1.3493
1.8911
2.531
3.3181
3.9496
4.3995
4.5377
4.2932
3.9038
3.8105
3.9776
4.0321
3.8676
3.5557
3.3649
3.4128
3.2575
3.0274
3.04
3.0094
2.9781
3.0619
3.2021
3.1192
3.0457
3.0303
3.1754
3.28
3.2673
3.0202
2.9923
3.1985
3.2082
3.2066
3.0626
3.0116
3.0744
3.1939
3.0581
3.0656
3.0856
3.1005
3.1862
3.164
3.1671
3.1053
2.978
3.052
3.0154
2.9907
3.154
3.081
3.1171
3.1574
3.1055
2.979
3.0189
3.0119
3.0878
3.1197
3.2874
3.0411
3.0569
3.1227
3.2777
3.2285
3.0573
2.9114
2.9683
3.1095
3.1315
3.0035
2.9886
3.0263
3.1715
3.0395
3.071
3.0596
3.0821
3.1278
3.2409
3.0992
3.012
3.0406
2.9938
3.0282
3.08
3.0812
3.1227
3.1234
3.0774
3.1302
3.0437
3.0419
3.0571
3.0669
3.0303
3.218
3.2998
3.0564
