9.9581
1.3506
1.9496
2.6328
3.4497
4.0904
4.5066
4.5583
4.2163
3.8098
3.7599
3.9646
4.0376
3.9152
3.7385
3.6976
3.9035
3.9361
3.8321
4.0185
4.2379
4.1856
3.8321
3.636
3.431
3.3629
3.4012
3.588
3.7189
3.7031
3.4266
3.3953
3.636
3.6701
3.6636
3.5002
3.4349
3.5151
3.6651
3.5194
3.5153
3.5345
3.5569
3.6578
3.6478
3.6468
3.5608
3.4079
3.4813
3.4482
3.4204
3.6144
3.5468
3.5947
3.646
3.5801
3.422
3.4485
3.4468
3.5412
3.5961
3.7942
3.5355
3.5164
3.5879
3.7773
3.7352
3.5223
3.3244
3.3806
3.5599
3.606
3.4639
3.4292
3.4816
3.6591
3.5316
3.5442
3.5327
3.5635
3.6218
3.7498
3.6001
3.4723
3.4832
3.439
3.47
3.5396
3.5527
3.6085
3.6156
3.5586
3.6147
3.5194
3.4979
3.5063
3.5268
3.4997
3.7075
3.8235
3.5549
