10.082
1.3849
1.9496
2.6198
3.432
4.0841
4.5425
4.6906
4.4062
3.5373
3.0421
3.0019
3.0474
3.1184
3.2442
3.3446
3.4652
3.2471
2.9855
3.0196
3.0452
3.0636
3.1648
3.2947
3.1756
3.0608
3.033
3.1903
3.3242
3.3451
3.1073
3.082
3.3071
3.3264
3.3114
3.1462
3.0889
3.1649
3.3073
3.1818
3.1971
3.2208
3.2459
3.3477
3.3398
3.3523
3.2825
3.1375
3.2057
3.164
3.1298
3.3064
3.2363
3.283
3.3368
3.2804
3.1339
3.1604
3.148
3.2313
3.275
3.4662
3.2203
3.2211
3.2872
3.454
3.4036
3.2174
3.051
3.1033
3.2572
3.2914
3.158
3.1284
3.1674
3.3268
3.1992
3.2252
3.2117
3.2383
3.2931
3.4219
3.2778
3.1738
3.1948
3.1479
3.1785
3.2354
3.2416
3.2925
3.3019
3.2542
3.3062
3.214
3.2022
3.2145
3.2305
3.1992
3.4012
3.4939
3.2343
