12.075
13.641
9.4093
6.6771
5.027
4.2951
3.9721
4.0339
4.4621
4.7894
4.7925
4.6832
4.7039
4.9865
5.2595
5.4488
5.4766
5.5779
5.3767
4.9775
4.9751
5.0765
4.9441
4.8559
5.0727
5.0135
4.918
4.5843
4.5445
4.7048
4.8862
4.7108
4.4502
4.4658
4.5355
4.7742
4.7246
4.5529
4.6298
4.6612
4.758
4.7425
4.5674
4.5021
4.4935
4.5965
4.6654
4.8246
4.7
4.9795
4.8286
4.6885
4.728
4.6309
4.6565
4.8026
5.0229
4.9792
4.9215
4.7956
4.6417
4.4737
4.7743
4.601
4.5238
4.3725
4.5184
4.9033
4.9562
4.8196
4.6958
4.7601
5.043
4.8976
4.7636
4.6728
4.8269
4.7096
4.7652
4.6816
4.6158
4.4745
4.6969
4.8458
4.7886
4.8999
4.8447
4.7955
4.6979
4.7006
4.7399
4.6978
4.6626
4.746
4.8356
4.8182
4.745
4.7606
4.4834
4.4295
4.893
