10.816
11.264
7.9714
5.7786
4.4111
3.8339
3.617
3.7521
4.2031
4.4826
4.3779
4.1238
3.9673
4.0499
4.1107
4.0905
4.2948
5.5107
6.9725
7.5152
7.6628
7.4994
7.0241
6.7679
7.009
6.923
6.7389
6.3048
6.237
6.4207
6.5877
6.3565
6.1015
6.1844
6.2993
6.5254
6.3926
6.1715
6.2619
6.2892
6.3576
6.3226
6.1513
6.1164
6.1646
6.3137
6.373
6.4737
6.2889
6.5266
6.321
6.1938
6.2469
6.1759
6.2456
6.4055
6.5978
6.5031
6.4151
6.2881
6.1583
6.0562
6.4056
6.192
6.104
6.0238
6.2562
6.6399
6.588
6.3608
6.2264
6.3225
6.6011
6.396
6.239
6.1822
6.382
6.2571
6.3086
6.2372
6.2003
6.1162
6.3927
6.5122
6.4011
6.4816
6.3762
6.3074
6.2079
6.236
6.3164
6.2874
6.2718
6.3626
6.4218
6.3692
6.2835
6.3018
6.0507
6.086
6.5977
