8.8638
1.432
2.0138
2.7012
3.5329
4.2123
4.7073
4.8862
4.6516
4.2323
4.1441
4.4493
4.8952
5.1337
4.7474
4.4153
4.4335
4.3771
4.292
4.4191
4.4393
4.3289
4.3042
4.4292
4.3915
4.3132
4.3422
4.5507
4.7507
4.7842
4.4733
4.3974
4.6669
4.7689
4.8078
4.6444
4.5234
4.6004
4.8006
4.6427
4.631
4.6631
4.6924
4.8171
4.8374
4.8473
4.7304
4.5318
4.5838
4.5396
4.4777
4.7135
4.6593
4.7301
4.8173
4.7541
4.5589
4.5403
4.5138
4.6146
4.6971
4.9521
4.7167
4.6594
4.7403
4.9768
4.9453
4.7077
4.4233
4.4377
4.6548
4.7434
4.5825
4.4872
4.5353
4.757
4.6521
4.6405
4.6285
4.6737
4.7598
4.9368
4.7991
4.6318
4.6112
4.5582
4.5551
4.6292
4.6483
4.7285
4.7644
4.707
4.7815
4.6767
4.6283
4.6157
4.6361
4.6186
4.8515
5.0201
4.7503
