16.137
12.585
8.356
5.9726
4.5398
3.9346
3.7027
3.8329
4.3004
4.6554
4.7673
4.8793
5.1483
5.5587
5.6683
5.5167
5.3586
5.5663
5.6874
5.7022
6.1268
6.464
6.3435
6.2304
6.439
6.3485
6.2548
5.9608
6.0106
6.2612
6.4533
6.2565
6.0328
6.1206
6.2381
6.4694
6.3564
6.1621
6.2583
6.2616
6.3207
6.2789
6.1122
6.0824
6.124
6.2689
6.3236
6.4278
6.2682
6.5121
6.3045
6.1869
6.2267
6.1614
6.2301
6.3716
6.5455
6.463
6.3797
6.2643
6.1415
6.047
6.3627
6.1533
6.0851
6.0124
6.2092
6.5466
6.4978
6.313
6.2017
6.293
6.56
6.3686
6.2311
6.1842
6.361
6.2328
6.2904
6.2257
6.1878
6.0937
6.3399
6.4435
6.3506
6.4462
6.3551
6.3011
6.2041
6.2297
6.2982
6.2604
6.2475
6.3311
6.3848
6.3438
6.2731
6.2909
6.0532
6.0805
6.5401
