12.402
11.764
7.5023
5.3497
4.0527
3.486
3.2242
3.2635
3.6319
3.9334
3.9203
3.7027
3.4966
3.731
4.3797
4.6071
4.4923
4.6102
4.5613
4.2657
4.3202
4.4499
4.2711
4.0789
4.2197
4.1497
4.0304
3.6781
3.6238
3.8157
4.0955
3.9475
3.6403
3.6268
3.7242
4.0245
4.0016
3.772
3.7621
3.7881
3.8627
3.8163
3.6205
3.5248
3.5197
3.6609
3.7893
3.9781
3.8166
4.0365
3.8539
3.6422
3.6714
3.5783
3.6035
3.7849
4.0613
4.0274
3.9459
3.7752
3.5859
3.3909
3.7247
3.6092
3.5191
3.3385
3.5038
3.9531
4.0695
3.888
3.672
3.6914
4.0047
3.8935
3.7255
3.585
3.7454
3.6672
3.7234
3.63
3.5502
3.4057
3.6678
3.8885
3.8525
3.9453
3.8687
3.7697
3.6431
3.6263
3.6709
3.6617
3.6371
3.7487
3.8586
3.8376
3.7394
3.7352
3.4408
3.3568
3.8724
