12.132
12.391
8.4642
6.0316
4.5764
3.9708
3.7482
3.881
4.3091
4.5575
4.4924
4.3527
4.375
4.6606
4.8227
4.7936
4.8721
5.5875
6.2636
6.5055
6.835
6.9783
6.752
6.6255
6.8601
6.7813
6.6794
6.3658
6.4079
6.6745
6.8855
6.6951
6.4752
6.5656
6.6803
6.905
6.7745
6.563
6.6546
6.6602
6.7184
6.6738
6.5045
6.477
6.5292
6.6823
6.7341
6.8202
6.6327
6.8566
6.6349
6.5206
6.5703
6.5101
6.591
6.7447
6.9181
6.8158
6.719
6.5971
6.4763
6.396
6.74
6.5284
6.45
6.3882
6.623
6.9883
6.913
6.6818
6.5526
6.6486
6.9156
6.7039
6.5527
6.5089
6.7045
6.5801
6.6354
6.5708
6.5411
6.467
6.7417
6.8489
6.7322
6.8048
6.6914
6.6258
6.5284
6.5624
6.647
6.619
6.611
6.6984
6.7459
6.6887
6.6051
6.6215
6.3866
6.4409
6.9375
