4.156
1.522
2.0404
2.6952
3.5045
4.1457
4.5622
4.6067
4.244
3.8195
3.7658
3.9745
4.0534
3.9441
3.7957
3.7864
4.019
4.0614
3.9229
4.0715
4.2415
4.106
3.7654
3.6323
3.4758
3.4218
3.4589
3.6464
3.7864
3.7835
3.5006
3.4537
3.6908
3.7327
3.738
3.5768
3.4979
3.5683
3.7163
3.5685
3.5603
3.5733
3.5951
3.7022
3.7045
3.7187
3.6373
3.4737
3.5334
3.4859
3.4438
3.6345
3.5643
3.6155
3.6744
3.6126
3.4496
3.4665
3.455
3.5454
3.6
3.8061
3.5561
3.541
3.6155
3.8183
3.7977
3.5908
3.3719
3.4078
3.5777
3.6221
3.4775
3.4356
3.4827
3.6602
3.5347
3.5491
3.5376
3.5704
3.6332
3.7712
3.6341
3.5084
3.5126
3.4604
3.4831
3.5473
3.5574
3.6139
3.6248
3.5716
3.6323
3.5404
3.5157
3.5185
3.5353
3.5058
3.7176
3.846
3.5873
