5.7379
1.4929
2.0048
2.6412
3.441
4.0988
4.5883
4.78
4.5667
4.156
4.0565
4.2899
4.467
4.5171
4.5111
4.6506
5.1389
5.6505
5.8192
5.6505
5.3177
4.9434
4.7798
4.8669
4.7204
4.4122
4.2637
4.4026
4.6
4.6199
4.3156
4.2659
4.5358
4.6028
4.6015
4.4284
4.3449
4.4344
4.6194
4.4475
4.4277
4.452
4.4781
4.5956
4.6042
4.6106
4.5057
4.3229
4.3915
4.3583
4.3097
4.5236
4.4476
4.5033
4.5719
4.5031
4.3299
4.3488
4.345
4.4416
4.5036
4.7212
4.454
4.4095
4.5004
4.7393
4.7084
4.4656
4.209
4.2542
4.4646
4.5204
4.3557
4.2955
4.3579
4.5637
4.4401
4.4328
4.4279
4.471
4.5425
4.687
4.54
4.3863
4.3856
4.3446
4.3605
4.4387
4.4509
4.5161
4.5325
4.4654
4.5347
4.4371
4.405
4.4064
4.4276
4.4047
4.6194
4.7735
4.5022
