10.46
9.4632
7.2185
5.4491
4.1756
3.5366
3.1311
2.936
3.01
3.1375
3.0812
2.7556
2.2216
1.2266
0
0
0
0
0
0.011601
0
0
0
0
0
0.076138
0.19567
0
0
0.015832
0.48217
0.97579
1.0852
1.195
1.3561
1.7195
1.8588
1.7656
1.776
1.8461
1.9992
1.9926
1.8338
1.7288
1.6595
1.7421
1.8708
2.1184
2.0365
2.2752
2.157
1.972
1.9878
1.8804
1.8614
2.006
2.2712
2.2823
2.2297
2.0974
1.9077
1.684
1.9454
1.891
1.8032
1.5425
1.5971
2.0345
2.2766
2.1992
1.9995
1.9896
2.2873
2.2275
2.0823
1.9184
2.0223
1.9775
2.0336
1.934
1.8336
1.6495
1.8368
2.0794
2.0983
2.1979
2.1672
2.091
1.9742
1.9372
1.945
1.9355
1.8946
1.9854
2.104
2.1178
2.0414
2.0276
1.7513
1.5786
1.9942
