9.7094
1.6155
2.0585
2.6822
3.4773
4.1258
4.5895
4.7456
4.4794
3.7131
3.2231
3.1601
3.1969
3.27
3.4111
3.5545
3.7504
3.6537
3.3992
3.3366
3.2523
3.1914
3.2478
3.357
3.216
3.0854
3.0562
3.2117
3.3367
3.3383
3.0823
3.0453
3.2541
3.2559
3.2296
3.0653
3.0127
3.0883
3.2228
3.092
3.1021
3.1239
3.1449
3.2395
3.2188
3.2157
3.1403
3.0009
3.0723
3.0388
3.0155
3.1893
3.1208
3.1603
3.2028
3.1424
3.0027
3.0374
3.0349
3.1195
3.1605
3.3365
3.0847
3.0835
3.1461
3.2987
3.2414
3.0574
2.9076
2.9707
3.1256
3.1585
3.0308
3.0119
3.0561
3.2101
3.0797
3.1042
3.0896
3.1106
3.1562
3.2677
3.1143
3.0109
3.0345
2.9914
3.0296
3.0887
3.0967
3.1438
3.145
3.0933
3.1378
3.0446
3.0384
3.0541
3.0712
3.0409
3.2323
3.3116
3.0559
