4.2872
1.8155
2.3082
2.9962
3.892
4.7504
5.7409
7.8615
9.8172
9.8327
8.6858
7.3903
6.3585
5.9831
6
6.1571
6.4122
6.4105
6.19
6.2236
6.3488
6.292
6.2315
6.3659
6.3489
6.0689
5.9738
6.1103
6.3815
6.5317
6.2354
6.0719
6.3153
6.4769
6.5091
6.2439
5.9032
5.8315
6.008
5.7849
5.6838
5.6526
5.6465
5.7809
5.8376
5.8636
5.7031
5.417
5.4176
5.3652
5.2826
5.5314
5.4801
5.56
5.6652
5.5938
5.3689
5.3294
5.3069
5.4158
5.5194
5.8058
5.5743
5.4569
5.5308
5.8269
5.8497
5.5848
5.2183
5.2101
5.4622
5.5757
5.4045
5.2798
5.3349
5.5935
5.5138
5.4726
5.4538
5.5009
5.5952
5.783
5.6562
5.4362
5.3762
5.3232
5.3141
5.4042
5.4329
5.5304
5.5782
5.498
5.5646
5.4527
5.393
5.3726
5.3959
5.3916
5.6253
5.8489
5.5992
