7.741
10.345
7.335
5.369
4.0756
3.4604
3.1026
2.9913
3.2227
3.5676
3.6936
3.5899
3.5189
3.6601
3.7552
3.681
3.5751
3.9396
4.6632
5.0026
5.273
5.3385
5.0853
4.9282
5.2505
5.378
5.4082
5.1617
5.3181
5.8306
6.3543
6.3284
6.1289
6.2227
6.3465
6.5901
6.474
6.25
6.3199
6.3146
6.3426
6.2582
6.0359
5.9558
5.9669
6.0924
6.1434
6.2454
6.0635
6.3033
6.1021
5.9727
6.0226
5.9471
6.0092
6.165
6.3604
6.2744
6.1925
6.0663
5.932
5.8183
6.1576
5.9488
5.8631
5.7701
5.9835
6.3592
6.321
6.113
5.9853
6.0789
6.3594
6.1662
6.0165
5.9554
6.1452
6.0191
6.0714
5.9978
5.9549
5.8592
6.1243
6.2456
6.1441
6.2325
6.1372
6.0733
5.9743
5.998
6.0711
6.0396
6.0216
6.1111
6.1743
6.1278
6.045
6.0624
5.8071
5.8271
6.3251
