6.0425
10.208
7.4509
5.4673
4.1912
3.6505
3.4432
3.5646
3.9914
4.2811
4.2734
4.1792
4.284
4.8793
5.6803
6.2107
6.3651
6.5331
6.3102
5.7902
5.6887
5.7374
5.5903
5.54
5.8914
5.9275
5.8506
5.4993
5.4743
5.6865
5.9289
5.7537
5.4869
5.5452
5.6644
5.9171
5.808
5.5651
5.6199
5.6537
5.7348
5.7007
5.5117
5.4503
5.4764
5.6157
5.6877
5.8075
5.613
5.8305
5.606
5.4089
5.4404
5.3734
5.4586
5.6635
5.9058
5.8165
5.6876
5.492
5.3084
5.1792
5.5843
5.4499
5.3759
5.2528
5.4703
5.8993
5.8942
5.6352
5.4021
5.4147
5.7021
5.5459
5.38
5.2776
5.4561
5.3372
5.3843
5.2955
5.2358
5.1211
5.3913
5.5514
5.4655
5.5506
5.4554
5.373
5.2606
5.2688
5.3333
5.3097
5.2882
5.3869
5.4734
5.4335
5.3387
5.3487
5.0685
5.0532
5.5849
