12.606
11.738
7.9007
5.687
4.3156
3.7064
3.4329
3.5284
4.0787
4.62
4.7776
4.7733
4.9487
5.4179
5.8117
6.0785
6.2502
6.534
6.4619
6.1569
6.2461
6.4225
6.3489
6.3546
6.646
6.5723
6.4714
6.1695
6.2136
6.4491
6.6178
6.4123
6.191
6.2799
6.393
6.6191
6.5
6.301
6.3981
6.4093
6.4757
6.4387
6.2731
6.2441
6.2885
6.4333
6.4836
6.5769
6.4
6.6314
6.4205
6.3087
6.355
6.2901
6.3646
6.5162
6.6939
6.6014
6.5122
6.3937
6.2685
6.1767
6.5105
6.3037
6.2283
6.1561
6.3734
6.7315
6.6683
6.4536
6.3303
6.4211
6.6866
6.486
6.3453
6.3004
6.4874
6.3617
6.4173
6.3506
6.3157
6.2317
6.4956
6.6045
6.4967
6.575
6.4694
6.4086
6.3124
6.3433
6.4218
6.3913
6.3807
6.4663
6.5176
6.4664
6.3859
6.4018
6.1634
6.2046
6.6908
