4.7642
1.5558
1.9962
2.6234
3.4242
4.1016
4.6464
4.9322
4.78
4.2719
4.015
4.1248
4.1961
4.1273
4.0032
3.9669
4.1204
4.0664
3.7186
3.5873
3.508
3.4816
3.5913
3.8057
3.7352
3.5698
3.5308
3.7442
3.9958
4.0009
3.623
3.4761
3.6733
3.7068
3.7174
3.581
3.5356
3.6196
3.7676
3.6214
3.6291
3.6662
3.709
3.8325
3.8494
3.876
3.8054
3.655
3.7339
3.6907
3.6478
3.8426
3.763
3.818
3.8821
3.8223
3.6624
3.6874
3.6742
3.7614
3.8115
4.0201
3.7619
3.7554
3.8444
4.0625
4.0316
3.8129
3.5953
3.6431
3.8202
3.8519
3.6905
3.6465
3.6983
3.8791
3.7458
3.7593
3.7537
3.7922
3.8577
3.9986
3.8579
3.7326
3.7463
3.6966
3.7127
3.7754
3.779
3.8329
3.8437
3.7895
3.859
3.7684
3.7432
3.7485
3.7645
3.7311
3.9455
4.078
3.812
