6.1121
1.4609
2.0006
2.6518
3.4605
4.1229
4.6093
4.7843
4.534
4.0785
3.9346
4.0921
4.1483
4.0323
3.8583
3.7682
3.8686
3.6734
3.287
3.1757
3.0955
3.057
3.1397
3.2763
3.1645
3.0526
3.032
3.203
3.3556
3.3899
3.1616
3.1593
3.4077
3.4424
3.4512
3.3055
3.2545
3.3396
3.4823
3.3269
3.3269
3.3417
3.3668
3.4722
3.465
3.48
3.4044
3.25
3.3205
3.2701
3.2225
3.4084
3.3277
3.3771
3.4352
3.3731
3.2195
3.2513
3.2386
3.3278
3.3723
3.5708
3.3108
3.3117
3.3869
3.5807
3.5449
3.3411
3.1482
3.2009
3.3633
3.3941
3.2465
3.2097
3.251
3.4156
3.2799
3.3068
3.2986
3.331
3.3884
3.5196
3.3795
3.271
3.2899
3.2368
3.2593
3.3149
3.3152
3.3641
3.3734
3.3268
3.3921
3.302
3.2836
3.292
3.3047
3.267
3.4763
3.5923
3.3303
