3.8109
10.471
7.5201
5.4916
4.204
3.6594
3.4564
3.6057
4.0961
4.4535
4.4997
4.4812
4.6643
5.1807
5.5274
5.5135
5.3739
5.5451
5.5617
5.344
5.5269
5.8487
5.8848
5.8625
6.085
5.9839
5.883
5.5863
5.6274
5.8646
6.0611
5.8618
5.6187
5.6964
5.8213
6.0718
5.9651
5.7445
5.8116
5.8177
5.8848
5.8476
5.6735
5.6397
5.6914
5.8595
5.9459
6.0686
5.8918
6.1175
5.8904
5.7348
5.7763
5.7104
5.7894
5.9663
6.174
6.0846
5.9785
5.8283
5.684
5.5749
5.9344
5.7619
5.7013
5.6204
5.8408
6.2294
6.2033
5.9871
5.8301
5.8995
6.177
5.9844
5.822
5.7463
5.928
5.8105
5.8704
5.8003
5.7624
5.6786
5.9669
6.1158
6.0316
6.1195
6.0129
5.9303
5.8147
5.8303
5.9037
5.8848
5.8856
5.9906
6.0623
6.014
5.9244
5.9348
5.6821
5.7167
6.2371
