3.6395
10.599
7.7569
5.668
4.3426
3.7862
3.5851
3.7372
4.2166
4.5868
4.7583
5.134
5.7772
6.288
6.1762
5.7836
5.4796
5.6234
5.6557
5.4337
5.534
5.6429
5.458
5.3317
5.5775
5.5409
5.4454
5.1022
5.0674
5.2407
5.4445
5.2708
5.0151
5.0622
5.1572
5.4041
5.3281
5.1249
5.1904
5.2196
5.3035
5.2793
5.0985
5.0295
5.031
5.1495
5.2264
5.3795
5.2318
5.4944
5.3211
5.1654
5.2073
5.118
5.1563
5.314
5.5446
5.4922
5.4228
5.282
5.1223
4.9641
5.2916
5.1101
5.0208
4.8772
5.0485
5.4573
5.5053
5.3322
5.1772
5.2407
5.543
5.395
5.2456
5.1489
5.3215
5.2085
5.2643
5.1804
5.1168
4.9871
5.2334
5.3894
5.3224
5.4265
5.3512
5.2831
5.1761
5.1828
5.238
5.2055
5.1762
5.2666
5.3545
5.3284
5.2461
5.2592
4.9776
4.9386
5.4335
