0.68054
9.2807
6.9418
5.1581
3.9519
3.4018
3.1243
3.1216
3.4392
3.7318
3.7721
3.6682
3.6797
4.0624
4.5636
4.7952
4.8373
5.1428
5.277
5.1071
5.3192
5.6881
5.7659
5.7554
5.9968
5.9141
5.8137
5.5066
5.5471
5.8066
6.0406
5.8464
5.5842
5.6592
5.8004
6.0807
5.9914
5.7621
5.8232
5.8422
5.9128
5.8762
5.6985
5.6609
5.7194
5.8995
5.9975
6.1251
5.9416
6.1705
5.9526
5.7917
5.8427
5.7794
5.8542
6.0329
6.2527
6.1676
6.066
5.9128
5.7667
5.6482
6.0101
5.829
5.751
5.659
5.8826
6.2775
6.2517
6.0221
5.8535
5.9256
6.2217
6.0433
5.8822
5.8053
5.9984
5.8852
5.9438
5.8688
5.8231
5.727
6.0146
6.1614
6.0653
6.1465
6.0387
5.954
5.8417
5.8602
5.9364
5.9157
5.9074
6.0099
6.082
6.0305
5.935
5.9461
5.6812
5.7059
6.234
