19.403
14.193
8.9407
6.2628
4.7415
4.1277
3.9278
4.1005
4.5571
4.8009
4.6605
4.3986
4.236
4.2909
4.2857
4.2017
4.3059
5.0922
5.7988
5.8981
6.0424
6.07
5.793
5.6195
5.8344
5.7812
5.6865
5.3388
5.29
5.4456
5.6151
5.4045
5.1221
5.1407
5.2052
5.4176
5.3131
5.0931
5.145
5.1595
5.2389
5.2131
5.0308
4.9615
4.9583
5.0674
5.1347
5.2837
5.1425
5.4121
5.2494
5.1041
5.1472
5.0563
5.0899
5.2402
5.4632
5.4131
5.3499
5.2181
5.0647
4.9051
5.2196
5.0347
4.9472
4.8008
4.9599
5.355
5.4026
5.2486
5.1147
5.1845
5.4773
5.3255
5.1805
5.088
5.255
5.1386
5.1933
5.1087
5.0438
4.9095
5.1449
5.2939
5.229
5.3371
5.2714
5.2141
5.1127
5.1194
5.1693
5.1311
5.0984
5.1837
5.27
5.247
5.1696
5.1863
4.9082
4.8658
5.3458
