2.9237
1.4387
1.9561
2.5977
3.3923
4.0298
4.4754
4.5957
4.3251
3.927
3.85
4.0449
4.1301
4.0405
3.901
3.9024
4.1901
4.4571
4.6306
4.6973
4.432
4.1206
4.0116
4.0654
3.9782
3.8738
3.869
4.0649
4.2675
4.3042
3.9989
3.9005
4.1096
4.1492
4.1568
3.99
3.8871
3.9372
4.0783
3.9181
3.8967
3.9078
3.9255
4.0247
4.0256
4.0335
3.9451
3.7783
3.8407
3.7939
3.7522
3.9481
3.8735
3.9212
3.9743
3.9111
3.7526
3.7706
3.7582
3.8512
3.9061
4.1072
3.8495
3.8304
3.9079
4.1174
4.0898
3.8785
3.6619
3.7003
3.8841
3.9306
3.7796
3.729
3.7785
3.9635
3.8378
3.8457
3.8332
3.8666
3.9287
4.0652
3.9234
3.7966
3.8062
3.7606
3.7845
3.8529
3.862
3.9168
3.9259
3.8674
3.9285
3.8367
3.8145
3.8208
3.8385
3.8103
4.0191
4.1435
3.8843
