8.0384
1.5019
2.0356
2.6845
3.4834
4.1042
4.4826
4.474
4.0796
3.6281
3.5125
3.6195
3.6333
3.5612
3.5348
3.4331
3.2295
2.9529
2.8912
3.0915
3.1876
3.1827
3.2229
3.3038
3.1575
3.0544
3.0391
3.1884
3.2952
3.2914
3.0614
3.0508
3.265
3.2699
3.2681
3.1311
3.0914
3.163
3.2854
3.1412
3.1486
3.1679
3.1835
3.2715
3.2541
3.2652
3.2057
3.0737
3.1464
3.1015
3.0673
3.2337
3.1589
3.1996
3.2446
3.1926
3.0621
3.1005
3.0885
3.1659
3.1997
3.3742
3.1232
3.1419
3.2113
3.3769
3.3307
3.156
2.9995
3.0526
3.1998
3.2327
3.109
3.0913
3.1364
3.3083
3.201
3.2531
3.2636
3.3137
3.3708
3.4921
3.3526
3.2585
3.2866
3.2383
3.2647
3.3196
3.3212
3.3695
3.3779
3.3325
3.3955
3.3079
3.2942
3.3029
3.3135
3.2775
3.4814
3.5907
3.3415
