4.7869
1.7146
2.1342
2.7757
3.5951
4.2788
4.7984
5.0537
4.9893
4.8308
5.1771
5.5107
5.2643
4.8099
4.5854
4.6123
4.7938
4.7198
4.5883
4.7565
4.8727
4.846
4.8579
5.0165
4.9091
4.664
4.6122
4.8182
5.0678
5.1497
4.8041
4.6982
4.9941
5.1252
5.1662
4.979
4.8313
4.9123
5.1418
4.9675
4.9251
4.9278
4.9637
5.1319
5.2188
5.2975
5.1932
4.9406
4.9526
4.8708
4.7493
4.9823
4.909
4.9895
5.1067
5.0443
4.8113
4.7635
4.7181
4.8174
4.9071
5.2007
4.9722
4.8975
5.0029
5.3502
5.4598
5.2303
4.8204
4.7676
4.9832
5.076
4.8847
4.7436
4.7866
5.0398
4.9547
4.9387
4.9373
5.0088
5.1374
5.3907
5.3653
5.2062
5.1582
5.0938
5.0487
5.116
5.1403
5.2628
5.3689
5.3671
5.553
5.5861
5.6152
5.6633
5.8502
6.099
6.3426
6.5678
6.4353
