3.1495
9.5952
7.1241
5.2837
4.0693
3.5584
3.378
3.5394
4.0024
4.2676
4.1928
4.0251
4.0021
4.226
4.3174
4.1629
3.9552
4.1392
4.3245
4.182
4.3999
4.9805
5.3514
5.4239
5.6133
5.4841
5.3719
5.0669
5.0923
5.3265
5.571
5.4033
5.1434
5.1967
5.308
5.572
5.4976
5.2849
5.3464
5.3762
5.4624
5.4411
5.2612
5.1992
5.2161
5.3495
5.4321
5.5775
5.4138
5.6617
5.4756
5.3175
5.3628
5.279
5.3295
5.5003
5.7333
5.6681
5.586
5.4393
5.2831
5.1368
5.4849
5.3111
5.2238
5.0886
5.2732
5.688
5.7183
5.5222
5.3584
5.4198
5.7139
5.5515
5.3957
5.304
5.488
5.3794
5.4366
5.3543
5.2962
5.1792
5.4437
5.6046
5.5263
5.6151
5.5232
5.4459
5.3365
5.3477
5.4136
5.3903
5.3693
5.4648
5.5495
5.5125
5.4204
5.4309
5.1529
5.1339
5.6531
