0.71874
9.6972
7.308
5.4081
4.1462
3.5909
3.3481
3.4236
3.8312
4.1508
4.1792
4.1034
4.19
4.6292
5.0867
5.3056
5.3626
5.6216
5.6146
5.3143
5.3783
5.507
5.357
5.2693
5.5599
5.5638
5.4935
5.1674
5.1579
5.3782
5.6264
5.4756
5.2401
5.3064
5.417
5.6623
5.5675
5.3553
5.4274
5.4553
5.5387
5.5097
5.3297
5.2787
5.3059
5.4455
5.5227
5.6546
5.486
5.7245
5.5189
5.3596
5.4058
5.3384
5.4083
5.5809
5.7916
5.704
5.5996
5.4439
5.2949
5.1785
5.5458
5.3803
5.304
5.1848
5.3813
5.7794
5.7706
5.5516
5.375
5.432
5.7297
5.5751
5.4318
5.3532
5.5323
5.4146
5.4708
5.3936
5.3442
5.2376
5.5019
5.6476
5.5618
5.6504
5.5585
5.4876
5.3816
5.3944
5.4571
5.4279
5.4088
5.5029
5.5805
5.54
5.4526
5.4652
5.1974
5.1956
5.7056
