9.1012
1.2668
1.8168
2.4529
3.234
3.8703
4.3528
4.5609
4.404
4.065
4.0203
4.323
4.6306
4.907
5.2597
6.4136
7.9621
8.2984
7.4397
6.7129
6.2463
5.9889
6.0186
6.4631
6.6607
6.4267
6.2914
6.3653
6.596
6.7269
6.4205
6.2294
6.4286
6.5399
6.5732
6.4082
6.2235
6.2322
6.4618
6.2768
6.2511
6.2782
6.269
6.4045
6.4567
6.5153
6.41
6.1882
6.2119
6.2207
6.1014
6.3219
6.2704
6.322
6.4307
6.3865
6.2202
6.1882
6.1503
6.2269
6.3045
6.5539
6.359
6.2306
6.3038
6.5793
6.6162
6.4332
6.0696
6.0332
6.2615
6.3872
6.2664
6.1122
6.1393
6.3771
6.3162
6.2641
6.2562
6.2933
6.376
6.5324
6.447
6.2803
6.2293
6.2014
6.1806
6.2494
6.2579
6.3452
6.3902
6.3053
6.3778
6.2859
6.2592
6.2375
6.2411
6.2332
6.4047
6.626
6.467
