9.5841
11.824
7.8715
5.6559
4.328
3.8023
3.657
3.8735
4.3495
4.5619
4.453
4.3469
4.423
4.6068
4.5125
4.227
3.9751
4.1589
4.6682
5.2999
6.2539
6.5952
6.4332
6.3866
6.7158
6.7101
6.6678
6.4075
6.4857
6.7453
6.9353
6.7374
6.5281
6.6429
6.7662
6.9943
6.8669
6.6618
6.7645
6.7867
6.8463
6.8125
6.6507
6.6145
6.6581
6.803
6.8577
6.9607
6.7898
7.0321
6.8257
6.7101
6.7503
6.6744
6.7433
6.8952
7.0843
6.9995
6.9215
6.7999
6.6632
6.5594
6.8899
6.6624
6.5825
6.5269
6.7623
7.1293
7.0756
6.8638
6.748
6.8455
7.1051
6.8873
6.7356
6.6859
6.8742
6.733
6.7818
6.7174
6.6849
6.6053
6.8775
6.9876
6.8848
6.9786
6.8732
6.8049
6.6994
6.7222
6.7991
6.7638
6.7516
6.8445
6.8998
6.8533
6.7754
6.7911
6.5433
6.5808
7.0733
