16.012
11.884
8.1232
5.8776
4.483
3.8812
3.6341
3.7326
4.1567
4.4582
4.4811
4.4851
4.6869
5.0281
5.1052
5.0313
5.1305
5.7986
6.2052
6.0593
6.0355
5.9674
5.6758
5.5472
5.8225
5.8316
5.7993
5.5248
5.5572
5.7767
5.9639
5.791
5.5867
5.6778
5.7912
6.02
5.9131
5.7182
5.8051
5.8118
5.8818
5.8453
5.6748
5.638
5.6697
5.8071
5.8665
5.9802
5.8194
6.0601
5.8529
5.7242
5.7654
5.6949
5.7607
5.9121
6.0965
6.0111
5.9201
5.7922
5.6599
5.5577
5.8913
5.7026
5.636
5.5497
5.755
6.1243
6.0939
5.8981
5.7626
5.8354
6.1033
5.9159
5.771
5.708
5.8836
5.7639
5.8244
5.7563
5.7161
5.6204
5.8767
5.9995
5.9094
5.9969
5.9006
5.8368
5.7351
5.7562
5.8225
5.79
5.7768
5.8644
5.926
5.8823
5.8031
5.8166
5.5694
5.5904
6.0702
