5.4224
8.9065
6.7872
5.0833
3.9037
3.3575
3.0595
2.9814
3.1302
3.2027
3.032
2.5954
1.7816
0.79975
0
0
0.047961
0.8452
2.069
2.5465
2.8771
3.2211
3.3406
3.4409
3.9397
4.1992
4.2134
3.872
3.8079
4.0203
4.3458
4.2287
3.9499
3.9854
4.1186
4.4142
4.3643
4.0956
4.0959
4.1423
4.2347
4.1982
4.0212
3.9503
3.9758
4.1344
4.2573
4.4471
4.3138
4.5879
4.4489
4.2347
4.2579
4.1538
4.161
4.3423
4.6622
4.6903
4.6424
4.4686
4.2663
4.047
4.3827
4.3069
4.2651
4.0909
4.2812
4.8005
5.0066
4.8921
4.7053
4.7542
5.1314
5.0782
4.9654
4.8816
5.0941
5.019
5.0913
5.0138
4.9565
4.8351
5.1098
5.3009
5.2373
5.3355
5.2524
5.1659
5.0492
5.0504
5.1112
5.0915
5.0653
5.1679
5.2694
5.2381
5.14
5.1478
4.8509
4.8062
5.3461
