6.3981
1.3187
1.9105
2.5828
3.3886
4.0182
4.4293
4.4908
4.1799
3.7975
3.7408
3.8452
3.6845
3.3895
3.2424
3.2374
3.3963
3.3582
3.2637
3.3314
3.2441
3.1278
3.1548
3.2631
3.1548
3.0749
3.0778
3.2465
3.3735
3.3777
3.1354
3.121
3.3465
3.3589
3.3544
3.2092
3.1636
3.2427
3.3749
3.2271
3.2314
3.2502
3.2711
3.3678
3.3543
3.3639
3.2936
3.1501
3.2213
3.1755
3.1388
3.3203
3.2458
3.2924
3.3435
3.2843
3.1403
3.174
3.1652
3.2512
3.2935
3.4808
3.2242
3.229
3.2986
3.4716
3.4231
3.2275
3.0531
3.1069
3.2642
3.2964
3.1596
3.1332
3.1758
3.3336
3.1994
3.2285
3.2194
3.2463
3.2969
3.4182
3.2751
3.1745
3.197
3.1451
3.1721
3.2279
3.2309
3.2787
3.2852
3.2396
3.2996
3.2097
3.197
3.2077
3.2192
3.1821
3.3831
3.484
3.2281
