8.9713
1.2536
1.8198
2.4616
3.2437
3.8678
4.3099
4.4317
4.157
3.743
3.6344
3.7452
3.6833
3.4939
3.4064
3.4296
3.5662
3.3369
3.0067
3.0017
3.0179
3.0367
3.1432
3.2802
3.1692
3.07
3.0523
3.2107
3.3391
3.3541
3.1168
3.0971
3.3168
3.3308
3.3335
3.1865
3.1349
3.2077
3.3392
3.1973
3.2084
3.23
3.252
3.3487
3.3369
3.3506
3.2847
3.1439
3.2172
3.1719
3.1349
3.3128
3.2372
3.2835
3.3352
3.2787
3.1373
3.1721
3.1595
3.2446
3.2872
3.4764
3.2199
3.2287
3.298
3.4747
3.4312
3.242
3.0672
3.1189
3.2731
3.305
3.1687
3.1403
3.1789
3.3386
3.2062
3.2349
3.2223
3.2492
3.3019
3.4268
3.2862
3.1877
3.2096
3.157
3.1845
3.2396
3.2417
3.2878
3.2932
3.2464
3.3069
3.2181
3.2066
3.218
3.2284
3.1907
3.3927
3.4947
3.2411
