11.551
9.918
6.9301
5.0984
3.89
3.3301
3.0175
2.9201
3.0472
3.0781
2.779
2.7506
3.2729
3.9632
4.1557
4.0175
3.8947
4.1504
4.251
4.0328
4.0882
4.2144
4.0872
3.9975
4.2897
4.3295
4.2369
3.8818
3.8294
4.0325
4.3133
4.1632
3.8829
3.9174
4.0446
4.3326
4.27
4.0455
4.0755
4.1343
4.2248
4.1933
4.0151
3.9454
3.9756
4.1418
4.2753
4.4525
4.279
4.494
4.3005
4.1149
4.1565
4.0718
4.1181
4.304
4.5485
4.4714
4.3727
4.2119
4.046
3.8985
4.2688
4.1274
4.0342
3.8976
4.1327
4.615
4.6778
4.4435
4.232
4.2782
4.576
4.4109
4.2288
4.1156
4.3102
4.2322
4.2956
4.2245
4.1847
4.1077
4.4351
4.6604
4.6054
4.6885
4.5807
4.4757
4.3552
4.3663
4.4561
4.479
4.4997
4.6582
4.7964
4.7995
4.7499
4.8386
4.7297
4.8938
5.5325
