9.3279
13.089
8.6047
6.1091
4.6199
3.9666
3.6735
3.7225
4.1074
4.389
4.3462
4.1653
4.0985
4.2865
4.4186
4.434
4.563
5.2504
5.7768
5.7105
5.6835
5.5787
5.2601
5.1073
5.3907
5.4329
5.4063
5.1179
5.1368
5.3748
5.6132
5.462
5.23
5.2775
5.3587
5.5763
5.4776
5.2751
5.3351
5.3221
5.3691
5.303
5.0884
4.9997
4.9804
5.0774
5.1273
5.2556
5.1052
5.362
5.1837
5.0424
5.0802
4.9922
5.0334
5.1818
5.3877
5.3254
5.2526
5.1218
4.9727
4.8283
5.1472
4.9709
4.8987
4.7711
4.9393
5.3153
5.3322
5.1705
5.0404
5.1065
5.3851
5.2271
5.0904
5.0087
5.1719
5.0558
5.1157
5.0389
4.983
4.8588
5.0949
5.2328
5.161
5.2626
5.1912
5.1355
5.0359
5.0462
5.0974
5.0602
5.0334
5.1184
5.1967
5.1678
5.0917
5.1069
4.8403
4.8154
5.2871
