2.8295
1.4184
1.8728
2.4903
3.2704
3.9146
4.4085
4.6078
4.3649
3.8698
3.6805
3.8017
3.8538
3.7726
3.6647
3.5899
3.6525
3.5539
3.4632
3.6694
3.817
3.8706
3.9789
4.2424
4.2683
4.1646
4.2643
4.8443
5.4831
5.7065
5.185
4.7495
4.8023
4.776
4.7371
4.5535
4.4639
4.5335
4.698
4.5164
4.4989
4.528
4.5416
4.6398
4.6308
4.6239
4.523
4.3557
4.4293
4.4003
4.3582
4.5499
4.4665
4.5121
4.5675
4.5037
4.3525
4.3842
4.3825
4.4649
4.5124
4.7034
4.4372
4.4092
4.4987
4.7062
4.6479
4.4292
4.22
4.2848
4.4864
4.5254
4.3687
4.3278
4.3889
4.5739
4.4419
4.4379
4.4351
4.4703
4.5289
4.6529
4.4981
4.3676
4.3868
4.3557
4.3796
4.4542
4.4593
4.5136
4.5204
4.4521
4.5173
4.4218
4.4076
4.4182
4.4349
4.4099
4.6032
4.7248
4.4635
