12.568
11.491
7.7795
5.5969
4.2772
3.7453
3.5795
3.7625
4.2151
4.4402
4.3413
4.1831
4.2236
4.684
5.2616
5.6584
5.8535
6.1518
6.1024
5.7923
5.8423
5.9131
5.7235
5.6456
5.9652
5.9713
5.8965
5.5746
5.5835
5.811
6.029
5.8443
5.6044
5.6854
5.804
6.0412
5.9199
5.6892
5.7585
5.7796
5.852
5.8151
5.6313
5.5777
5.6044
5.7419
5.8088
5.9255
5.7434
5.971
5.7514
5.5869
5.6236
5.5489
5.6228
5.8065
6.0267
5.9369
5.825
5.6604
5.501
5.378
5.753
5.5966
5.5304
5.4279
5.6508
6.0635
6.0466
5.807
5.6128
5.6531
5.9307
5.7559
5.5981
5.5112
5.6884
5.5645
5.6157
5.5351
5.4823
5.3726
5.6362
5.7823
5.6988
5.7916
5.699
5.6244
5.5136
5.5226
5.584
5.5536
5.5342
5.6303
5.7105
5.6724
5.5854
5.5969
5.3243
5.3181
5.8292
