5.2655
1.3094
1.8611
2.5025
3.2896
3.9319
4.4157
4.6108
4.405
3.9827
3.8494
4.0349
4.1653
4.155
4.0759
4.0733
4.2651
4.266
3.8646
3.621
3.4429
3.3697
3.466
3.6471
3.5494
3.3939
3.3427
3.4971
3.6347
3.6113
3.2904
3.2114
3.4178
3.443
3.4507
3.3111
3.2536
3.3156
3.4363
3.2787
3.2642
3.2661
3.2789
3.3737
3.361
3.3703
3.2992
3.1559
3.2289
3.1844
3.1475
3.323
3.2439
3.2883
3.3389
3.2815
3.1401
3.1762
3.1658
3.2481
3.2867
3.472
3.2171
3.2264
3.2996
3.4765
3.4307
3.2389
3.069
3.1265
3.2801
3.3046
3.165
3.141
3.1839
3.3414
3.2066
3.2347
3.2251
3.2533
3.306
3.429
3.2863
3.1861
3.2109
3.1622
3.1909
3.2466
3.248
3.294
3.2985
3.2507
3.3101
3.221
3.2096
3.2221
3.2349
3.1983
3.3994
3.5
3.2425
