11.349
1.4651
1.9818
2.6418
3.455
4.1156
4.5924
4.7519
4.5031
4.0797
3.9739
4.2029
4.463
4.5498
4.1782
3.8851
3.9152
3.8489
3.7597
3.8785
3.8782
3.8023
3.842
4.0078
3.9717
3.8937
3.909
4.1164
4.3154
4.3622
4.0699
3.9969
4.2635
4.3741
4.4404
4.3061
4.2001
4.2804
4.4651
4.3114
4.3041
4.3334
4.3592
4.474
4.484
4.4941
4.392
4.2134
4.2806
4.2422
4.2051
4.4265
4.3615
4.4176
4.4807
4.41
4.2355
4.2482
4.2388
4.3397
4.4077
4.628
4.3677
4.3261
4.4006
4.6184
4.5804
4.3599
4.122
4.1662
4.3739
4.4399
4.2839
4.2186
4.2709
4.473
4.3531
4.3507
4.3386
4.3764
4.4451
4.5895
4.4411
4.2919
4.2899
4.2435
4.2604
4.3368
4.352
4.4181
4.4359
4.3704
4.4332
4.3303
4.2996
4.3019
4.3213
4.299
4.5126
4.6541
4.3888
