15.254
11.527
7.7627
5.5981
4.2636
3.697
3.4822
3.6431
4.2188
4.6901
4.6642
4.4214
4.2376
4.2477
4.199
4.0995
4.1968
5.0017
5.7474
5.8396
5.9102
5.8441
5.5078
5.3077
5.5593
5.5945
5.5534
5.2257
5.1979
5.3917
5.6103
5.4363
5.1858
5.2535
5.3778
5.6372
5.5431
5.3188
5.3709
5.3841
5.4561
5.4199
5.2328
5.1712
5.1896
5.3273
5.4123
5.5574
5.3956
5.6409
5.447
5.2893
5.328
5.2397
5.2877
5.4525
5.6756
5.6064
5.5228
5.3787
5.2237
5.0797
5.4226
5.2471
5.1637
5.0374
5.2355
5.6595
5.6968
5.5124
5.3583
5.4219
5.7056
5.5291
5.3664
5.2711
5.4465
5.3322
5.3866
5.3037
5.2473
5.1343
5.4013
5.5629
5.4894
5.5823
5.4914
5.4141
5.3015
5.3088
5.3698
5.343
5.3219
5.416
5.498
5.4609
5.3715
5.3812
5.1065
5.0922
5.6053
