8.0094
10.946
7.5951
5.5236
4.2848
3.8701
3.9429
4.6858
5.9675
6.5503
6.3185
5.8947
5.5806
5.538
5.4586
5.328
5.2455
5.461
5.4658
5.2363
5.3062
5.3609
5.154
5.0369
5.3025
5.3144
5.2599
4.9316
4.8814
5.0318
5.2256
5.0547
4.8043
4.8669
5.0235
5.3905
5.4128
5.2525
5.3355
5.375
5.5074
5.5844
5.5106
5.5334
5.6703
5.9247
6.0685
6.236
6.1017
6.3658
6.1696
6.0392
6.0734
5.9907
6.058
6.2281
6.446
6.3784
6.2961
6.1561
6.0013
5.8785
6.2244
6.0469
6.0079
5.9834
6.2792
6.7002
6.6888
6.5105
6.4099
6.5069
6.7682
6.5672
6.4318
6.3824
6.5587
6.4141
6.4653
6.4016
6.3653
6.2732
6.5301
6.6393
6.5487
6.6557
6.5652
6.5065
6.4038
6.4212
6.487
6.4457
6.4286
6.5185
6.5781
6.5406
6.4709
6.4883
6.2362
6.2557
6.7275
