6.6204
1.5648
2.0639
2.7057
3.5079
4.1484
4.5814
4.6878
4.4367
4.109
4.1269
4.4893
4.9693
5.5375
5.6904
5.4655
5.2015
4.6992
4.1679
4.1369
4.1547
4.0842
4.0662
4.1491
3.9565
3.7239
3.6596
3.8372
4.0161
4.0393
3.7326
3.6663
3.9121
3.9551
3.9385
3.7497
3.6535
3.7422
3.9127
3.7569
3.7395
3.7475
3.7595
3.8515
3.8278
3.8027
3.6931
3.52
3.573
3.5186
3.4674
3.6722
3.6178
3.6766
3.7397
3.6711
3.4856
3.4754
3.4536
3.5546
3.6291
3.8554
3.6081
3.5668
3.6139
3.8011
3.7507
3.5083
3.2723
3.2915
3.4559
3.5085
3.3664
3.3119
3.3401
3.4946
3.3563
3.3718
3.3582
3.383
3.4331
3.5532
3.4079
3.3
3.3204
3.2721
3.2997
3.3584
3.3638
3.4127
3.4175
3.368
3.4255
3.3358
3.3216
3.3315
3.3458
3.3123
3.512
3.6135
3.3561
