6.8032
12.211
8.5053
6.0691
4.569
3.8826
3.5327
3.5085
3.8686
4.2504
4.3385
4.2424
4.2513
4.5782
5.0944
5.688
6.0965
6.4806
6.4113
6.068
6.1577
6.3516
6.262
6.2242
6.495
6.3939
6.2443
5.8843
5.8996
6.1574
6.3572
6.1184
5.8314
5.8918
6.0118
6.2693
6.1639
5.9492
6.0406
6.0793
6.1491
6.1099
5.9328
5.8971
5.9534
6.1168
6.1925
6.2989
6.1001
6.3283
6.1117
5.9665
6.0213
5.9485
6.0223
6.1972
6.4025
6.3002
6.2014
6.0606
5.9238
5.8183
6.1912
5.989
5.8991
5.8163
6.0708
6.4839
6.4321
6.1754
6.0137
6.105
6.3928
6.184
6.0139
5.9475
6.1574
6.0392
6.0903
6.0163
5.9803
5.9021
6.1985
6.3342
6.218
6.2888
6.1724
6.0888
5.9827
6.0089
6.0943
6.0744
6.0619
6.1608
6.2256
6.1662
6.0704
6.0849
5.8265
5.8655
6.4084
