11.895
11.16
7.6478
5.5462
4.2282
3.6518
3.4023
3.4928
3.9563
4.3638
4.4696
4.493
4.8184
5.3856
5.6554
5.7014
5.7456
6.0834
6.1506
5.9138
6.0418
6.2432
6.1693
6.164
6.4999
6.4595
6.3398
5.9978
6.0184
6.2659
6.4771
6.2706
6.022
6.1094
6.2374
6.4816
6.3541
6.1215
6.1959
6.2152
6.28
6.2379
6.0597
6.0235
6.0798
6.2486
6.3291
6.4354
6.2337
6.4457
6.2137
6.0669
6.1159
6.0492
6.1293
6.3038
6.5047
6.4012
6.2942
6.1492
6.0114
5.9142
6.288
6.0965
6.0141
5.9345
6.185
6.5994
6.5529
6.2953
6.1219
6.1971
6.4775
6.2734
6.1071
6.0406
6.2443
6.1308
6.1879
6.1165
6.081
6.0051
6.3028
6.4431
6.3316
6.3955
6.2686
6.1799
6.0701
6.0977
6.1864
6.1712
6.1656
6.2641
6.3253
6.2644
6.1663
6.1757
5.9217
5.9662
6.5072
