3.6759
1.3165
1.8385
2.482
3.2696
3.8985
4.3459
4.4837
4.2479
3.8809
3.7975
3.8372
3.687
3.4363
3.3046
3.3015
3.4544
3.4199
3.3547
3.4744
3.384
3.1825
3.1307
3.1982
3.0901
3.0198
3.0184
3.1733
3.2811
3.2637
3.0109
2.9834
3.1921
3.1995
3.1902
3.0411
2.9884
3.0418
3.1352
2.9854
2.9882
3.0095
3.0191
3.0954
3.0619
3.053
2.9894
2.8649
2.9286
2.8825
2.8518
2.9908
2.9192
2.9481
2.9793
2.9352
2.827
2.8718
2.8666
2.9308
2.9525
3.0988
2.8612
2.8878
2.9501
3.0782
3.0169
2.8642
2.7461
2.8014
2.9237
2.9374
2.824
2.8248
2.8592
2.9886
2.8589
2.8962
2.8864
2.9018
2.9384
3.0382
2.8977
2.8284
2.8638
2.8174
2.8546
2.9002
2.8996
2.9366
2.9337
2.8915
2.9391
2.8562
2.8657
2.8825
2.8865
2.8489
3.0197
3.0797
2.8517
