7.2456
1.5112
2.0663
2.7394
3.571
4.2688
4.8237
5.2342
5.4022
4.4674
3.6189
3.3229
3.2285
3.2527
3.3855
3.5154
3.6684
3.5028
3.2742
3.3357
3.3731
3.378
3.459
3.5951
3.4712
3.3215
3.2826
3.4511
3.6132
3.6551
3.4035
3.3673
3.6277
3.6884
3.6828
3.4979
3.4112
3.487
3.6483
3.5232
3.5314
3.5553
3.5907
3.7127
3.7322
3.7646
3.6908
3.5268
3.5853
3.5348
3.4839
3.6776
3.6129
3.6728
3.7484
3.6937
3.5244
3.5262
3.502
3.5882
3.6468
3.8722
3.6382
3.6214
3.6957
3.8851
3.8366
3.6254
3.4149
3.4486
3.6193
3.6711
3.525
3.4682
3.508
3.6896
3.5722
3.5862
3.5724
3.6071
3.6782
3.8356
3.6948
3.5678
3.5745
3.5252
3.5418
3.6025
3.6144
3.6796
3.7059
3.6593
3.7151
3.6181
3.5903
3.5933
3.6157
3.5931
3.8124
3.9252
3.6518
