7.0119
1.3074
1.9042
2.5821
3.3919
4.0284
4.453
4.5341
4.235
3.8402
3.7727
3.9756
4.0968
4.1182
4.2245
3.9294
3.3362
2.8941
2.812
3.0004
3.1157
3.1426
3.2106
3.2984
3.1669
3.0843
3.0838
3.2344
3.3339
3.3199
3.1052
3.1035
3.3116
3.3111
3.3021
3.1716
3.1447
3.2175
3.3361
3.2005
3.2108
3.2409
3.2535
3.3325
3.3057
3.3027
3.2466
3.1327
3.2126
3.1817
3.1623
3.3215
3.2525
3.2835
3.3147
3.2657
3.1495
3.1944
3.1944
3.2682
3.3001
3.454
3.2008
3.2156
3.2878
3.4348
3.3721
3.2036
3.0723
3.1377
3.2883
3.3184
3.1932
3.1779
3.2219
3.3795
3.261
3.2952
3.2927
3.3173
3.3532
3.45
3.2994
3.2141
3.2513
3.2112
3.2447
3.2984
3.2986
3.3392
3.3363
3.2868
3.3399
3.2533
3.2537
3.2692
3.2795
3.2456
3.427
3.5045
3.2597
