12.08
1.243
1.8431
2.5244
3.3263
3.9357
4.3056
4.3076
3.958
3.5852
3.5395
3.6371
3.4961
3.277
3.2362
3.3267
3.5661
3.606
3.5048
3.4219
3.1095
2.8875
2.8537
2.8979
2.7965
2.7679
2.7812
2.9224
3.0062
2.995
2.7969
2.7963
2.9833
2.9679
2.9641
2.8449
2.8241
2.8863
2.9904
2.86
2.8744
2.8976
2.9017
2.9733
2.943
2.9462
2.9014
2.7932
2.8665
2.8312
2.8127
2.9519
2.8805
2.9122
2.9463
2.9051
2.8001
2.8469
2.8384
2.8988
2.9185
3.0668
2.8323
2.8641
2.9243
3.0516
2.993
2.8476
2.7349
2.7917
2.9099
2.9202
2.8099
2.814
2.8436
2.9674
2.8375
2.88
2.8706
2.8852
2.9208
3.0214
2.8829
2.8185
2.8561
2.8088
2.8464
2.8902
2.8869
2.9225
2.9208
2.88
2.929
2.8465
2.8577
2.8755
2.8775
2.8387
3.0107
3.0716
2.8476
