10.414
9.9
7.2137
5.3558
4.122
3.5902
3.3944
3.6205
4.612
5.9631
6.505
6.3297
5.957
5.7149
5.4225
5.1959
5.1707
5.6127
5.8691
5.7102
5.7294
5.7387
5.5343
5.4728
5.8095
5.844
5.793
5.4856
5.4972
5.7286
5.9677
5.8219
5.6227
5.7534
5.9251
6.1931
6.0797
5.8517
5.9146
5.9208
5.9925
5.9621
5.792
5.7598
5.8149
5.9854
6.0781
6.2044
6.0273
6.2553
6.0373
5.8951
5.9413
5.8748
5.9542
6.1324
6.3375
6.2422
6.1361
5.9898
5.8478
5.7434
6.1101
5.9316
5.8591
5.771
5.9861
6.3618
6.3143
6.0843
5.9298
6.007
6.2875
6.096
5.9391
5.8716
6.0639
5.9519
6.0136
5.944
5.906
5.8229
6.1089
6.2437
6.1384
6.2089
6.0939
6.0133
5.9039
5.9271
6.0096
5.9958
5.9924
6.0858
6.1441
6.0864
5.9913
6.0017
5.75
5.7797
6.2855
