5.9238
1.429
1.9574
2.616
3.4213
4.0602
4.4904
4.5755
4.2696
3.8678
3.8076
4.0195
4.1233
4.0644
3.9762
4.0306
4.3624
4.6656
4.7961
4.6545
4.2114
3.8378
3.6653
3.6417
3.5182
3.4535
3.4758
3.658
3.7968
3.7873
3.513
3.4619
3.6744
3.7029
3.7122
3.5746
3.5264
3.6039
3.7509
3.6189
3.6249
3.6576
3.6825
3.7786
3.769
3.7683
3.6902
3.5478
3.6248
3.5956
3.5761
3.7665
3.6973
3.7405
3.7847
3.7246
3.5824
3.6136
3.6112
3.7028
3.7513
3.9333
3.6726
3.6595
3.7323
3.9168
3.8691
3.6645
3.4778
3.5316
3.7122
3.7555
3.6164
3.5826
3.6342
3.808
3.6788
3.6896
3.6767
3.7045
3.7578
3.8791
3.729
3.6129
3.6324
3.5937
3.6283
3.6976
3.7066
3.756
3.7582
3.699
3.7537
3.6623
3.65
3.6627
3.6806
3.6529
3.8499
3.9506
3.6901
