12.026
11.333
7.7427
5.5906
4.2617
3.6923
3.456
3.5405
3.9217
4.1625
4.1068
3.9507
3.9214
4.1329
4.2474
4.1355
3.9327
4.0423
4.1136
3.9531
4.1686
4.4734
4.4559
4.386
4.6348
4.6532
4.6061
4.2857
4.2328
4.3941
4.6532
4.5467
4.3044
4.3203
4.3892
4.6306
4.5806
4.3863
4.4309
4.4501
4.545
4.5269
4.338
4.2501
4.2197
4.3099
4.3873
4.5669
4.4499
4.7302
4.5858
4.4261
4.4632
4.3677
4.3904
4.5425
4.7792
4.7443
4.6825
4.5411
4.3742
4.1921
4.5017
4.3502
4.2656
4.076
4.1842
4.5805
4.6783
4.5549
4.4095
4.4538
4.7578
4.6514
4.5259
4.4217
4.5713
4.4634
4.5224
4.4345
4.3589
4.2019
4.4177
4.5877
4.5467
4.6628
4.6148
4.562
4.4606
4.4563
4.4904
4.4505
4.4115
4.4963
4.5983
4.5888
4.5122
4.5249
4.2341
4.1519
4.6205
