14.643
12.801
8.5438
6.1028
4.6765
4.1362
4.0305
4.3304
4.9571
5.4039
5.3983
5.1831
4.9725
4.8979
4.7547
4.7163
4.8606
5.2091
5.1882
4.8336
4.7809
4.8032
4.6214
4.5112
4.7732
4.7928
4.7335
4.4036
4.3457
4.4876
4.6994
4.5518
4.2913
4.3026
4.3653
4.5876
4.512
4.2968
4.325
4.3346
4.4263
4.4102
4.2234
4.1339
4.0996
4.1851
4.262
4.4461
4.335
4.6221
4.4863
4.3242
4.3586
4.2579
4.2722
4.4216
4.6646
4.6394
4.5839
4.4439
4.2737
4.0803
4.3761
4.2239
4.1404
3.9475
4.0466
4.4393
4.5501
4.4404
4.2933
4.3196
4.6028
4.4785
4.3169
4.153
4.2379
4.0818
4.0891
3.9423
3.797
3.5479
3.6644
3.807
3.7718
3.8891
3.8719
3.8264
3.7194
3.6869
3.6815
3.6214
3.5513
3.6191
3.7554
3.7991
3.753
3.7914
3.5093
3.3768
3.8334
