4.6033
1.36
1.8876
2.5332
3.3244
3.9483
4.3662
4.4336
4.0953
3.6419
3.5035
3.5621
3.4044
3.1233
3.0162
3.0167
3.1345
3.0625
2.9908
3.1104
3.1119
3.039
3.0484
3.1036
2.9614
2.8823
2.8775
3.0266
3.1269
3.1198
2.9015
2.8933
3.0955
3.0936
3.0907
2.9601
2.9295
3.0001
3.1178
2.9845
2.9962
3.0182
3.0307
3.1116
3.0837
3.0837
3.0252
2.9041
2.9808
2.9489
2.9308
3.0906
3.0184
3.0536
3.091
3.0396
2.9185
2.9628
2.9584
3.0332
3.0627
3.2235
2.9747
2.9914
3.0536
3.1986
3.1422
2.9731
2.8365
2.8981
3.039
3.063
2.9425
2.9342
2.9711
3.1111
2.9784
3.0114
2.9988
3.0181
3.0599
3.1669
3.0221
2.9392
2.9706
2.9265
2.9668
3.0203
3.0221
3.0617
3.0598
3.0129
3.0625
2.9757
2.9779
2.9954
3.005
2.9694
3.1533
3.2264
2.9827
