5.5078
1.3262
1.8698
2.5147
3.3013
3.9195
4.3336
4.4074
4.0917
3.6367
3.522
3.709
3.8573
3.9401
4.0398
4.03
3.7931
3.3454
3.1247
3.2247
3.1849
3.0457
3.0283
3.0952
2.9853
2.927
2.9358
3.1
3.2178
3.2135
2.9815
2.97
3.1817
3.1869
3.1839
3.0522
3.0218
3.0992
3.2229
3.0844
3.0936
3.1167
3.1314
3.2148
3.1911
3.1955
3.138
3.0151
3.0925
3.0524
3.0213
3.1912
3.1195
3.1554
3.1948
3.1435
3.0184
3.0577
3.0501
3.1302
3.1653
3.3321
3.0778
3.0953
3.1659
3.3222
3.2682
3.0967
2.9518
3.0085
3.1566
3.1868
3.0547
3.0324
3.0747
3.2314
3.1025
3.1371
3.1311
3.1588
3.2092
3.3273
3.1886
3.1039
3.1373
3.0908
3.1211
3.1747
3.1759
3.2187
3.2201
3.1742
3.2319
3.1454
3.14
3.1547
3.1653
3.1271
3.3195
3.408
3.159
