6.3588
1.2712
1.8438
2.4901
3.2787
3.917
4.3861
4.5461
4.2913
3.8552
3.7272
3.8653
3.8759
3.7261
3.613
3.6033
3.7228
3.4836
3.1366
3.1283
3.1392
3.1472
3.2404
3.3731
3.2546
3.1437
3.1233
3.2861
3.4217
3.4379
3.1884
3.1593
3.3811
3.3977
3.3972
3.242
3.1816
3.2518
3.3826
3.2374
3.244
3.2629
3.2834
3.3792
3.3661
3.3765
3.3072
3.1644
3.237
3.1928
3.1564
3.3352
3.2603
3.3061
3.3569
3.2992
3.1559
3.1892
3.1777
3.2636
3.3075
3.4981
3.2415
3.2469
3.3167
3.4943
3.4515
3.2593
3.0823
3.135
3.292
3.3257
3.1896
3.1604
3.2002
3.3611
3.2291
3.2551
3.2422
3.2692
3.3222
3.447
3.3058
3.2044
3.2256
3.1746
3.2027
3.2594
3.263
3.3098
3.3145
3.2664
3.326
3.2369
3.2245
3.2357
3.2477
3.211
3.413
3.5159
3.2602
