7.9545
1.4913
2.0143
2.6727
3.4828
4.131
4.5715
4.6608
4.3373
3.9059
3.8202
3.9971
4.0487
3.9148
3.7301
3.6787
3.8814
3.9309
3.8787
4.1274
4.4416
4.5431
4.2763
4.1037
3.8622
3.7245
3.7367
3.932
4.0958
4.1004
3.7922
3.7384
4.0004
4.0627
4.0658
3.8858
3.791
3.8722
4.044
3.8893
3.8759
3.8902
3.9199
4.039
4.0505
4.0618
3.9582
3.771
3.829
3.7798
3.7305
3.9429
3.8742
3.9334
4.0001
3.9277
3.742
3.7494
3.7377
3.8398
3.9089
4.138
3.8803
3.8452
3.922
4.1462
4.1242
3.8865
3.635
3.6706
3.8612
3.916
3.758
3.7019
3.7573
3.9563
3.8345
3.8408
3.8306
3.8699
3.9406
4.0885
3.944
3.7916
3.7838
3.729
3.7457
3.8179
3.8341
3.8997
3.9165
3.8578
3.9211
3.8214
3.7834
3.7821
3.8028
3.7765
3.9997
4.1454
3.8687
