4.4058
8.9382
7.001
5.2713
4.0496
3.4732
3.1539
3.0782
3.2856
3.4821
3.4625
3.275
3.1088
3.0733
2.945
3.1484
4.1661
5.1187
5.1834
4.7062
4.5304
4.4881
4.2883
4.136
4.3984
4.508
4.5249
4.2301
4.1859
4.355
4.6337
4.5263
4.2658
4.2908
4.3929
4.6828
4.6698
4.4935
4.5648
4.6247
4.7351
4.7266
4.5481
4.471
4.4632
4.5841
4.6936
4.9006
4.8005
5.1169
4.9885
4.8409
4.9005
4.819
4.8603
5.0265
5.2703
5.2205
5.1469
4.9921
4.8257
4.6663
5.01
4.8398
4.7508
4.6026
4.7845
5.2174
5.2887
5.119
4.9448
4.9995
5.3108
5.1632
4.9896
4.8641
5.023
4.9032
4.9493
4.8563
4.7864
4.6461
4.8861
5.0495
4.988
5.0983
5.033
4.9614
4.8478
4.8406
4.8823
4.8444
4.8053
4.8966
4.9959
4.9767
4.8934
4.9048
4.6092
4.5452
5.0437
