9.938
1.4232
1.938
2.5699
3.3542
3.98
4.4101
4.5
4.1582
3.5479
3.2854
3.3771
3.47
3.5374
3.6345
3.7707
4.0489
4.1179
4.1258
4.336
4.3168
4.0688
3.9061
3.9246
3.7595
3.5899
3.5423
3.7014
3.8505
3.8451
3.5403
3.4759
3.6982
3.7198
3.7062
3.5437
3.4802
3.5628
3.7157
3.5673
3.5646
3.5853
3.6077
3.7072
3.7004
3.709
3.6317
3.4823
3.5567
3.5109
3.4658
3.6643
3.5914
3.6372
3.6885
3.6271
3.4744
3.4969
3.4854
3.5795
3.6333
3.8274
3.5662
3.5628
3.6439
3.8397
3.7982
3.5914
3.3916
3.4361
3.6129
3.6568
3.5026
3.4546
3.5049
3.6867
3.5548
3.5696
3.5591
3.591
3.6498
3.7805
3.6373
3.5235
3.5427
3.4943
3.515
3.5774
3.5858
3.6369
3.6427
3.5897
3.6532
3.5634
3.5446
3.5543
3.5708
3.5364
3.7419
3.8561
3.594
