5.3274
1.5376
1.9804
2.592
3.3725
4.0123
4.4837
4.6447
4.3714
3.8457
3.6735
3.8681
4.0571
4.1919
4.3389
4.7566
5.4896
5.1586
4.32
4.0137
3.8945
3.8731
3.9796
4.2202
4.2076
4.019
3.8981
4.0027
4.1384
4.147
3.812
3.6937
3.8855
3.8867
3.8469
3.6432
3.5335
3.5854
3.7216
3.5682
3.5614
3.5763
3.5986
3.7012
3.6949
3.6995
3.6117
3.4496
3.5154
3.4695
3.4301
3.6191
3.5464
3.5951
3.6479
3.5834
3.4258
3.4514
3.443
3.5351
3.5891
3.7912
3.5306
3.5179
3.5906
3.7831
3.743
3.5342
3.3375
3.39
3.5635
3.6057
3.4611
3.4227
3.4693
3.6448
3.5165
3.5322
3.5194
3.5502
3.6088
3.7395
3.5938
3.4739
3.4884
3.4402
3.4661
3.5301
3.5391
3.592
3.5984
3.5438
3.603
3.5106
3.4911
3.5
3.5169
3.4847
3.6922
3.8066
3.5416
