9.6986
1.4464
1.9871
2.6308
3.4333
4.097
4.6062
4.8578
4.7916
4.631
4.9216
5.381
5.2022
4.7141
4.4202
4.4097
4.6474
4.6581
4.5457
4.6723
4.7457
4.7077
4.7358
4.9023
4.792
4.5751
4.5259
4.6984
4.8772
4.8842
4.56
4.4887
4.7413
4.7946
4.7816
4.6019
4.5126
4.5948
4.7765
4.6033
4.584
4.6124
4.634
4.7469
4.7536
4.7576
4.6528
4.4736
4.5447
4.508
4.4497
4.6863
4.6199
4.6727
4.7352
4.665
4.4925
4.4965
4.4892
4.5939
4.6743
4.89
4.6192
4.5695
4.6577
4.8885
4.8485
4.6099
4.3443
4.3709
4.6051
4.6996
4.5383
4.4534
4.514
4.7329
4.6133
4.6006
4.5919
4.6302
4.6979
4.8366
4.6863
4.5348
4.5378
4.4992
4.5125
4.5975
4.6146
4.6795
4.693
4.6221
4.6891
4.5899
4.5603
4.5625
4.5846
4.5639
4.7726
4.9206
4.6527
