16.802
13.192
8.5974
6.0989
4.6028
3.9387
3.6321
3.6768
4.0981
4.4575
4.4831
4.3593
4.3544
4.6168
4.8615
5.0387
5.1987
5.5862
5.6076
5.2349
5.1698
5.2087
5.0726
5.0414
5.4038
5.4777
5.4566
5.1813
5.2667
5.6237
5.9655
5.8395
5.5925
5.624
5.6883
5.8923
5.7753
5.568
5.648
5.665
5.7367
5.7053
5.5342
5.493
5.5248
5.6625
5.729
5.8528
5.6927
5.9465
5.758
5.6284
5.6753
5.5965
5.6535
5.8083
6.007
5.9288
5.8498
5.7229
5.5847
5.4629
5.7969
5.5996
5.5209
5.4214
5.6261
6.0049
5.9815
5.7846
5.6546
5.7382
6.015
5.8298
5.6836
5.6167
5.7984
5.6757
5.7305
5.6569
5.6117
5.5092
5.7668
5.8935
5.801
5.8927
5.8041
5.7423
5.6429
5.6622
5.7276
5.6936
5.6729
5.7614
5.8297
5.7887
5.7087
5.7258
5.468
5.4762
5.9677
