8.2902
1.3823
1.9194
2.5734
3.3686
3.99
4.3915
4.4351
4.0506
3.3326
2.9982
3.0334
3.0961
3.1571
3.257
3.2585
3.1911
2.9587
2.8604
2.9975
3.0063
2.9294
2.9491
3.0224
2.9089
2.8515
2.8562
3.0141
3.1249
3.1226
2.8976
2.8846
3.0878
3.0873
3.0843
2.9541
2.9274
3.006
3.1347
3.0038
3.0201
3.0436
3.0587
3.1436
3.1201
3.1269
3.0704
2.9461
3.0241
2.9881
2.9625
3.1301
3.0573
3.0946
3.1358
3.083
2.9577
3.0014
2.9945
3.0743
3.107
3.274
3.0191
3.0356
3.0989
3.2522
3.1998
3.0328
2.8916
2.9511
3.0954
3.1223
2.9954
2.979
3.0179
3.171
3.0431
3.081
3.0731
3.0998
3.1496
3.2678
3.1279
3.0421
3.0729
3.0258
3.0598
3.1139
3.1156
3.1589
3.1618
3.1153
3.1704
3.0817
3.0772
3.093
3.1033
3.0663
3.2602
3.3485
3.1008
