6.1163
1.5848
2.0754
2.7219
3.5433
4.2451
4.8186
5.1538
5.0738
4.5934
4.3159
4.4454
4.5821
4.608
4.5512
4.626
5.0716
5.6472
5.0144
4.2929
3.8805
3.6891
3.7356
3.9206
3.845
3.6839
3.6071
3.732
3.8618
3.8484
3.521
3.4179
3.6206
3.635
3.6143
3.4639
3.397
3.4465
3.5638
3.4088
3.3744
3.3592
3.355
3.4354
3.4147
3.4079
3.3247
3.1746
3.2361
3.1932
3.1634
3.3303
3.2543
3.2871
3.3229
3.2625
3.1256
3.1602
3.1577
3.2372
3.2736
3.443
3.1909
3.1903
3.2547
3.4117
3.3535
3.1649
3.0133
3.0748
3.2285
3.2577
3.1284
3.1126
3.1571
3.3092
3.1793
3.2027
3.1905
3.213
3.259
3.3697
3.2193
3.1196
3.1455
3.1033
3.1406
3.1994
3.2065
3.252
3.252
3.2004
3.2485
3.1575
3.1508
3.1654
3.1803
3.1497
3.3387
3.4195
3.1677
