15.311
10.57
7.1318
5.2049
3.9854
3.466
3.2613
3.3813
3.8316
4.2006
4.3272
4.4365
4.6494
4.9296
5.0137
5.1525
5.4357
5.822
5.7471
5.3772
5.39
5.5129
5.4164
5.4028
5.7315
5.7311
5.6676
5.3736
5.3995
5.6175
5.811
5.6275
5.4032
5.4892
5.6062
5.8422
5.7384
5.5375
5.6251
5.6486
5.7263
5.694
5.519
5.4765
5.5093
5.652
5.7242
5.8495
5.6861
5.9284
5.7212
5.5736
5.6145
5.5411
5.6047
5.7637
5.9602
5.8735
5.7777
5.6384
5.4998
5.3879
5.7313
5.5466
5.4753
5.3807
5.593
5.9844
5.9668
5.7578
5.5945
5.6422
5.9024
5.7042
5.5223
5.4062
5.5472
5.4074
5.4533
5.3772
5.3395
5.2435
5.5117
5.6623
5.5873
5.6837
5.5957
5.527
5.4197
5.433
5.4992
5.4784
5.4752
5.5875
5.6851
5.6658
5.6001
5.6393
5.4243
5.4757
5.9963
