16.109
11.887
8.1185
5.836
4.4209
3.7909
3.5028
3.5701
4.0475
4.4864
4.5653
4.4799
4.5301
4.8617
5.1819
5.4198
5.59
5.9244
5.8689
5.4916
5.4983
5.6317
5.553
5.5432
5.8652
5.845
5.7504
5.4165
5.4182
5.6391
5.8451
5.6399
5.3617
5.3991
5.4897
5.728
5.6307
5.4154
5.4824
5.5059
5.581
5.5489
5.3682
5.3116
5.3317
5.4636
5.5349
5.6659
5.4983
5.7466
5.5602
5.4144
5.461
5.3775
5.4278
5.589
5.8065
5.7361
5.6577
5.521
5.3719
5.2329
5.5729
5.385
5.2962
5.1717
5.3657
5.7683
5.7773
5.5803
5.4311
5.5057
5.7974
5.6274
5.4757
5.3939
5.5781
5.4637
5.518
5.4371
5.3828
5.2699
5.5299
5.6753
5.5897
5.6801
5.5917
5.5225
5.4191
5.4347
5.5006
5.4721
5.4484
5.5391
5.6165
5.5784
5.4924
5.5068
5.2364
5.2259
5.7325
