1.4454
10.56
7.7408
5.6809
4.3771
3.8559
3.7244
4.0256
4.9117
5.9023
6.219
6.0079
5.6559
5.4064
5.0706
4.7763
4.629
4.8357
4.8454
4.5278
4.4947
4.5295
4.3581
4.2369
4.5136
4.5902
4.5666
4.2432
4.1736
4.3114
4.5602
4.4471
4.1943
4.2154
4.3058
4.5688
4.5266
4.3219
4.3499
4.3629
4.4584
4.448
4.2631
4.1741
4.1471
4.2483
4.3497
4.5573
4.4591
4.7536
4.6199
4.4601
4.4953
4.3929
4.4099
4.568
4.8208
4.7973
4.7413
4.5978
4.4225
4.225
4.5269
4.3769
4.297
4.1135
4.2259
4.6255
4.7284
4.6098
4.4677
4.5108
4.8079
4.6902
4.5496
4.4282
4.5703
4.4621
4.5203
4.428
4.3453
4.1801
4.3966
4.58
4.5471
4.666
4.6187
4.5588
4.449
4.4375
4.4708
4.4382
4.4061
4.4999
4.6149
4.6139
4.5395
4.5591
4.2772
4.2086
4.7012
