14.824
11.993
8.2388
5.933
4.4955
3.8432
3.5214
3.5213
3.8746
4.1861
4.2057
4.085
4.0814
4.3445
4.5901
4.7813
5.1007
5.8496
6.1497
5.8924
5.8439
5.8435
5.6588
5.6197
5.96
5.9787
5.9241
5.624
5.6464
5.8721
6.0678
5.8744
5.6313
5.6958
5.7963
6.0307
5.9304
5.7331
5.8228
5.842
5.916
5.8881
5.7226
5.6878
5.7259
5.8679
5.9321
6.0492
5.8848
6.1326
5.9323
5.8012
5.8497
5.7792
5.8449
6.001
6.1937
6.1073
6.0164
5.8819
5.744
5.6377
5.9832
5.79
5.7166
5.6268
5.835
6.2065
6.1698
5.961
5.8214
5.902
6.1824
5.9984
5.8506
5.7862
5.9742
5.8563
5.9156
5.8456
5.8037
5.7067
5.9665
6.0883
5.9922
6.081
5.9851
5.9196
5.8197
5.8438
5.9144
5.8822
5.8654
5.9539
6.0169
5.9723
5.8922
5.909
5.6565
5.6748
6.1647
