5.1366
1.6627
2.1149
2.7745
3.5982
4.2645
4.7204
4.8284
4.5274
4.0824
3.9628
3.95
3.6761
3.382
3.3021
3.323
3.3838
3.2463
3.1856
3.3735
3.4347
3.375
3.374
3.4376
3.2775
3.1577
3.1466
3.3105
3.4322
3.4251
3.1727
3.1529
3.3801
3.3957
3.3872
3.2364
3.187
3.2655
3.3984
3.2515
3.2517
3.2703
3.291
3.387
3.371
3.3735
3.3001
3.1582
3.2306
3.1925
3.1619
3.3429
3.2737
3.3184
3.3672
3.3086
3.165
3.1986
3.194
3.2813
3.3255
3.5095
3.2535
3.2543
3.3273
3.5029
3.4566
3.2575
3.0785
3.1333
3.295
3.3345
3.203
3.179
3.2298
3.4028
3.2817
3.3102
3.3043
3.3361
3.3913
3.5159
3.3736
3.2605
3.2741
3.2236
3.2502
3.3102
3.3191
3.3731
3.3827
3.3346
3.3936
3.3055
3.2882
3.2932
3.3127
3.2975
3.4846
3.5405
3.2655
