7.3097
10.977
7.6624
5.5582
4.2576
3.7258
3.5473
3.6981
4.0894
4.2482
4.1037
3.8913
3.8249
3.9971
4.0486
3.8685
3.6391
3.8282
4.1168
4.1011
4.5228
5.4358
6.0509
6.1812
6.3131
6.0824
5.9102
5.5875
5.6244
5.8624
6.0615
5.8571
5.6044
5.6773
5.7944
6.0381
5.9302
5.7116
5.7847
5.8068
5.8816
5.8498
5.6709
5.6214
5.6543
5.7978
5.8689
5.9888
5.8128
6.0501
5.8498
5.7082
5.7567
5.6824
5.7457
5.9107
6.1168
6.0308
5.9397
5.8013
5.6603
5.542
5.8941
5.7055
5.6207
5.5133
5.7212
6.1174
6.1011
5.8882
5.7378
5.814
6.0988
5.9176
5.7651
5.6937
5.8848
5.7697
5.826
5.7502
5.7036
5.6046
5.8743
6.0112
5.9133
5.9919
5.8894
5.8169
5.7144
5.7372
5.8126
5.788
5.7711
5.862
5.9299
5.882
5.7914
5.8046
5.5434
5.5566
6.0726
