5.3951
1.5215
2.0446
2.7083
3.5274
4.1851
4.6299
4.708
4.3441
3.8653
3.757
3.9241
3.966
3.8121
3.607
3.5343
3.6916
3.6668
3.5069
3.5217
3.3889
3.1629
3.045
3.0658
2.9773
2.9643
2.9979
3.1657
3.2756
3.2645
3.0199
2.9987
3.2137
3.2298
3.2345
3.0925
3.0422
3.1106
3.2376
3.1017
3.1104
3.1292
3.1458
3.236
3.2174
3.2234
3.158
3.0231
3.0954
3.058
3.0319
3.2048
3.1334
3.1753
3.2206
3.1642
3.0275
3.063
3.0552
3.1381
3.1771
3.3552
3.1049
3.1126
3.1761
3.3381
3.2921
3.1117
2.95
3.0034
3.1521
3.1827
3.0558
3.0374
3.0777
3.2311
3.1
3.1294
3.1166
3.1406
3.1893
3.3068
3.1629
3.0653
3.0872
3.0385
3.0731
3.1293
3.1337
3.1794
3.1827
3.1348
3.1877
3.0977
3.0901
3.1031
3.1152
3.0807
3.2757
3.3662
3.1154
