7.5292
1.3372
1.8597
2.486
3.267
3.9112
4.4116
4.6483
4.5141
4.1733
4.1094
4.3852
4.6444
4.8415
5.0921
6.0274
7.6861
8.2467
7.5404
6.7442
6.3528
6.1628
6.2207
6.529
6.6644
6.4226
6.3105
6.4373
6.7439
6.9647
6.7101
6.5344
6.7925
6.979
7.087
6.9528
6.7614
6.7695
7.0171
6.8326
6.8015
6.8333
6.8094
6.9423
6.9993
7.0639
6.9604
6.7366
6.7484
6.763
6.6214
6.8503
6.811
6.8594
6.9718
6.9372
6.7787
6.7202
6.6662
6.7334
6.8274
7.0817
6.911
6.7627
6.8337
7.1113
7.1625
7.0018
6.606
6.5291
6.7615
6.9216
6.8214
6.6334
6.6488
6.9075
6.8701
6.8059
6.799
6.8333
6.916
7.0711
7.0017
6.8347
6.7763
6.7528
6.7159
6.7846
6.7965
6.8884
6.9394
6.8501
6.9221
6.8337
6.8113
6.7838
6.7833
6.7822
6.9327
7.165
7.0427
