9.4031
11.17
7.4997
5.4121
4.134
3.6075
3.4324
3.6237
4.1509
4.493
4.4785
4.3809
4.4817
4.9312
5.2503
5.2448
5.1491
5.4064
5.528
5.3781
5.6363
6.0911
6.2164
6.1782
6.3135
6.1349
6.009
5.7226
5.7831
6.0293
6.2161
6.0179
5.7912
5.8791
6.0031
6.2443
6.1352
5.9293
6.0152
6.0279
6.1015
6.0682
5.9007
5.8707
5.9167
6.0688
6.1324
6.2353
6.0549
6.2763
6.0502
5.9141
5.9569
5.8948
5.9772
6.146
6.3359
6.2379
6.1301
5.9903
5.8546
5.7603
6.1154
5.938
5.8757
5.7994
6.0138
6.3784
6.3234
6.0991
5.9492
6.0201
6.2874
6.0919
5.9412
5.8812
6.0668
5.952
6.0143
5.9485
5.915
5.8354
6.1153
6.2439
6.1426
6.2152
6.1017
6.0258
5.9184
5.9428
6.0215
6.0023
6.0019
6.0972
6.1549
6.0993
6.0091
6.0188
5.7752
5.8158
6.3129
