6.3433
10.781
7.4926
5.4461
4.1425
3.5513
3.2482
3.2131
3.4587
3.6316
3.6035
3.5666
3.9514
4.4233
4.4095
4.0527
3.6736
3.6744
3.6124
3.3112
3.3378
3.4968
3.3925
3.2205
3.3656
3.3666
3.275
2.9
2.7446
2.8115
3.0723
2.9826
2.6655
2.5576
2.5607
2.8183
2.8667
2.7104
2.6995
2.7109
2.7969
2.7505
2.5278
2.3445
2.1765
2.1368
2.1714
2.4079
2.3726
2.6927
2.6595
2.4915
2.4965
2.3465
2.2575
2.3389
2.6128
2.6937
2.7146
2.6073
2.4028
2.0947
2.2496
2.128
1.9837
1.5677
1.2934
1.4281
1.7019
1.8284
1.7382
1.7145
2.0485
2.1629
2.1463
2.008
2.0854
2.0404
2.1105
1.9982
1.8363
1.491
1.4192
1.516
1.5315
1.6695
1.7783
1.8188
1.7664
1.7253
1.6632
1.5716
1.4173
1.3735
1.4731
1.5607
1.528
1.5332
1.1658
0.57802
0.25037
