7.5489
1.3511
1.9064
2.5682
3.3686
3.9976
4.4136
4.4776
4.1083
3.3842
3.0407
3.0767
3.1389
3.2012
3.3043
3.3397
3.3419
3.1469
3.0435
3.1683
3.126
2.9818
2.9637
3.0256
2.9156
2.8642
2.8747
3.0384
3.1558
3.1523
2.9234
2.9087
3.1143
3.1172
3.1147
2.9852
2.958
3.0378
3.1685
3.0381
3.0526
3.077
3.0923
3.177
3.1537
3.1592
3.1022
2.979
3.0575
3.0214
2.9947
3.1646
3.0928
3.1291
3.169
3.1162
2.9904
3.0316
3.0249
3.1055
3.1405
3.3066
3.0521
3.0679
3.1338
3.2883
3.2354
3.0661
2.9229
2.9811
3.1277
3.1553
3.0244
3.0043
3.0431
3.1953
3.0631
3.095
3.0837
3.1068
3.153
3.2668
3.1244
3.039
3.0709
3.0248
3.0582
3.1118
3.1141
3.1556
3.1558
3.1085
3.1625
3.0751
3.0725
3.0893
3.1003
3.063
3.2528
3.3358
3.0884
