16.364
13.653
8.7775
6.1883
4.6933
4.0827
3.8803
4.0682
4.6026
4.9617
4.8661
4.6007
4.4163
4.452
4.4547
4.4594
4.7806
5.811
6.4824
6.3998
6.3153
6.1489
5.7811
5.608
5.8683
5.8671
5.7988
5.4649
5.4277
5.5859
5.7451
5.5475
5.3
5.3499
5.4382
5.6553
5.5451
5.33
5.3817
5.3687
5.4275
5.3804
5.1871
5.12
5.1241
5.2447
5.3122
5.4484
5.2999
5.5526
5.3668
5.2273
5.266
5.1849
5.2371
5.3942
5.6011
5.5338
5.4532
5.3183
5.17
5.0355
5.3651
5.1928
5.1248
5.0078
5.1829
5.5524
5.5516
5.3761
5.2394
5.3037
5.5804
5.4172
5.2776
5.1979
5.3645
5.2501
5.3121
5.2373
5.1848
5.0697
5.3174
5.4558
5.3789
5.4736
5.3917
5.3305
5.2277
5.2408
5.2995
5.2698
5.2521
5.34
5.4133
5.3781
5.2979
5.3114
5.0504
5.041
5.5189
