12.312
12.782
8.5463
6.0878
4.654
4.1033
3.9768
4.2343
4.7623
5.0558
4.958
4.7304
4.5713
4.5982
4.6329
4.9273
5.4772
6.0612
6.0593
5.661
5.5726
5.5667
5.3597
5.2651
5.5407
5.5151
5.4247
5.0944
5.077
5.2634
5.4599
5.2786
5.0302
5.0839
5.1768
5.4019
5.2964
5.0783
5.1391
5.1599
5.2431
5.2182
5.0392
4.9817
4.996
5.1233
5.1995
5.3418
5.1856
5.4388
5.2505
5.0883
5.1306
5.0504
5.0999
5.2607
5.4771
5.4073
5.3208
5.1752
5.0253
4.8869
5.2259
5.0536
4.9745
4.8424
5.0205
5.4191
5.4415
5.2514
5.0758
5.1049
5.3713
5.1903
4.9943
4.8342
4.932
4.7637
4.7728
4.6461
4.5431
4.3668
4.5644
4.7103
4.6477
4.7489
4.6881
4.6249
4.5151
4.5056
4.5381
4.4991
4.4638
4.5549
4.666
4.6659
4.5989
4.6258
4.3596
4.3143
4.8115
