3.7021
1.5368
1.9635
2.5649
3.3463
4.0159
4.5777
4.9244
4.9066
4.5717
4.4436
4.7271
5.1629
5.9676
6.8141
6.9556
6.9746
6.7775
6.5229
6.6166
6.86
6.9198
6.8849
6.966
6.9083
6.6007
6.5032
6.643
6.9081
6.9798
6.5849
6.324
6.4929
6.6048
6.6467
6.4981
6.3361
6.3651
6.6105
6.4189
6.3847
6.409
6.396
6.5278
6.5757
6.629
6.5182
6.2955
6.3184
6.3322
6.2208
6.4332
6.3668
6.4169
6.5288
6.4883
6.3294
6.31
6.283
6.3534
6.412
6.6396
6.4458
6.319
6.3989
6.6809
6.7193
6.5352
6.1754
6.1549
6.3885
6.4939
6.3585
6.2157
6.2549
6.4831
6.4125
6.3557
6.3536
6.3948
6.4788
6.6349
6.551
6.3816
6.3297
6.3063
6.2889
6.3588
6.3583
6.4437
6.4911
6.406
6.4808
6.3901
6.3651
6.3425
6.344
6.3369
6.5047
6.7296
6.576
