8.1339
1.4313
1.9987
2.6761
3.4949
4.1426
4.5665
4.6165
4.2448
3.7897
3.7009
3.8711
3.9145
3.7482
3.4967
3.3739
3.4854
3.4318
3.3086
3.404
3.3865
3.2069
3.0413
3.0158
2.9085
2.8963
2.9294
3.0874
3.1804
3.1575
2.9224
2.9099
3.1204
3.1264
3.1211
2.9792
2.9364
3.0055
3.1272
2.9936
3.0028
3.023
3.0355
3.1179
3.0897
3.087
3.0248
2.9012
2.9772
2.9466
2.9269
3.092
3.0228
3.0581
3.0961
3.0411
2.913
2.9527
2.9495
3.0289
3.0632
3.2292
2.9814
2.9904
3.0509
3.1969
3.1425
2.9732
2.8337
2.8949
3.0397
3.0685
2.9469
2.9337
2.9717
3.1162
2.9847
3.0148
3.0014
3.0218
3.0656
3.1757
3.0293
2.9398
2.9685
2.9251
2.9645
3.0195
3.0238
3.0662
3.066
3.0183
3.0666
2.9773
2.9757
2.9921
3.0047
2.971
3.158
3.2343
2.9859
