7.8278
1.3056
1.8708
2.5184
3.3088
3.9431
4.3983
4.5461
4.3122
3.9272
3.8355
3.9974
4.0616
4.0375
4.089
4.1359
3.9893
3.6156
3.4206
3.5558
3.563
3.4472
3.4262
3.5153
3.3916
3.2734
3.2512
3.412
3.5423
3.54
3.2642
3.2277
3.4543
3.471
3.462
3.3008
3.2334
3.2956
3.4079
3.2428
3.238
3.2523
3.2689
3.3598
3.342
3.3488
3.2771
3.1296
3.1892
3.1262
3.0723
3.2311
3.1511
3.19
3.2346
3.1829
3.0528
3.0893
3.0762
3.1532
3.1873
3.3618
3.1111
3.1304
3.2014
3.3623
3.3108
3.134
2.9781
3.0277
3.169
3.1937
3.0624
3.0429
3.0834
3.2362
3.1054
3.1403
3.1326
3.1582
3.2066
3.325
3.1876
3.1014
3.1303
3.0785
3.1052
3.1557
3.1556
3.2003
3.206
3.1637
3.2236
3.1378
3.1314
3.1436
3.1515
3.1124
3.3065
3.3992
3.1547
