4.3864
1.9024
2.3326
3.0159
3.9161
4.7908
5.8395
8.1038
10.072
10.2
9.033
7.7506
6.7564
6.3795
6.4104
6.5891
6.8548
6.8802
6.6656
6.6906
6.8581
6.8373
6.7854
6.9407
6.9629
6.6475
6.5287
6.6499
6.9462
7.1353
6.8495
6.6553
6.8992
7.0857
7.1332
6.9204
6.6452
6.6023
6.8373
6.6529
6.6059
6.6119
6.5911
6.7362
6.8083
6.8784
6.7581
6.4996
6.4857
6.4864
6.363
6.5856
6.5421
6.6055
6.735
6.6997
6.5196
6.4657
6.4231
6.4972
6.5769
6.836
6.6739
6.5243
6.5877
6.8661
6.9112
6.7286
6.3474
6.3
6.5341
6.6661
6.5421
6.3747
6.4028
6.6468
6.6025
6.5418
6.5312
6.5683
6.6595
6.8344
6.7581
6.5651
6.4857
6.4506
6.4236
6.4933
6.5037
6.606
6.6709
6.589
6.6528
6.551
6.5142
6.4825
6.487
6.4911
6.6689
6.9033
6.7516
