9.7957
12.788
8.6576
6.163
4.6766
4.0527
3.813
3.9181
4.2987
4.4914
4.3525
4.1034
3.9807
4.141
4.2868
4.2785
4.3048
4.8403
5.3359
5.4774
5.8016
6.0044
5.8295
5.7051
5.9402
5.8968
5.8285
5.5329
5.5591
5.7907
5.998
5.8206
5.5957
5.6721
5.7772
6.0036
5.8935
5.6897
5.7721
5.787
5.8599
5.8276
5.6562
5.6145
5.6425
5.7749
5.8324
5.9465
5.7827
6.0296
5.8303
5.7002
5.7474
5.6747
5.7349
5.8848
6.0751
5.9935
5.9096
5.7838
5.6511
5.5378
5.8672
5.6682
5.5929
5.4971
5.6967
6.0657
6.0394
5.8457
5.7165
5.8026
6.0814
5.8967
5.7497
5.6856
5.8659
5.7438
5.8007
5.7285
5.6836
5.5812
5.8346
5.9566
5.8653
5.958
5.8686
5.808
5.7087
5.7296
5.7954
5.7606
5.7416
5.8281
5.8925
5.8512
5.7736
5.7911
5.5377
5.5486
6.0299
