4.0143
8.994
6.8025
5.0739
3.8859
3.3357
3.0381
2.9558
3.2923
4.5017
5.8564
6.3182
6.0818
5.7175
5.2376
4.8242
4.6048
4.7832
4.7654
4.3588
4.2451
4.2461
4.0593
3.8769
4.126
4.2745
4.292
3.9481
3.8219
3.9291
4.2668
4.2596
4.0453
4.1227
4.3279
4.7381
4.7833
4.5817
4.5957
4.6139
4.6988
4.6682
4.4565
4.3472
4.3282
4.4654
4.616
4.848
4.7195
4.9787
4.8006
4.5841
4.6023
4.4874
4.507
4.6979
4.9945
4.9693
4.8898
4.707
4.5018
4.286
4.6319
4.5129
4.4292
4.2425
4.3941
4.8637
4.9909
4.8184
4.6118
4.6333
4.9482
4.823
4.6427
4.4867
4.6463
4.5615
4.6273
4.5367
4.4626
4.3263
4.6155
4.8674
4.8496
4.9624
4.8869
4.7858
4.6491
4.6293
4.6814
4.6789
4.6683
4.7869
4.9091
4.8852
4.7757
4.7711
4.4559
4.3756
4.9106
