9.0161
10.684
7.5
5.4879
4.187
3.593
3.2864
3.2515
3.5194
3.7654
3.7812
3.6544
3.6522
4.0392
4.6821
5.0499
5.1506
5.4935
5.629
5.4573
5.6125
5.7538
5.5614
5.4012
5.6347
5.6238
5.5728
5.2704
5.2979
5.563
5.8318
5.6771
5.4251
5.4857
5.618
5.9124
5.8627
5.6705
5.7556
5.7923
5.8838
5.87
5.7053
5.6665
5.7119
5.876
5.971
6.1145
5.9571
6.2077
6.0076
5.8596
5.9128
5.8507
5.9226
6.0931
6.3103
6.2356
6.1454
6.0001
5.8554
5.7345
6.0803
5.8896
5.8114
5.7121
5.9126
6.2932
6.2763
6.0655
5.911
5.9889
6.2852
6.1097
5.9522
5.8766
6.0659
5.9491
6.0068
5.9319
5.8844
5.7836
6.0524
6.1912
6.1031
6.1959
6.0988
6.0228
5.9137
5.9318
6.0039
5.9772
5.9636
6.0589
6.13
6.086
5.9985
6.0131
5.7499
5.7574
6.258
