9.3554
10.4
7.1776
5.2271
4.0004
3.49
3.3009
3.4097
3.8548
4.4414
4.844
5.0288
5.1588
5.362
5.3896
5.3083
5.2603
5.4773
5.4507
5.1482
5.2514
5.4938
5.477
5.4639
5.7947
5.8002
5.7193
5.3883
5.3904
5.6237
5.8782
5.7087
5.4504
5.5236
5.6549
5.9316
5.8491
5.6288
5.6981
5.7374
5.8163
5.7876
5.6029
5.5425
5.5781
5.7371
5.8405
5.9912
5.8168
6.0549
5.8509
5.679
5.7158
5.6254
5.6776
5.8536
6.0893
6.0137
5.9223
5.7638
5.5995
5.4531
5.8136
5.6309
5.5406
5.4269
5.6578
6.1121
6.1389
5.9157
5.7387
5.8035
6.0989
5.9192
5.7475
5.6549
5.8578
5.76
5.8313
5.7698
5.7409
5.6615
5.9624
6.127
6.0379
6.1247
6.0202
5.9347
5.8214
5.837
5.9154
5.8971
5.8842
5.9888
6.0685
6.019
5.9185
5.926
5.6503
5.6613
6.2113
