4.8932
1.2298
1.8121
2.4745
3.2667
3.8848
4.2973
4.3765
4.0943
3.7339
3.6943
3.8973
3.9811
3.9037
3.8075
3.832
4.0783
4.1181
3.9863
4.0215
3.8858
3.6374
3.5558
3.6185
3.5173
3.4302
3.4375
3.6366
3.8328
3.879
3.6104
3.5621
3.7867
3.8218
3.8272
3.6803
3.6248
3.7066
3.8594
3.7205
3.7217
3.7535
3.7836
3.8878
3.8837
3.8844
3.7996
3.6482
3.7241
3.6936
3.6711
3.8678
3.7983
3.8459
3.8964
3.8338
3.6816
3.7115
3.7124
3.805
3.8578
4.051
3.7881
3.7671
3.8463
4.047
4.0058
3.7855
3.5787
3.6332
3.8198
3.865
3.7156
3.6781
3.7333
3.915
3.787
3.7939
3.7836
3.8163
3.8752
4.0038
3.854
3.725
3.7379
3.6972
3.7265
3.798
3.8094
3.8638
3.8699
3.8103
3.8689
3.776
3.7553
3.7643
3.7846
3.7575
3.9627
4.0784
3.8103
