8.9397
1.4939
1.9845
2.6287
3.4297
4.0734
4.5205
4.6302
4.3274
3.8863
3.7734
3.9267
3.9666
3.8344
3.576
3.3511
3.3446
3.2297
3.1398
3.2877
3.3244
3.2615
3.2837
3.3821
3.2477
3.1274
3.1064
3.2725
3.41
3.4175
3.1534
3.1158
3.3348
3.3531
3.3495
3.1997
3.1491
3.2288
3.3664
3.2207
3.2216
3.239
3.2609
3.3574
3.3398
3.3419
3.2675
3.1255
3.2001
3.1639
3.1346
3.3228
3.2548
3.2963
3.3377
3.2698
3.1212
3.1556
3.1549
3.2519
3.3041
3.4902
3.2226
3.212
3.2764
3.4486
3.4009
3.202
3.0288
3.0911
3.2642
3.3117
3.1766
3.142
3.1821
3.3403
3.2054
3.2304
3.221
3.2492
3.3011
3.4209
3.2739
3.1679
3.1909
3.1449
3.1768
3.2363
3.2409
3.2886
3.2927
3.2436
3.301
3.2103
3.1972
3.209
3.2246
3.1903
3.3909
3.4906
3.227
