12.609
11.951
8.2041
5.8935
4.4831
3.8812
3.6366
3.7288
4.1245
4.3697
4.2528
3.975
3.7515
3.7014
3.6092
3.5052
3.5197
3.8457
3.9851
3.7668
4.1249
4.645
4.6817
4.5697
4.7632
4.7289
4.6072
4.1829
4.008
4.1381
4.3749
4.1959
3.9047
3.9211
4.0119
4.2567
4.1692
3.9395
3.9635
4.0041
4.0851
4.0471
3.8739
3.8001
3.799
3.9156
4.0017
4.1599
4.0006
4.2598
4.1022
3.8912
3.9272
3.8413
3.8708
4.029
4.2634
4.2292
4.1507
3.9769
3.8125
3.6575
3.9911
3.8372
3.7399
3.5769
3.7446
4.1597
4.2604
4.1085
3.8841
3.9228
4.2418
4.1421
3.9588
3.8342
4.0097
3.9256
3.9847
3.9011
3.8364
3.7109
3.959
4.1347
4.0713
4.1705
4.1025
4.0159
3.9092
3.9129
3.9692
3.9522
3.9218
4.0181
4.1035
4.0772
3.9937
4.0023
3.7335
3.6777
4.1667
