4.3458
10.823
7.5435
5.4508
4.1222
3.5025
3.1469
3.0101
3.1008
3.1131
2.8235
2.8149
3.3585
4.1255
4.3077
4.0609
3.7937
3.9324
3.9596
3.6556
3.6215
3.6945
3.5512
3.4167
3.7015
3.8255
3.795
3.4543
3.3687
3.5271
3.8154
3.6965
3.4051
3.3964
3.486
3.7679
3.7415
3.5298
3.5381
3.5899
3.6893
3.6648
3.482
3.3826
3.3578
3.4698
3.5855
3.7883
3.6492
3.8972
3.7507
3.5507
3.5876
3.4904
3.5054
3.6774
3.9514
3.9273
3.8629
3.7039
3.5137
3.3152
3.6474
3.5215
3.4134
3.2059
3.3509
3.8162
3.9671
3.8039
3.5905
3.6095
3.9346
3.8381
3.6727
3.525
3.6876
3.6121
3.6651
3.568
3.4842
3.3337
3.5791
3.7924
3.7553
3.8521
3.787
3.6951
3.575
3.5612
3.6065
3.5945
3.5581
3.6583
3.7678
3.7534
3.6613
3.6619
3.3668
3.264
3.7709
