7.4636
1.298
1.8477
2.4933
3.2709
3.858
4.2059
4.1903
3.8095
3.2449
3.0015
3.0614
3.1365
3.2061
3.3377
3.4444
3.5454
3.4084
3.3069
3.4794
3.5611
3.5526
3.6078
3.7493
3.6197
3.4535
3.4197
3.6026
3.7809
3.8223
3.53
3.4764
3.7314
3.7832
3.7886
3.6133
3.5268
3.6169
3.7921
3.6394
3.6366
3.6448
3.6796
3.8131
3.8386
3.8767
3.7819
3.5797
3.6223
3.5471
3.4684
3.6753
3.5979
3.6647
3.748
3.6831
3.4954
3.4998
3.4719
3.5716
3.637
3.8806
3.6327
3.6179
3.7012
3.9436
3.951
3.7256
3.4568
3.4746
3.6471
3.6975
3.5393
3.4749
3.5258
3.7354
3.63
3.6635
3.6705
3.7321
3.8327
4.0302
3.9415
3.8024
3.7864
3.716
3.705
3.7627
3.7713
3.8482
3.8891
3.8498
3.9399
3.8509
3.7898
3.7594
3.7625
3.7164
3.9499
4.1327
3.8584
