5.6096
1.5846
2.0928
2.7417
3.5575
4.2303
4.7278
4.9321
4.7575
4.3948
4.3264
4.6302
4.995
5.5838
7.0509
7.9595
7.8459
7.085
6.4204
6.2864
6.4003
6.4371
6.4717
6.6834
6.6792
6.4143
6.3536
6.4974
6.7417
6.8385
6.528
6.3856
6.6206
6.7482
6.7819
6.6302
6.4784
6.517
6.7649
6.5751
6.5388
6.5677
6.5542
6.6813
6.7305
6.7869
6.6814
6.4631
6.4876
6.4888
6.3429
6.5929
6.5541
6.6022
6.7034
6.6576
6.4924
6.4453
6.4066
6.5011
6.5922
6.821
6.6174
6.486
6.5658
6.849
6.8864
6.7071
6.3122
6.2082
6.3981
6.5308
6.3835
6.1241
6.0627
6.2552
6.1669
6.109
6.1206
6.203
6.2709
6.3976
6.2899
6.1274
6.0875
6.0607
6.0459
6.111
6.1073
6.1879
6.2324
6.1535
6.2305
6.1401
6.116
6.093
6.0875
6.0708
6.2357
6.438
6.2731
