7.9753
1.4253
1.9077
2.5337
3.3179
3.9594
4.4403
4.6319
4.4289
4.0165
3.8948
4.104
4.2772
4.3302
4.314
4.4017
4.7991
5.2767
5.0276
4.6264
4.2505
4.0422
4.087
4.2959
4.2273
4.0314
3.9612
4.1296
4.3206
4.347
4.0006
3.8872
4.1221
4.1894
4.2068
4.0474
3.9318
3.9611
4.0721
3.8555
3.7651
3.7044
3.6776
3.7521
3.7285
3.7201
3.6203
3.4502
3.5138
3.4656
3.4243
3.6122
3.533
3.5794
3.6319
3.5671
3.4112
3.4404
3.4325
3.522
3.5699
3.7667
3.5055
3.4986
3.5755
3.769
3.7251
3.5129
3.3203
3.3775
3.5505
3.5857
3.4371
3.4027
3.4523
3.6245
3.4915
3.5093
3.4995
3.5316
3.5898
3.7191
3.5718
3.4532
3.4712
3.4248
3.4523
3.5168
3.524
3.5762
3.5828
3.5289
3.5891
3.496
3.4761
3.4861
3.504
3.4723
3.6812
3.7956
3.5271
