6.4908
1.599
2.1128
2.7642
3.5843
4.2652
4.7784
5.0208
4.9198
4.6514
4.7008
5.2705
6.5677
7.7373
8.2119
8.0729
7.7799
7.2597
6.5735
6.3933
6.4889
6.4671
6.4262
6.5715
6.5386
6.2056
6.0602
6.1731
6.4286
6.5646
6.2476
6.0669
6.2837
6.4114
6.4413
6.2619
6.0643
6.1355
6.4004
6.2267
6.1881
6.212
6.193
6.3178
6.3539
6.3934
6.271
6.0019
5.9714
5.8795
5.7145
5.9949
5.9958
6.1283
6.3136
6.2743
5.9836
5.7999
5.6835
5.7809
5.9364
6.3287
6.1915
6.014
6.038
6.3946
6.4596
6.1469
5.56
5.3743
5.5852
5.7319
5.5626
5.3765
5.3887
5.6182
5.5043
5.4468
5.4212
5.4618
5.5445
5.7155
5.5837
5.3843
5.3433
5.296
5.2894
5.3751
5.3936
5.4783
5.516
5.4377
5.5141
5.4116
5.3604
5.3426
5.3614
5.3507
5.5761
5.7916
5.5446
