4.2579
9.542
6.8474
5.0684
3.8827
3.3453
3.0735
3.0629
3.3504
3.6154
3.6679
3.6287
3.6826
3.8844
4.0027
4.253
4.7978
5.4746
5.5711
5.225
5.2051
5.2914
5.1678
5.1222
5.4658
5.5045
5.4501
5.1401
5.1469
5.3658
5.5911
5.4157
5.1688
5.2422
5.3641
5.6209
5.5326
5.3233
5.4006
5.4381
5.5218
5.4923
5.3115
5.2574
5.2843
5.4273
5.5122
5.653
5.4875
5.7361
5.5428
5.3752
5.416
5.3375
5.395
5.5627
5.7818
5.7062
5.6164
5.4649
5.3094
5.1782
5.5338
5.3522
5.2661
5.1493
5.3622
5.7838
5.8007
5.5944
5.414
5.4522
5.7296
5.549
5.3578
5.2196
5.3583
5.2255
5.2762
5.2045
5.1704
5.0685
5.3357
5.5022
5.4399
5.5471
5.471
5.4028
5.2936
5.2997
5.3587
5.3336
5.3205
5.4306
5.5369
5.5242
5.4565
5.4929
5.2576
5.2843
5.8153
