4.611
1.4043
1.9248
2.5608
3.3544
4.015
4.5324
4.7762
4.5949
4.1237
3.9237
4.0628
4.149
4.0903
3.9737
3.9356
4.0765
3.9994
3.649
3.5204
3.4365
3.4081
3.5147
3.7073
3.6114
3.4425
3.3895
3.556
3.7141
3.6686
3.3026
3.1895
3.3825
3.4045
3.4148
3.2819
3.2391
3.3161
3.45
3.3068
3.3145
3.3416
3.3759
3.4891
3.4943
3.5179
3.4532
3.3101
3.3859
3.339
3.2967
3.479
3.3994
3.4498
3.5086
3.4521
3.3025
3.3323
3.3176
3.4008
3.4436
3.6412
3.388
3.395
3.4762
3.6727
3.6378
3.4364
3.2442
3.2938
3.4523
3.4771
3.3274
3.2941
3.3393
3.5055
3.3713
3.3958
3.3885
3.4219
3.4812
3.6143
3.4761
3.3674
3.3869
3.3347
3.3552
3.4109
3.4116
3.4605
3.4686
3.4208
3.4865
3.3981
3.3799
3.3881
3.401
3.3639
3.5724
3.6891
3.4298
