8.7916
1.3313
1.904
2.5651
3.3628
3.985
4.39
4.4507
4.154
3.7929
3.762
3.8552
3.6166
3.2851
3.1846
3.2493
3.4568
3.4264
3.2832
3.248
3.0619
2.9027
2.9091
2.9934
2.9071
2.8727
2.8887
3.0455
3.1515
3.153
2.9422
2.9367
3.1399
3.1389
3.1384
3.0101
2.9771
3.044
3.1585
3.022
3.0312
3.0517
3.0626
3.1446
3.1234
3.1314
3.0774
2.9539
3.0241
2.9826
2.9553
3.1102
3.0378
3.0754
3.1173
3.0707
2.9498
2.9889
2.9781
3.0474
3.0761
3.2416
3.0018
3.0243
3.0895
3.2395
3.1911
3.0277
2.8859
2.9375
3.0705
3.09
2.9672
2.9556
2.9888
3.1275
2.9979
3.0346
3.0243
3.0447
3.0882
3.2006
3.0636
2.9843
3.0136
2.9631
2.9948
3.0424
3.0416
3.0824
3.0847
3.0423
3.0962
3.0118
3.0123
3.0259
3.0313
2.9931
3.1781
3.2584
3.0244
