11.49
10.765
7.5734
5.5115
4.2212
3.687
3.5033
3.6686
4.14
4.4348
4.4115
4.3225
4.4268
4.9001
5.407
5.6991
5.8026
6.0267
5.9067
5.5039
5.4643
5.4968
5.3097
5.2317
5.5658
5.6125
5.5623
5.2451
5.2404
5.4542
5.6848
5.5178
5.2763
5.3466
5.4613
5.7071
5.6059
5.3854
5.4535
5.481
5.5619
5.5314
5.3478
5.2905
5.3125
5.4486
5.5254
5.6583
5.4875
5.7252
5.5192
5.3519
5.3896
5.3108
5.3751
5.5555
5.7813
5.6999
5.5956
5.4327
5.2711
5.1363
5.505
5.3513
5.2803
5.1606
5.3668
5.7839
5.7896
5.5661
5.3749
5.416
5.7038
5.5435
5.3881
5.2943
5.469
5.349
5.4005
5.3163
5.2574
5.1378
5.3953
5.5491
5.473
5.5699
5.4851
5.4121
5.3014
5.3064
5.3627
5.331
5.3071
5.4023
5.489
5.4562
5.3691
5.3808
5.1015
5.0788
5.5889
