1.9487
9.7438
7.5637
5.6354
4.312
3.6883
3.353
3.3006
3.5756
3.834
3.8364
3.6856
3.6186
3.7774
3.8857
3.8987
4.1084
5.0147
5.7616
5.7405
5.7129
5.6322
5.3436
5.2035
5.5017
5.553
5.52
5.2064
5.1896
5.3876
5.6248
5.473
5.2277
5.3029
5.4439
5.7386
5.6826
5.485
5.5614
5.5907
5.6684
5.6407
5.4648
5.4132
5.442
5.5826
5.6604
5.7937
5.6245
5.8736
5.6871
5.532
5.5766
5.4984
5.5563
5.723
5.9427
5.8713
5.7887
5.6426
5.4858
5.3496
5.7065
5.5225
5.4354
5.3188
5.5233
5.9278
5.9308
5.7258
5.5665
5.6303
5.9223
5.7585
5.6038
5.5134
5.7009
5.5905
5.6485
5.5701
5.5182
5.4106
5.6775
5.822
5.732
5.8213
5.7296
5.6543
5.5451
5.5624
5.6333
5.6069
5.5852
5.6783
5.7554
5.7138
5.6251
5.6397
5.3699
5.3671
5.882
