10.362
11.81
7.9897
5.7571
4.4567
4.021
4.0661
4.6686
5.652
6.0558
5.8547
5.5148
5.2809
5.3234
5.3409
5.2705
5.1855
5.3323
5.2151
4.8244
4.7498
4.7305
4.4967
4.3321
4.5551
4.5813
4.5324
4.1866
4.0778
4.1594
4.3555
4.2119
3.9244
3.9017
3.9792
4.3147
4.3863
4.2477
4.3036
4.3382
4.466
4.52
4.3818
4.2667
4.2157
4.3202
4.4018
4.5804
4.4596
4.749
4.626
4.4626
4.4899
4.3661
4.3508
4.4771
4.7303
4.7336
4.7095
4.5779
4.3918
4.154
4.4042
4.2101
4.064
3.7957
4.018
4.4666
4.5298
4.3672
4.2297
4.3022
4.5781
4.4123
4.2718
4.19
4.3567
4.2344
4.2797
4.2034
4.1505
4.0379
4.2851
4.4255
4.3544
4.457
4.3826
4.316
4.215
4.2197
4.272
4.2432
4.2139
4.3082
4.38
4.3513
4.2818
4.2939
4.0352
4.0031
4.4706
