6.4587
10.97
7.7312
5.6422
4.323
3.7643
3.5524
3.6845
4.1456
4.4794
4.4391
4.2308
4.1008
4.2106
4.4769
5.3188
6.5083
7.4235
7.4089
6.9233
6.8261
6.826
6.5804
6.4618
6.72
6.6285
6.4905
6.1455
6.1647
6.3977
6.5767
6.3507
6.1031
6.1919
6.3067
6.5285
6.3889
6.1637
6.2509
6.2745
6.3354
6.2945
6.1228
6.0864
6.1315
6.2766
6.3316
6.4282
6.2378
6.4735
6.2589
6.1094
6.1601
6.0963
6.1698
6.3282
6.52
6.4245
6.3293
6.1896
6.0541
5.9588
6.321
6.1084
6.0182
5.9351
6.1623
6.537
6.4848
6.2471
6.0743
6.135
6.415
6.2074
6.0034
5.8756
6.0179
5.8522
5.8691
5.7656
5.7003
5.5841
5.8346
5.9522
5.8476
5.933
5.8363
5.7636
5.6577
5.674
5.7426
5.713
5.6933
5.7871
5.8583
5.8149
5.7288
5.7418
5.4746
5.4769
5.9781
