6.9812
1.3222
1.9139
2.5875
3.3776
3.9462
4.2209
4.067
3.4617
2.9751
2.9498
3.1454
3.278
3.3001
3.2602
3.1959
3.2516
3.1604
3.1136
3.2967
3.3674
3.3653
3.4451
3.599
3.4944
3.3605
3.3363
3.5223
3.7131
3.7847
3.528
3.4994
3.7845
3.8798
3.9317
3.7607
3.6198
3.675
3.85
3.7283
3.7737
3.8202
3.865
4.0654
4.1411
4.1631
4.0754
3.9028
3.9604
3.895
3.8225
4.0168
3.9431
4.0173
4.112
4.0756
3.9085
3.9005
3.8567
3.935
3.9977
4.2521
4.0485
4.0626
4.1915
4.5143
4.4704
4.2381
4.0215
4.0662
4.2397
4.2704
4.1275
4.0973
4.1413
4.3088
4.1783
4.1992
4.2
4.2337
4.2903
4.42
4.279
4.1702
4.1908
4.1414
4.1555
4.2166
4.2143
4.2668
4.2799
4.2246
4.2951
4.2029
4.1906
4.1994
4.2042
4.1695
4.3668
4.4872
4.245
