4.7593
10.579
7.5462
5.5075
4.1913
3.5952
3.3074
3.3517
3.8155
4.2956
4.4376
4.4177
4.6139
5.0736
5.3206
5.3623
5.3902
5.6682
5.6449
5.2907
5.3179
5.4721
5.3889
5.3462
5.6601
5.6466
5.5292
5.1521
5.1106
5.3177
5.5699
5.3977
5.1154
5.1564
5.2705
5.5467
5.4731
5.2453
5.2927
5.3229
5.406
5.3748
5.1836
5.1151
5.1336
5.2805
5.3829
5.5399
5.3647
5.6007
5.3998
5.2222
5.2652
5.1764
5.226
5.4056
5.6529
5.5868
5.4979
5.3386
5.1719
5.0155
5.3772
5.2128
5.1195
4.9749
5.1761
5.6315
5.6849
5.4713
5.2788
5.331
5.6336
5.4687
5.2969
5.1893
5.3785
5.2783
5.3354
5.2482
5.1871
5.0709
5.3513
5.5352
5.4615
5.5451
5.4427
5.3481
5.2286
5.235
5.3039
5.2891
5.2698
5.3714
5.4638
5.4243
5.3233
5.3284
5.0395
5.0154
5.5602
