6.341
9.0431
6.9309
5.1878
3.9841
3.436
3.1594
3.1419
3.4014
3.6013
3.5499
3.3144
3.0247
2.8265
3.0788
3.4848
3.7509
4.1928
4.428
4.1703
4.1383
4.2207
4.1227
4.0205
4.3437
4.5217
4.5607
4.238
4.1381
4.2452
4.5205
4.4145
4.1043
4.0961
4.2049
4.481
4.4342
4.1845
4.1665
4.2081
4.3019
4.26
4.0691
3.9862
3.9961
4.1314
4.2319
4.3972
4.2255
4.4589
4.2908
4.0249
3.996
3.9086
3.9745
4.1931
4.4842
4.4668
4.3782
4.1543
3.8823
3.7022
4.1025
4.0173
3.9399
3.785
3.9967
4.4643
4.5877
4.4039
4.1256
4.0289
4.271
4.1436
3.9588
3.8296
4.0002
3.9074
3.951
3.8544
3.7829
3.6578
3.9223
4.1136
4.044
4.1204
4.0322
3.9383
3.8232
3.8199
3.8767
3.8674
3.8412
3.9449
4.037
4.0058
3.9092
3.9096
3.6319
3.5747
4.0988
