4.3857
1.3672
1.9183
2.5719
3.3632
3.9749
4.3592
4.3913
4.0256
3.3173
2.9386
2.9324
2.9888
3.0635
3.1933
3.2409
3.2296
3.0396
2.9616
3.1343
3.2079
3.1933
3.244
3.3487
3.2236
3.1169
3.1045
3.2731
3.4108
3.4244
3.17
3.1386
3.3603
3.3753
3.3667
3.2106
3.1581
3.2412
3.3874
3.2495
3.2601
3.28
3.3051
3.4092
3.4017
3.415
3.3398
3.1866
3.2553
3.2097
3.1708
3.3586
3.2868
3.3374
3.3941
3.3339
3.1821
3.2119
3.1999
3.2904
3.338
3.5356
3.2791
3.2796
3.3495
3.5346
3.4974
3.3011
3.1135
3.1635
3.3246
3.3642
3.2274
3.1956
3.2442
3.4252
3.3091
3.3466
3.3467
3.3896
3.4606
3.608
3.4788
3.3629
3.3738
3.3192
3.3399
3.4013
3.4097
3.4689
3.4859
3.4388
3.5042
3.4106
3.3819
3.3832
3.3969
3.3619
3.5797
3.7118
3.4487
