14.451
12.978
8.7281
6.1949
4.7081
4.1091
3.9283
4.149
4.7225
5.1204
5.0466
4.7853
4.5819
4.5751
4.5115
4.4204
4.5187
5.2641
5.9938
6.1447
6.2388
6.1771
5.8674
5.7331
6.0111
6.0123
5.9579
5.6523
5.6535
5.8509
6.0336
5.8477
5.614
5.6829
5.7874
6.009
5.8886
5.6645
5.7159
5.6967
5.741
5.6735
5.4599
5.3775
5.3742
5.4896
5.5471
5.6673
5.5019
5.7415
5.5424
5.3988
5.4368
5.3557
5.4109
5.5699
5.7751
5.7011
5.6161
5.4799
5.3337
5.2047
5.5399
5.3636
5.2929
5.1814
5.3654
5.736
5.7244
5.537
5.3969
5.4665
5.7456
5.576
5.4324
5.3555
5.5276
5.412
5.4725
5.3975
5.3469
5.2373
5.4922
5.6294
5.5462
5.6363
5.5478
5.4825
5.3782
5.3924
5.455
5.4277
5.4125
5.5019
5.5724
5.5324
5.4486
5.4608
5.2002
5.1975
5.6804
