8.4806
1.3909
1.9082
2.5337
3.3133
3.9438
4.4027
4.5617
4.3409
3.9595
3.8803
4.1072
4.2785
4.3335
4.3203
4.4287
4.875
5.5268
6.4458
6.9958
7.1531
6.8161
6.477
6.4542
6.4044
6.1775
6.1309
6.2806
6.5457
6.6524
6.33
6.1688
6.3851
6.5023
6.5343
6.3884
6.247
6.2862
6.5361
6.356
6.3351
6.3719
6.3576
6.4775
6.5157
6.5654
6.4651
6.2627
6.298
6.3045
6.1866
6.419
6.3621
6.404
6.4987
6.4565
6.3123
6.2884
6.2602
6.3465
6.409
6.6173
6.4095
6.2959
6.374
6.6362
6.6562
6.4949
6.1591
6.1236
6.375
6.4987
6.3661
6.2002
6.2412
6.4736
6.4005
6.3468
6.3399
6.3738
6.4487
6.5929
6.5037
6.3553
6.322
6.301
6.2824
6.3511
6.3515
6.4302
6.4695
6.3829
6.4549
6.3652
6.3502
6.337
6.3382
6.3279
6.4843
6.6832
6.5324
