1.3985
10.89
7.9583
5.8139
4.4431
3.8418
3.5817
3.6571
4.0713
4.3786
4.2984
4.0365
3.84
3.8534
3.8395
3.7541
3.8775
5.0499
6.2494
6.3737
6.2675
6.0122
5.5283
5.205
5.3588
5.3317
5.2434
4.8785
4.8055
4.9585
5.2091
5.1017
4.8844
4.963
5.1009
5.3965
5.3507
5.146
5.1939
5.2028
5.2708
5.2309
5.0344
4.9562
4.9574
5.0825
5.1686
5.3247
5.1711
5.4275
5.2499
5.0874
5.13
5.0443
5.0902
5.2593
5.4954
5.4367
5.3561
5.2037
5.0383
4.8824
5.2298
5.066
4.9819
4.8393
5.0164
5.429
5.4675
5.2797
5.1123
5.1674
5.4675
5.3193
5.1648
5.0623
5.2397
5.1365
5.1973
5.1143
5.0523
4.9274
5.1843
5.3475
5.2763
5.3725
5.2909
5.2163
5.1065
5.1149
5.1762
5.1519
5.1279
5.2215
5.3089
5.2769
5.1888
5.2012
4.9214
4.8903
5.3987
