10.964
1.5583
2.043
2.6815
3.4747
4.0875
4.4517
4.4212
4.0096
3.5538
3.4353
3.526
3.518
3.4211
3.3595
3.2413
3.0949
2.8855
2.8629
3.0747
3.169
3.1587
3.1933
3.2645
3.1136
3.0119
2.993
3.1361
3.2369
3.2327
3.0064
2.9972
3.2066
3.2065
3.2057
3.0716
3.035
3.1047
3.2248
3.0804
3.0911
3.1102
3.1239
3.2096
3.19
3.2027
3.1457
3.015
3.0879
3.0428
3.0094
3.1717
3.0947
3.1364
3.1828
3.1328
3.0068
3.0491
3.0352
3.1101
3.1399
3.3125
3.0621
3.086
3.1513
3.3118
3.2637
3.0958
2.9456
2.9983
3.138
3.1629
3.0395
3.0245
3.0612
3.217
3.0947
3.1368
3.1283
3.153
3.1902
3.294
3.1461
3.0589
3.0873
3.0354
3.0646
3.1128
3.1097
3.151
3.1545
3.1102
3.1668
3.0794
3.0751
3.0885
3.0957
3.058
3.251
3.3399
3.0977
