4.3588
1.449
1.9799
2.6358
3.4412
4.0814
4.5147
4.6127
4.3331
3.9475
3.8834
4.0979
4.264
4.3001
4.0255
3.6781
3.5438
3.3575
3.2313
3.3928
3.4911
3.4827
3.5168
3.6178
3.4727
3.3169
3.2776
3.4449
3.6003
3.6277
3.3627
3.3182
3.5522
3.5891
3.5838
3.4265
3.3654
3.4543
3.6146
3.4688
3.4627
3.4816
3.5069
3.6088
3.5979
3.5991
3.519
3.3709
3.4442
3.4085
3.3731
3.5874
3.54
3.5908
3.6342
3.5543
3.3811
3.3936
3.3899
3.5049
3.59
3.8028
3.529
3.4913
3.5503
3.7366
3.6919
3.4712
3.2626
3.3123
3.5098
3.5955
3.4706
3.4224
3.4699
3.6461
3.5155
3.5337
3.5278
3.564
3.6255
3.7576
3.6109
3.4872
3.5032
3.4576
3.4841
3.5511
3.56
3.6147
3.6229
3.5691
3.6315
3.5378
3.5137
3.521
3.5408
3.5097
3.722
3.8433
3.569
