16.982
12.893
8.3245
5.9058
4.487
3.9037
3.7045
3.8887
4.4604
4.9315
4.9389
4.7387
4.5734
4.565
4.499
4.4902
4.6557
5.1169
5.3317
5.351
5.8474
6.3025
6.2462
6.1225
6.3057
6.1632
5.984
5.5951
5.5745
5.806
6.0284
5.8292
5.5588
5.6121
5.7071
5.9316
5.8087
5.5721
5.6301
5.6491
5.7175
5.6825
5.5012
5.4413
5.458
5.5844
5.65
5.7781
5.6089
5.8585
5.6589
5.4952
5.5425
5.4635
5.5142
5.6727
5.8904
5.8177
5.7294
5.5811
5.4331
5.3013
5.6455
5.4545
5.3647
5.2413
5.431
5.8281
5.8417
5.6408
5.4784
5.5583
5.8709
5.7092
5.5459
5.4586
5.6519
5.5445
5.6044
5.5272
5.4741
5.3609
5.62
5.7644
5.6816
5.7812
5.6954
5.6223
5.5174
5.5337
5.6012
5.5721
5.5476
5.6397
5.7173
5.6799
5.5959
5.6133
5.3412
5.3283
5.8336
