11.223
11.206
7.9694
5.7695
4.3826
3.7657
3.4843
3.5467
3.9896
4.3725
4.4271
4.3598
4.4631
4.8098
4.9833
4.993
5.0589
5.5044
5.6548
5.3916
5.3781
5.4124
5.2409
5.177
5.4756
5.4844
5.4312
5.1288
5.1288
5.3302
5.5447
5.3935
5.1787
5.2594
5.3792
5.6345
5.557
5.3682
5.4511
5.4696
5.5513
5.5261
5.3565
5.3134
5.3384
5.4722
5.5405
5.6689
5.5124
5.7598
5.5656
5.429
5.4705
5.3935
5.451
5.6061
5.806
5.7315
5.6474
5.5137
5.3698
5.2459
5.5799
5.3998
5.3299
5.2226
5.4132
5.7918
5.783
5.5947
5.4535
5.5189
5.7933
5.6222
5.4815
5.4087
5.5826
5.4676
5.5295
5.4569
5.4088
5.3006
5.5526
5.6862
5.6031
5.6937
5.6039
5.5398
5.4374
5.4548
5.5177
5.4864
5.4684
5.5564
5.6266
5.588
5.5075
5.5208
5.2621
5.263
5.748
