6.2503
1.3011
1.8778
2.5345
3.3289
3.9563
4.3821
4.4684
4.1614
3.744
3.6486
3.7946
3.8126
3.6278
3.3619
3.2197
3.2987
3.1969
3.0298
3.0403
2.9483
2.8546
2.8974
3
2.9188
2.8777
2.8819
3.0309
3.1308
3.1185
2.8868
2.8653
3.0632
3.0689
3.073
2.9408
2.9005
2.9644
3.0819
2.954
2.9678
2.992
3.0054
3.0866
3.06
3.0612
3.0055
2.888
2.966
2.9351
2.9174
3.0761
3.0043
3.0371
3.0725
3.0217
2.9022
2.9461
2.9418
3.0159
3.0447
3.2037
2.9575
2.9749
3.0366
3.1805
3.1263
2.9636
2.8321
2.893
3.0307
3.0514
2.9295
2.9201
2.956
3.0952
2.9627
2.9956
2.983
3.0023
3.044
3.151
3.0072
2.9261
2.9587
2.9147
2.9538
3.0051
3.0058
3.0446
3.0426
2.9961
3.0449
2.9587
2.9619
2.9798
2.9891
2.953
3.1347
3.2057
2.9654
