7.5372
10.834
7.7145
5.6044
4.2683
3.6779
3.4086
3.4651
3.9114
4.3785
4.4595
4.2914
4.1102
4.0286
3.8017
3.4061
2.8913
2.3517
1.3408
0.22189
0
0.015961
0.014043
0.027171
0.088102
0.31851
0.47067
0.2092
0
0
0.092145
0.19606
0.00255
0
0
0.089748
0.1706
0.032661
0.009123
0
0.034359
0
0
0
0
0
0
0.066587
0
0.19108
0.17009
0.0030297
0
0.026848
0.0022207
0.030834
0.11025
0.21711
0.24304
0.11095
0
0
0.018947
0
0
0
0.010405
0.040118
0.20942
0.29745
0.0433
0.0091161
0.11311
0.19421
0.116
0
0.017696
0
0.020718
0.0012037
0
0
0
0.05366
0.0067943
0.076823
0.10381
0.03631
0
0
0.0034256
0
0
0.047334
0.013201
0.0020225
0
0
0
0
0.0051321
