7.7045
1.3632
1.9329
2.5994
3.4081
4.0543
4.4981
4.5819
4.1983
3.6093
3.4338
3.6086
3.7571
3.8314
3.8913
3.9857
4.1792
3.9496
3.4682
3.3274
3.251
3.2332
3.349
3.5319
3.4595
3.3428
3.3086
3.4664
3.6077
3.6192
3.3621
3.334
3.5646
3.5856
3.5724
3.4097
3.3522
3.4339
3.5815
3.441
3.4458
3.4692
3.4944
3.5951
3.5858
3.5914
3.5124
3.3618
3.4334
3.3924
3.3598
3.545
3.4713
3.5203
3.5741
3.5138
3.3638
3.3944
3.3867
3.4739
3.52
3.7135
3.4561
3.4522
3.5263
3.7149
3.6731
3.4683
3.2752
3.3237
3.4865
3.5199
3.3791
3.3512
3.4001
3.5701
3.4403
3.4613
3.4516
3.4829
3.5399
3.6674
3.5217
3.4066
3.4223
3.3735
3.4013
3.4637
3.4706
3.5222
3.5293
3.4771
3.5364
3.4452
3.4289
3.4389
3.4542
3.4218
3.6266
3.7361
3.4747
