4.8666
1.6432
2.1868
2.8764
3.7443
4.5244
5.2847
6.4576
8.015
7.7852
6.303
4.9477
4.3617
4.2543
4.4114
4.6435
4.9091
4.8377
4.6185
4.7204
4.8284
4.8335
4.8843
5.0844
5.0057
4.7288
4.6357
4.8258
5.0916
5.2076
4.8655
4.7213
4.9941
5.097
5.065
4.7926
4.6015
4.6499
4.8496
4.6947
4.6743
4.6929
4.7276
4.8729
4.9176
4.9475
4.8251
4.5981
4.6335
4.5862
4.5183
4.7511
4.695
4.7698
4.8663
4.7985
4.5913
4.5676
4.5447
4.6481
4.7361
5.0023
4.7652
4.6906
4.7693
5.0102
4.9807
4.727
4.4331
4.4529
4.6774
4.7669
4.6039
4.5086
4.5634
4.7935
4.6938
4.6748
4.6593
4.7023
4.7875
4.9615
4.8124
4.6244
4.5946
4.5451
4.5482
4.6287
4.6528
4.7385
4.7768
4.7093
4.7658
4.6548
4.6067
4.5983
4.6279
4.62
4.8504
5.0137
4.7362
