3.7695
10.683
7.6951
5.6071
4.304
3.7778
3.6107
3.7709
4.1657
4.32
4.1782
3.9917
4.0232
4.5866
5.4139
6.0324
6.294
6.494
6.2192
5.6343
5.4509
5.4139
5.2073
5.1167
5.4091
5.4094
5.3276
4.986
4.9477
5.127
5.3475
5.1947
4.9624
5.0336
5.1592
5.4284
5.3581
5.1545
5.2283
5.2676
5.3813
5.3981
5.2707
5.2714
5.3607
5.5597
5.6679
5.8141
5.6617
5.9034
5.6884
5.5316
5.5671
5.5015
5.5859
5.7737
5.9921
5.9061
5.788
5.6191
5.4575
5.3438
5.7175
5.5766
5.5344
5.4641
5.7136
6.1157
6.0856
5.8671
5.7023
5.7533
6.0204
5.8446
5.7065
5.639
5.8058
5.6722
5.7238
5.6497
5.6023
5.4941
5.7394
5.8576
5.7681
5.8639
5.7786
5.7214
5.623
5.6405
5.7016
5.6652
5.6459
5.7331
5.7998
5.7617
5.686
5.7022
5.4461
5.4511
5.9262
