16.33
12.202
8.2096
5.8994
4.4946
3.9008
3.6701
3.78
4.1823
4.4193
4.3497
4.1914
4.1756
4.4055
4.525
4.478
4.5754
5.4779
6.4207
6.6978
6.9323
6.9734
6.6795
6.5363
6.8232
6.7812
6.6604
6.2889
6.2738
6.5036
6.6972
6.4663
6.2003
6.2724
6.3825
6.6108
6.4739
6.244
6.3268
6.3484
6.4074
6.3619
6.1839
6.1484
6.2034
6.3632
6.4297
6.527
6.3282
6.5539
6.3351
6.2008
6.2571
6.1899
6.2667
6.4333
6.6261
6.5206
6.4228
6.2893
6.1607
6.0673
6.4345
6.2227
6.1305
6.0532
6.3043
6.7053
6.6451
6.3927
6.2408
6.3373
6.622
6.4103
6.2435
6.1836
6.3915
6.2699
6.321
6.2493
6.2153
6.1397
6.4314
6.5565
6.437
6.5075
6.3903
6.3121
6.2098
6.2406
6.3283
6.306
6.2941
6.3891
6.447
6.3867
6.2946
6.311
6.0604
6.1071
6.639
