8.8972
1.343
1.8924
2.5362
3.3258
3.9562
4.3989
4.5247
4.2708
3.8737
3.7964
4.0315
4.2358
4.394
4.6449
4.8123
4.5347
3.9145
3.5568
3.6046
3.5502
3.3901
3.3427
3.403
3.2707
3.1682
3.1554
3.3153
3.4371
3.4291
3.1735
3.1496
3.3693
3.3799
3.3723
3.2275
3.1828
3.2587
3.3842
3.236
3.2384
3.2592
3.2762
3.3639
3.3444
3.3491
3.2839
3.1505
3.224
3.1762
3.1351
3.31
3.2372
3.276
3.3183
3.2643
3.1312
3.1644
3.1524
3.2341
3.275
3.4526
3.1963
3.2105
3.2854
3.4515
3.3986
3.2171
3.0579
3.1092
3.2619
3.2985
3.1632
3.1347
3.1798
3.3453
3.2182
3.2517
3.248
3.2797
3.3344
3.4583
3.3207
3.2297
3.2608
3.2133
3.2402
3.2959
3.2979
3.344
3.3485
3.3024
3.364
3.277
3.2664
3.2786
3.2902
3.2524
3.4512
3.5506
3.2972
