6.0211
1.3357
1.9171
2.5803
3.3837
4.0245
4.469
4.5805
4.2896
3.8646
3.7617
3.915
3.9386
3.813
3.6923
3.6602
3.8039
3.7094
3.4787
3.4685
3.4079
3.3411
3.3954
3.5323
3.4086
3.2641
3.2291
3.402
3.567
3.6
3.3423
3.3224
3.5779
3.6207
3.6283
3.4703
3.4034
3.4893
3.642
3.4811
3.4759
3.4874
3.5171
3.6338
3.639
3.6617
3.5775
3.4051
3.4674
3.408
3.3491
3.5462
3.4662
3.523
3.591
3.5261
3.3572
3.3787
3.361
3.4558
3.5094
3.7266
3.4675
3.4599
3.5385
3.7521
3.7281
3.5076
3.2826
3.3233
3.4921
3.5297
3.3748
3.3265
3.3702
3.5473
3.4148
3.4382
3.4305
3.4676
3.5324
3.6752
3.5391
3.417
3.4256
3.3667
3.3816
3.439
3.4416
3.4966
3.5117
3.4654
3.536
3.4446
3.4166
3.4193
3.4331
3.3961
3.6164
3.7529
3.4869
