8.2895
1.4512
1.969
2.6315
3.4397
4.0723
4.4756
4.504
4.1328
3.7081
3.654
3.8559
3.9348
3.8471
3.7469
3.7709
4.0024
3.9987
3.726
3.5531
3.2443
2.9498
2.8326
2.8544
2.7853
2.8029
2.8524
3.0244
3.1326
3.1245
2.8986
2.8841
3.0896
3.1015
3.1104
2.9814
2.9449
3.0136
3.1365
3.0094
3.0226
3.0456
3.0612
3.1476
3.1255
3.1278
3.0662
2.9386
3.0113
2.9785
2.9592
3.1238
3.0544
3.0924
3.1334
3.0819
2.956
2.996
2.9916
3.0701
3.104
3.2708
3.024
3.0355
3.0985
3.2511
3.2013
3.025
2.8737
2.9284
3.0715
3.0994
2.9789
2.9679
3.0075
3.1538
3.0229
3.053
3.04
3.061
3.1057
3.2169
3.0738
2.9841
3.0103
2.965
3.0036
3.0582
3.0613
3.1035
3.1039
3.0569
3.1076
3.021
3.0197
3.0348
3.0457
3.0113
3.1988
3.2796
3.0346
