6.0137
1.568
2.029
2.689
3.4929
4.0954
4.4125
4.3014
3.834
3.3453
3.1727
3.1201
2.9756
2.8574
2.8938
2.9705
3.1255
3.0882
3.0845
3.2823
3.3312
3.256
3.2471
3.3072
3.1646
3.0747
3.0777
3.2465
3.3714
3.3737
3.1318
3.1172
3.3452
3.3636
3.3631
3.2184
3.1707
3.2488
3.3833
3.2382
3.2419
3.26
3.2815
3.3805
3.3705
3.3825
3.3136
3.169
3.2383
3.1934
3.1555
3.3319
3.2578
3.3046
3.3579
3.3013
3.1562
3.1867
3.1744
3.2573
3.2983
3.4869
3.2363
3.2426
3.3148
3.4949
3.4572
3.2647
3.0823
3.131
3.2851
3.3168
3.1812
3.1533
3.1941
3.3545
3.2229
3.2468
3.232
3.2551
3.3027
3.4212
3.277
3.1728
3.1913
3.1396
3.1674
3.2222
3.2248
3.2716
3.2762
3.2268
3.2814
3.1886
3.1724
3.1771
3.1831
3.1427
3.3296
3.4111
3.1604
