1.617
8.6535
7.1324
5.3853
4.1501
3.5938
3.3362
3.3793
3.7397
4.0243
4.027
3.8963
3.8723
4.111
4.4969
5.4059
6.5045
7.2127
7.0696
6.5172
6.3431
6.2946
6.041
5.9126
6.1725
6.11
5.9908
5.6443
5.6369
5.8395
6.024
5.8144
5.56
5.6325
5.7432
5.9818
5.8738
5.662
5.7422
5.7632
5.8261
5.7859
5.6067
5.5563
5.584
5.7224
5.7967
5.9325
5.7801
6.0451
5.8558
5.7144
5.7601
5.6846
5.7441
5.8997
6.1027
6.0228
5.9354
5.7932
5.6484
5.5335
5.8804
5.6838
5.6057
5.5122
5.7263
6.1164
6.1055
5.9033
5.7498
5.8234
6.1124
5.931
5.7664
5.6787
5.8538
5.7285
5.785
5.717
5.6812
5.5865
5.8502
5.9806
5.8922
5.9914
5.9032
5.8364
5.7308
5.7442
5.8077
5.7731
5.7525
5.8457
5.9177
5.8785
5.7973
5.8117
5.5475
5.5524
6.0511
