7.8397
11.517
7.9026
5.7011
4.3377
3.7431
3.4813
3.5402
3.9064
4.1306
4.0022
3.7097
3.4793
3.4314
3.3336
3.1186
2.9857
3.5427
4.4989
4.9286
5.2275
5.2744
4.9666
4.735
4.9661
5.0253
4.9934
4.6417
4.5675
4.7277
4.9822
4.8437
4.5643
4.5768
4.6576
4.9169
4.8645
4.6432
4.6669
4.6841
4.768
4.7384
4.531
4.4182
4.3655
4.4342
4.497
4.6747
4.548
4.8351
4.7066
4.534
4.574
4.4642
4.467
4.6194
4.8907
4.8824
4.8411
4.6998
4.5214
4.3075
4.6095
4.4481
4.3363
4.1049
4.1656
4.5481
4.6865
4.5919
4.4529
4.508
4.841
4.7533
4.6184
4.4951
4.6564
4.5618
4.6196
4.5204
4.428
4.2446
4.4414
4.6188
4.5857
4.7124
4.6799
4.6252
4.5222
4.5148
4.5506
4.5145
4.4652
4.5477
4.6649
4.667
4.588
4.6034
4.2916
4.1695
4.6336
