8.0578
1.288
1.8127
2.4542
3.2344
3.8468
4.264
4.361
4.105
3.7511
3.7166
3.9702
4.1687
4.2594
4.3077
4.546
5.1688
5.2571
4.5691
4.1141
3.8564
3.7473
3.816
4.0286
3.9967
3.8855
3.8788
4.1025
4.3797
4.5293
4.2761
4.2481
4.5375
4.6292
4.6541
4.4947
4.4128
4.5093
4.71
4.542
4.5244
4.5473
4.5791
4.709
4.7367
4.7623
4.6576
4.4589
4.5193
4.4732
4.406
4.6256
4.5455
4.609
4.6915
4.625
4.4388
4.4451
4.4283
4.5249
4.5917
4.8308
4.5714
4.5272
4.6241
4.8918
4.8857
4.6346
4.341
4.3682
4.5806
4.6392
4.4627
4.3854
4.4441
4.6601
4.5392
4.5299
4.524
4.5727
4.6539
4.8166
4.6818
4.5192
4.5078
4.4585
4.462
4.5361
4.5452
4.6136
4.6371
4.5722
4.6501
4.5546
4.5138
4.5085
4.527
4.5013
4.7276
4.9074
4.6416
