3.4084
1.6512
2.1342
2.7796
3.602
4.294
4.8323
5.1194
5.0672
4.8086
4.845
5.4371
6.7598
7.9557
8.3918
8.2084
7.9215
7.463
6.8427
6.6952
6.8439
6.8683
6.8514
7.0455
7.0773
6.7268
6.5533
6.6441
6.9271
7.1141
6.8141
6.5978
6.8112
6.9655
7.0103
6.8544
6.6504
6.6843
6.9761
6.8056
6.7651
6.7906
6.7651
6.8957
6.9463
7.0003
6.8866
6.644
6.6211
6.6021
6.4385
6.7001
6.7132
6.7984
6.9431
6.9099
6.6946
6.5592
6.4691
6.5604
6.7065
7.0122
6.8815
6.7022
6.7344
7.0263
7.0954
6.8916
6.3957
6.2394
6.4714
6.6765
6.5983
6.4125
6.4275
6.6543
6.5855
6.5177
6.5074
6.5434
6.6249
6.7792
6.6942
6.5195
6.463
6.4391
6.4217
6.494
6.4973
6.586
6.6354
6.5489
6.6207
6.5283
6.5022
6.4758
6.4777
6.4749
6.6418
6.8696
6.7196
