4.8808
1.2571
1.8342
2.49
3.2785
3.8979
4.3175
4.4026
4.1007
3.6637
3.5613
3.7675
3.9499
4.0686
4.1819
4.4006
4.9555
5.7688
5.6588
5.0785
4.6134
4.4053
4.463
4.6534
4.5878
4.4196
4.383
4.5577
4.7458
4.7797
4.4772
4.4022
4.6503
4.7129
4.7011
4.525
4.4331
4.5137
4.7077
4.5552
4.5482
4.589
4.6382
4.7932
4.8445
4.8834
4.7895
4.6049
4.68
4.6609
4.6189
4.8615
4.8014
4.8707
4.954
4.8817
4.6841
4.6804
4.6709
4.7782
4.8611
5.1095
4.8517
4.7777
4.8613
5.125
5.114
4.8517
4.547
4.5677
4.8074
4.8923
4.7233
4.6346
4.697
4.9247
4.8162
4.7963
4.785
4.83
4.9123
5.075
4.9321
4.7483
4.725
4.6782
4.6859
4.7731
4.7954
4.8759
4.9043
4.8317
4.8999
4.7943
4.7464
4.7367
4.7613
4.7483
4.9778
5.1652
4.8978
