2.9387
1.569
2.0712
2.7203
3.5362
4.2112
4.7136
4.912
4.6853
4.23
4.0733
4.2334
4.3196
4.2657
4.0138
3.7041
3.5868
3.3813
3.2583
3.4419
3.5691
3.6143
3.7119
3.8925
3.7688
3.5781
3.5268
3.7067
3.8897
3.9288
3.6398
3.5864
3.8412
3.8968
3.8994
3.7251
3.6414
3.7311
3.901
3.7431
3.7284
3.741
3.7756
3.9001
3.9125
3.9284
3.8307
3.6488
3.7113
3.6629
3.6137
3.8359
3.7732
3.8329
3.8958
3.8137
3.6178
3.6221
3.6137
3.7289
3.8097
4.0464
3.78
3.7326
3.8005
4.0207
3.9938
3.7443
3.4928
3.531
3.7412
3.8192
3.6679
3.599
3.644
3.8342
3.7019
3.7082
3.6991
3.7382
3.8076
3.9539
3.8143
3.6753
3.6794
3.6271
3.6416
3.7083
3.7179
3.7787
3.7933
3.7402
3.8098
3.7164
3.6814
3.6803
3.7004
3.6694
3.8931
4.0412
3.7663
