11.185
1.7121
2.1282
2.7719
3.5965
4.3034
4.8835
5.2504
5.2996
5.0993
5.1767
6.013
7.2009
8.0832
7.9023
7.4281
7.3075
7.2647
7.1062
7.1262
7.2357
7.1282
6.9988
7.124
7.1975
6.9853
6.9455
7.0855
7.3661
7.5159
7.2084
6.9827
7.1849
7.3803
7.4938
7.3842
7.155
7.1265
7.3859
7.2041
7.162
7.1839
7.1553
7.303
7.3926
7.4762
7.3624
7.1191
7.0946
7.1036
6.9464
7.1741
7.154
7.2127
7.3449
7.3265
7.1731
7.0982
7.0358
7.0981
7.1745
7.4168
7.289
7.1323
7.1969
7.4604
7.5032
7.3673
6.9752
6.8857
7.1142
7.2802
7.179
6.9779
6.9911
7.2304
7.2024
7.132
7.1268
7.1632
7.2566
7.4362
7.3869
7.2204
7.1433
7.1152
7.0616
7.1171
7.1201
7.2234
7.2972
7.2219
7.3006
7.2084
7.1789
7.1355
7.1288
7.133
7.2832
7.5225
7.4199
