2.4455
11.488
8.1242
5.8536
4.4541
3.8557
3.6128
3.7094
4.1184
4.3951
4.3783
4.2819
4.3629
4.763
5.0698
5.1328
5.2382
5.8723
6.3237
6.3002
6.3947
6.3861
6.0959
5.9465
6.1905
6.1626
6.1119
5.8312
5.8737
6.1197
6.3313
6.1588
5.9467
6.0356
6.1535
6.3909
6.2847
6.0868
6.1766
6.1839
6.2487
6.2088
6.0371
6.0005
6.0364
6.1755
6.2272
6.3265
6.1532
6.388
6.1797
6.0606
6.1056
6.0372
6.1053
6.2541
6.4344
6.3457
6.2589
6.1379
6.0097
5.9096
6.2397
6.0363
5.962
5.8815
6.0913
6.4521
6.4034
6.2008
6.0791
6.168
6.4362
6.2408
6.0978
6.0448
6.2272
6.1025
6.1588
6.0907
6.0528
5.9625
6.2225
6.3361
6.2346
6.3182
6.2192
6.1591
6.0615
6.0878
6.1604
6.128
6.1146
6.2003
6.256
6.2086
6.1295
6.1457
5.9024
5.9321
6.4139
