4.1942
1.5969
2.083
2.7244
3.5331
4.1971
4.6831
4.8731
4.6887
4.3284
4.2653
4.5608
4.8893
5.3675
6.678
7.5608
7.3717
6.6039
5.9214
5.8069
5.9174
5.9779
6.0692
6.2513
6.2084
5.956
5.9065
6.0584
6.2832
6.3578
6.0442
5.929
6.1669
6.274
6.2953
6.1343
6.007
6.0594
6.2937
6.1029
6.0727
6.1057
6.0955
6.2165
6.2468
6.2893
6.1826
5.963
6.0134
5.9702
5.814
6.1338
6.0956
6.1413
6.2354
6.1793
5.9953
5.9264
5.8863
6.0287
6.145
6.3652
6.1394
6.0313
6.1109
6.3724
6.3806
6.1824
5.7423
5.5641
5.7165
5.826
5.5775
5.2043
5.0308
5.1153
4.8756
4.7333
4.6336
4.6145
4.6167
4.6984
4.5039
4.3248
4.3107
4.2574
4.2664
4.3361
4.343
4.4024
4.4128
4.3446
4.4073
4.3046
4.2723
4.2702
4.2839
4.2548
4.4533
4.5756
4.3002
