6.5906
1.3276
1.9017
2.5583
3.3537
3.9803
4.3991
4.4695
4.1439
3.722
3.6349
3.7906
3.8193
3.6801
3.5001
3.3889
3.4655
3.3515
3.1848
3.2508
3.2189
3.1214
3.136
3.2251
3.1006
3.007
2.9952
3.1579
3.2869
3.2946
3.0468
3.021
3.2355
3.2476
3.2487
3.1079
3.0652
3.1417
3.2715
3.1275
3.1339
3.1526
3.172
3.2648
3.2449
3.2503
3.1827
3.0462
3.1219
3.0837
3.0541
3.2305
3.1557
3.1964
3.2404
3.1804
3.0431
3.0842
3.0796
3.1666
3.206
3.3839
3.1225
3.127
3.1932
3.3611
3.3136
3.1273
2.9659
3.0272
3.1845
3.2163
3.082
3.0567
3.0944
3.2458
3.1104
3.141
3.1308
3.1567
3.2055
3.3229
3.178
3.0821
3.1085
3.061
3.094
3.149
3.15
3.1941
3.1976
3.1508
3.2077
3.1186
3.1106
3.1246
3.1365
3.0998
3.2964
3.3887
3.133
