11.179
1.2139
1.819
2.494
3.2894
3.8932
4.2606
4.2646
3.9219
3.5493
3.4913
3.5457
3.3376
3.0789
3.0338
3.1131
3.3182
3.2905
3.1575
3.118
2.9231
2.7718
2.7887
2.8728
2.7954
2.7784
2.7995
2.9529
3.0518
3.0528
2.8508
2.8494
3.0455
3.0373
3.0373
2.9139
2.8867
2.9509
3.0605
2.9252
2.9382
2.959
2.9667
3.044
3.0186
3.0269
2.978
2.8601
2.9321
2.8922
2.8673
3.0152
2.9413
2.9771
3.0173
2.9731
2.8596
2.9039
2.8922
2.9577
2.9809
3.1397
2.9007
2.9299
2.9907
3.1312
3.079
2.9261
2.7976
2.8508
2.9755
2.9899
2.8734
2.869
2.8984
3.0297
2.8992
2.9411
2.9302
2.9482
2.9882
3.0963
2.9591
2.8886
2.9217
2.8711
2.9059
2.9507
2.9474
2.9851
2.9865
2.9454
2.9977
2.9139
2.9197
2.9358
2.9385
2.8989
3.0794
3.1511
2.9225
