15.576
12.042
8.024
5.7443
4.3726
3.8057
3.6168
3.8415
4.6088
5.4402
5.6635
5.5317
5.3239
5.2129
5.018
4.8619
4.8605
5.2053
5.3827
5.3875
5.847
6.2945
6.252
6.1528
6.3555
6.2306
6.0706
5.697
5.6805
5.9136
6.1308
5.937
5.6784
5.7375
5.8334
6.0498
5.9195
5.6809
5.7335
5.7422
5.8056
5.7657
5.5847
5.53
5.5518
5.682
5.7442
5.8635
5.6902
5.9353
5.7364
5.5784
5.6248
5.5509
5.6096
5.769
5.9783
5.9038
5.8175
5.6741
5.5273
5.4049
5.7501
5.5566
5.4707
5.3594
5.5576
5.9446
5.9409
5.7412
5.5861
5.6634
5.9658
5.7999
5.642
5.5602
5.7536
5.6452
5.7071
5.6348
5.5887
5.4859
5.7502
5.8869
5.7964
5.8895
5.7997
5.7283
5.6225
5.6423
5.7138
5.686
5.6656
5.7567
5.8277
5.7844
5.6992
5.7158
5.4522
5.4553
5.9582
