4.4709
1.7428
2.2111
2.8757
3.7315
4.4969
5.2298
6.3596
7.7711
7.4127
5.828
4.8203
4.3149
4.1996
4.3662
4.6028
4.8448
4.7847
4.6366
4.8075
4.9511
4.9354
4.9406
5.1004
4.9928
4.7095
4.617
4.8036
5.0529
5.1361
4.7717
4.6209
4.8634
4.93
4.8843
4.6246
4.4585
4.5208
4.7233
4.5722
4.5606
4.5848
4.6229
4.7665
4.8031
4.8236
4.6967
4.4711
4.515
4.4717
4.4145
4.6532
4.5953
4.6697
4.7584
4.684
4.476
4.4647
4.4492
4.5604
4.649
4.9097
4.6568
4.5857
4.6644
4.9207
4.9091
4.6515
4.3523
4.3791
4.6052
4.6881
4.5204
4.4326
4.493
4.7261
4.6212
4.6059
4.592
4.6362
4.7183
4.8829
4.7353
4.542
4.5098
4.4556
4.462
4.5461
4.5703
4.6523
4.6816
4.6101
4.6717
4.5617
4.5113
4.5036
4.5305
4.5159
4.7499
4.9307
4.6545
