10.288
1.1984
1.7823
2.4418
3.2258
3.8272
4.2082
4.2328
3.8761
3.3756
3.2257
3.3683
3.4763
3.5242
3.5777
3.6509
3.8183
3.6206
3.2688
3.2152
3.1346
3.0476
3.0856
3.1946
3.0938
3.0183
3.0132
3.1782
3.3126
3.3308
3.0921
3.077
3.3026
3.32
3.3211
3.1791
3.1373
3.2189
3.3561
3.2128
3.2203
3.2387
3.2588
3.3541
3.3411
3.3544
3.2889
3.1486
3.2224
3.1758
3.1362
3.3121
3.2329
3.2781
3.3307
3.2755
3.1354
3.1709
3.1576
3.2398
3.2773
3.463
3.2093
3.2233
3.2966
3.4754
3.4327
3.2444
3.071
3.1227
3.2732
3.2972
3.1568
3.1312
3.1728
3.3316
3.1969
3.2266
3.2166
3.2453
3.2986
3.424
3.2844
3.1872
3.211
3.1591
3.1853
3.2386
3.2384
3.2836
3.2894
3.2435
3.3052
3.2176
3.2069
3.2188
3.229
3.19
3.391
3.4932
3.2404
