4.7863
9.9727
7.2872
5.3922
4.1423
3.595
3.3612
3.4487
3.8622
4.1641
4.1581
4.0415
4.0678
4.3725
4.5754
4.517
4.3899
4.6597
4.9938
5.1938
5.7555
6.1357
5.99
5.7868
5.915
5.789
5.6654
5.3264
5.323
5.5615
5.8277
5.6866
5.4506
5.511
5.6194
5.8843
5.8216
5.6339
5.7202
5.7503
5.8369
5.8201
5.6524
5.6048
5.6301
5.7636
5.8323
5.9621
5.8012
6.0535
5.8663
5.7314
5.7831
5.7091
5.7674
5.9273
6.1402
6.0702
5.992
5.8577
5.7149
5.5863
5.9228
5.7276
5.6411
5.5251
5.7137
6.0995
6.0985
5.9065
5.7673
5.8472
6.137
5.9644
5.8147
5.7402
5.9256
5.8082
5.8648
5.7869
5.7347
5.6251
5.8829
6.0184
5.9301
6.0213
5.9301
5.8641
5.762
5.7809
5.8498
5.8199
5.7996
5.8882
5.9599
5.9204
5.836
5.8513
5.5859
5.584
6.0816
