5.4225
2.1222
2.5099
3.2039
4.1485
5.1473
6.8646
8.7934
9.2056
7.9005
6.5178
5.8608
5.6521
5.7006
5.8602
6.131
6.343
6.3059
6.0938
6.0428
6.0102
5.8804
5.7966
6.0276
6.065
5.7024
5.3584
5.2849
5.3806
5.3855
4.9255
4.685
4.8979
5.0043
5.0839
4.8031
4.4877
4.4234
4.5408
4.3753
4.3692
4.3518
4.2568
4.2747
4.2143
4.1634
4.0857
3.9707
4.0485
4.0261
4.0068
4.1404
4.0654
4.0999
4.1348
4.0976
3.997
4.0383
4.0272
4.0736
4.0972
4.2456
4.0161
4.0326
4.0988
4.2331
4.1559
4.0115
3.8932
3.9463
4.0723
4.0743
3.9627
3.9676
3.9922
4.1113
3.9853
4.0177
4.0175
4.0308
4.065
4.1636
4.0279
3.9678
4.0108
3.9695
3.9969
4.0424
4.0312
4.0664
4.0654
4.0156
4.0721
3.99
4.0123
4.0302
4.0219
3.9866
4.1396
4.2056
4.0076
