16.342
11.907
7.9936
5.7601
4.3808
3.7759
3.5025
3.5434
3.8934
4.1469
4.1227
3.9947
3.9702
4.1481
4.2988
4.5363
4.9233
5.4047
5.4077
5.0715
5.1375
5.2865
5.1491
5.0398
5.2828
5.2695
5.2129
4.9136
4.9191
5.1335
5.3689
5.2225
5.0006
5.0773
5.1965
5.4588
5.4015
5.2404
5.3567
5.4038
5.4958
5.4766
5.3114
5.2711
5.2997
5.44
5.5269
5.6893
5.5772
5.88
5.7214
5.606
5.6582
5.5856
5.6444
5.794
5.9892
5.9164
5.8384
5.712
5.5768
5.462
5.7886
5.5905
5.5215
5.4303
5.6293
5.9993
5.9857
5.8052
5.6772
5.7582
6.0352
5.8521
5.7045
5.6358
5.8086
5.6819
5.7391
5.6685
5.6236
5.5168
5.7633
5.8843
5.8001
5.9022
5.8186
5.7591
5.6564
5.6695
5.7264
5.686
5.6642
5.7517
5.8201
5.7835
5.7085
5.7246
5.4661
5.4684
5.9434
