5.8864
11.136
7.7099
5.5483
4.2267
3.6786
3.4789
3.6139
4.042
4.3007
4.2441
4.0959
4.1262
4.5834
5.2016
5.6486
5.8563
6.1432
6.0508
5.6214
5.5632
5.5964
5.4106
5.3186
5.664
5.7342
5.6898
5.3579
5.3394
5.5534
5.8128
5.6571
5.4015
5.4678
5.5895
5.8557
5.7674
5.5381
5.602
5.6417
5.7285
5.705
5.5178
5.4487
5.4639
5.5933
5.6688
5.8043
5.6232
5.8554
5.6431
5.4457
5.4725
5.3826
5.4372
5.6262
5.8791
5.8076
5.6974
5.5086
5.3199
5.1523
5.5154
5.3601
5.2687
5.1075
5.3003
5.7456
5.7733
5.5335
5.304
5.3082
5.584
5.4239
5.2415
5.1029
5.2719
5.1536
5.1964
5.1
5.0316
4.9069
5.1801
5.3597
5.2842
5.3741
5.2824
5.191
5.0707
5.0698
5.1296
5.108
5.0824
5.1854
5.2838
5.2497
5.1511
5.1583
4.8638
4.8272
5.3713
