14.973
10.092
7.1423
5.2996
4.0998
3.6122
3.4742
3.7022
4.2444
4.6073
4.6392
4.5775
4.6135
4.8448
5.0425
5.4209
5.8558
6.1944
6.0057
5.543
5.4634
5.5106
5.3723
5.3389
5.6551
5.6603
5.6131
5.3294
5.3464
5.539
5.7146
5.5386
5.3205
5.393
5.4883
5.7102
5.6131
5.4232
5.5078
5.523
5.5994
5.5715
5.4013
5.352
5.3646
5.4827
5.538
5.6652
5.5195
5.7787
5.598
5.4686
5.5085
5.4316
5.4833
5.6282
5.8249
5.76
5.6881
5.5645
5.4252
5.2988
5.6138
5.4197
5.345
5.2337
5.4088
5.7698
5.7657
5.595
5.4618
5.5207
5.7883
5.6158
5.4615
5.359
5.5015
5.3657
5.4164
5.3418
5.2989
5.1857
5.4256
5.5565
5.4774
5.5785
5.5036
5.4455
5.3437
5.3531
5.407
5.37
5.3442
5.4322
5.5123
5.4832
5.4033
5.4151
5.141
5.1118
5.5859
