15.774
10.673
7.3625
5.3478
4.0713
3.5031
3.2254
3.2203
3.5054
3.7564
3.8481
4.0124
4.5389
5.2265
5.4436
5.3022
5.1736
5.5204
5.8852
6.0896
6.5643
6.8266
6.6427
6.5034
6.7105
6.5862
6.4472
6.112
6.1315
6.3535
6.5316
6.3224
6.0916
6.1876
6.3053
6.5353
6.4121
6.201
6.2954
6.3193
6.3851
6.3498
6.1784
6.1401
6.1831
6.3313
6.3967
6.5075
6.3312
6.5715
6.3576
6.2222
6.27
6.1983
6.2685
6.429
6.6243
6.5322
6.4413
6.3088
6.1733
6.069
6.4181
6.2091
6.1278
6.0498
6.2787
6.6627
6.6167
6.3882
6.243
6.3331
6.6154
6.4165
6.2607
6.1994
6.3916
6.2638
6.3177
6.2487
6.2113
6.1238
6.3977
6.5213
6.4197
6.5079
6.4033
6.3306
6.2249
6.2472
6.3226
6.2919
6.2784
6.3726
6.4358
6.3871
6.3027
6.3181
6.0627
6.0916
6.599
