4.9177
1.4488
2.0035
2.6642
3.4699
4.0993
4.4999
4.545
4.2286
3.8783
3.8918
4.2033
4.5191
4.7839
4.6661
4.3603
4.1438
3.8007
3.538
3.6268
3.6557
3.6073
3.6375
3.7442
3.5953
3.4278
3.3869
3.5545
3.7052
3.7158
3.437
3.3882
3.6167
3.6424
3.6286
3.4594
3.3887
3.4718
3.624
3.4781
3.4708
3.484
3.4994
3.5929
3.5745
3.5652
3.4775
3.3245
3.39
3.3497
3.3178
3.5138
3.4552
3.5066
3.5571
3.4876
3.321
3.3352
3.3296
3.4313
3.4971
3.7046
3.4518
3.4237
3.4771
3.6535
3.5987
3.3788
3.1829
3.2283
3.4016
3.4604
3.3347
3.2988
3.3387
3.5023
3.3689
3.3903
3.3807
3.4074
3.4576
3.5759
3.4283
3.3232
3.3468
3.3008
3.3313
3.3918
3.3973
3.4458
3.4502
3.3998
3.457
3.3662
3.3541
3.3659
3.38
3.3467
3.5447
3.6425
3.384
