10.103
8.8737
6.3406
4.6912
3.529
2.8892
2.2703
0.96448
0
0
0.02797
1.224
2.6851
3.3335
3.3365
3.154
3.0401
3.3123
3.4773
3.285
3.3895
3.6574
3.6968
3.7155
4.0925
4.2308
4.1984
3.8635
3.8211
4.0588
4.4107
4.3322
4.1176
4.2413
4.465
4.8319
4.8582
4.6867
4.7518
4.8173
4.9523
4.9712
4.8085
4.7491
4.7729
4.9339
5.0752
5.281
5.136
5.3906
5.2024
5.0045
5.0408
4.9472
4.9929
5.1879
5.4636
5.4123
5.3202
5.1414
4.9549
4.7776
5.1452
5.0048
4.9187
4.7624
4.945
5.3951
5.4636
5.2574
5.0562
5.1015
5.421
5.2754
5.0952
4.9658
5.1517
5.0651
5.132
5.0488
4.9885
4.8722
5.165
5.3724
5.3115
5.4026
5.307
5.2061
5.0782
5.077
5.1453
5.1405
5.1283
5.2366
5.335
5.2947
5.1881
5.1929
4.8987
4.8632
5.4089
