2.4598
10.695
7.8166
5.6952
4.3403
3.7396
3.4608
3.4893
3.8325
4.1069
4.12
4.0308
4.14
4.7003
5.2786
5.5026
5.5682
5.956
6.1219
5.9559
6.0538
6.1067
5.8555
5.7007
5.9346
5.9104
5.8653
5.5908
5.6406
5.8934
6.1209
5.9526
5.729
5.8152
5.946
6.207
6.1182
5.9185
6.0028
6.0156
6.0862
6.0513
5.8813
5.8463
5.8872
6.0365
6.1018
6.2122
6.0432
6.281
6.0721
5.9451
5.9931
5.9299
6.002
6.1563
6.343
6.2567
6.1671
6.0399
5.9093
5.8072
6.141
5.9424
5.8708
5.7879
5.9934
6.3518
6.307
6.1041
5.9743
6.0601
6.3356
6.1463
6.001
5.9436
6.1267
6.004
6.0617
5.9928
5.953
5.8602
6.121
6.2388
6.1413
6.2281
6.13
6.0661
5.9654
5.9898
6.0616
6.0305
6.018
6.1061
6.1645
6.1175
6.0374
6.0532
5.8068
5.832
6.3135
