6.8566
10.18
7.3416
5.3955
4.1165
3.5308
3.226
3.1876
3.4471
3.6639
3.6077
3.362
3.1438
3.0919
2.9995
2.7199
2.2956
1.8772
1.2806
1.1051
1.812
2.8323
3.3632
3.6547
4.3349
4.9194
5.2682
5.1513
5.2674
5.5965
5.9012
5.722
5.4516
5.5358
5.6815
5.9527
5.8403
5.5982
5.6684
5.7196
5.7973
5.7587
5.5723
5.5251
5.5779
5.7478
5.8426
5.967
5.763
5.9897
5.7732
5.6038
5.6604
5.5817
5.6489
5.8332
6.0579
5.9565
5.8531
5.6985
5.5516
5.4312
5.821
5.6299
5.5266
5.4182
5.675
6.129
6.1166
5.8555
5.6675
5.7483
6.0515
5.8489
5.6603
5.569
5.7818
5.6725
5.7213
5.6388
5.5945
5.5082
5.8154
5.9779
5.87
5.9406
5.8233
5.7253
5.6105
5.629
5.7131
5.6998
5.6837
5.7889
5.8668
5.8088
5.7043
5.7155
5.4411
5.4619
6.0319
