7.9457
1.2909
1.8418
2.4807
3.2671
3.9137
4.4151
4.6541
4.5272
4.1962
4.1472
4.4592
4.7913
5.1259
5.6234
7.1243
8.7697
9.4871
8.8489
7.9823
7.5256
7.2454
7.1809
7.4564
7.6472
7.3767
7.2238
7.2801
7.552
7.7525
7.4881
7.2699
7.4682
7.638
7.7279
7.5964
7.3736
7.3406
7.5893
7.3964
7.3489
7.3721
7.3312
7.4627
7.5277
7.5989
7.4935
7.2608
7.2545
7.2879
7.1413
7.3514
7.3162
7.3613
7.4794
7.4537
7.3083
7.2501
7.202
7.2563
7.3365
7.5821
7.4349
7.2616
7.3276
7.6099
7.6783
7.5371
7.1343
7.0497
7.2787
7.4374
7.3472
7.1532
7.1621
7.4082
7.3885
7.3106
7.3046
7.3364
7.4202
7.5768
7.5238
7.3551
7.2827
7.267
7.2266
7.2889
7.295
7.3923
7.4508
7.3575
7.4286
7.3425
7.326
7.2915
7.2848
7.2895
7.423
7.6701
7.582
