3.9702
1.524
2.0402
2.6886
3.4948
4.1414
4.5807
4.6718
4.3592
3.9498
3.8903
4.1053
4.2038
4.1273
4.0044
4.0331
4.3553
4.565
4.6286
5.1688
6.4505
7.0316
6.7473
6.454
6.1982
5.9306
5.9228
6.0983
6.3472
6.4346
6.0941
5.9397
6.186
6.3265
6.3693
6.2043
6.0341
6.071
6.3261
6.1438
6.1168
6.1344
6.1247
6.267
6.3218
6.3817
6.266
6.0296
6.0455
6.0512
5.9346
6.1586
6.0991
6.1561
6.2726
6.2239
6.0439
6.0125
5.9797
6.0622
6.1342
6.3801
6.1882
6.0582
6.1302
6.4117
6.4571
6.2659
5.889
5.8596
6.0892
6.1998
6.0667
5.9211
5.9602
6.1951
6.1269
6.0775
6.074
6.1157
6.2035
6.3663
6.282
6.1007
6.0358
6.0005
5.9832
6.056
6.0621
6.1536
6.2042
6.1212
6.1936
6.0959
6.0608
6.034
6.0377
6.0315
6.2125
6.4455
6.2793
