3.3079
1.4825
2.012
2.6681
3.4824
4.1547
4.66
4.8665
4.6437
4.1649
3.9772
4.1334
4.2507
4.267
4.2585
4.3755
4.8213
5.3739
4.8978
4.2438
3.8516
3.6733
3.7302
3.9223
3.8778
3.7583
3.7114
3.8606
4.0361
4.1256
3.8971
3.8556
4.1482
4.2191
4.2135
4.0641
4.0011
4.0719
4.2335
4.089
4.0784
4.1018
4.1328
4.2586
4.2848
4.311
4.2282
4.0615
4.1334
4.1024
4.0681
4.2821
4.2139
4.2673
4.3309
4.2666
4.0991
4.1132
4.1054
4.2017
4.2623
4.4768
4.2252
4.1862
4.2618
4.4884
4.4501
4.2283
3.9973
4.0341
4.2328
4.2951
4.1438
4.0819
4.1305
4.3237
4.2065
4.2058
4.1926
4.2289
4.298
4.4465
4.3016
4.1635
4.1649
4.1212
4.1385
4.2095
4.2223
4.2876
4.3078
4.2486
4.3139
4.2163
4.1854
4.1846
4.2024
4.1807
4.3959
4.5269
4.2638
