6.0111
9.9929
7.2882
5.3918
4.1336
3.5681
3.297
3.3144
3.6316
3.8664
3.8359
3.6842
3.6366
3.8226
3.9326
3.8277
3.6379
3.7876
3.9925
3.9969
4.3575
4.7759
4.8043
4.7438
5.0077
5.0212
4.9608
4.6327
4.6091
4.8417
5.1657
5.0753
4.8438
4.8961
5.0036
5.2724
5.2121
5.0072
5.0671
5.0995
5.1871
5.1618
4.9756
4.9063
4.9138
5.0419
5.1297
5.2859
5.1297
5.3848
5.2057
5.044
5.0907
5.0048
5.049
5.2142
5.4438
5.3786
5.2987
5.1518
4.9956
4.8446
5.1925
5.0196
4.9245
4.7706
4.9458
5.3691
5.4151
5.2283
5.0645
5.1283
5.4354
5.2873
5.135
5.0376
5.2156
5.1045
5.1584
5.0724
5.0104
4.8859
5.1448
5.3103
5.2384
5.3343
5.2534
5.1812
5.074
5.0808
5.1382
5.1094
5.081
5.1742
5.2635
5.2317
5.1435
5.156
4.8734
4.841
5.3564
