14.4
12.247
8.2254
5.9135
4.5403
4.0146
3.9133
4.2501
5.0611
5.815
5.97
5.7656
5.5033
5.3708
5.1911
5.156
5.3096
5.6439
5.5875
5.2193
5.1746
5.2051
5.0212
4.9232
5.1892
5.1785
5.0985
4.7669
4.731
4.899
5.1036
4.9393
4.6893
4.7271
4.8089
5.0306
4.9341
4.7157
4.7588
4.7673
4.8503
4.8264
4.6429
4.5716
4.5636
4.6717
4.7467
4.9054
4.7699
5.0358
4.8696
4.7116
4.7466
4.6538
4.686
4.8395
5.0646
5.0163
4.9473
4.8086
4.6497
4.4855
4.8012
4.6385
4.5619
4.4063
4.5483
4.9362
4.992
4.8455
4.6975
4.7369
5.0145
4.8661
4.704
4.5656
4.6776
4.5294
4.5513
4.4275
4.3168
4.1233
4.3038
4.4524
4.3981
4.5029
4.4511
4.39
4.2787
4.2615
4.2832
4.2386
4.1936
4.2764
4.388
4.3903
4.3181
4.3342
4.0431
3.9467
4.4097
