8.1283
1.2969
1.8867
2.5524
3.3498
3.9659
4.3552
4.3837
4.0429
3.6496
3.5806
3.6721
3.5362
3.2848
3.16
3.1465
3.2902
3.2511
3.1858
3.3115
3.3012
3.2333
3.277
3.3951
3.2741
3.1639
3.1497
3.3157
3.449
3.4565
3.2006
3.1778
3.4075
3.4241
3.4202
3.2686
3.2155
3.2954
3.4327
3.28
3.2825
3.2986
3.3219
3.4238
3.4145
3.4274
3.3523
3.1997
3.2686
3.2197
3.1781
3.3661
3.2909
3.3411
3.3968
3.3344
3.1825
3.2139
3.2033
3.2943
3.3411
3.5377
3.2778
3.2773
3.3455
3.5269
3.4821
3.2789
3.092
3.1435
3.3057
3.3425
3.203
3.1707
3.213
3.3763
3.242
3.2704
3.2608
3.2899
3.3436
3.47
3.3277
3.2218
3.2407
3.1864
3.211
3.2675
3.2706
3.3205
3.3298
3.2841
3.3468
3.2558
3.2391
3.2481
3.2599
3.2227
3.4294
3.5391
3.2798
