7.6881
1.3954
1.9395
2.5874
3.3821
4.0116
4.4353
4.5122
4.1882
3.7553
3.6576
3.8123
3.8638
3.8303
3.8459
3.967
4.2987
4.5624
4.408
4.0689
3.7794
3.6402
3.7086
3.8855
3.8124
3.6865
3.6601
3.8345
4.0095
4.061
3.8005
3.7565
4.023
4.0931
4.0897
3.9194
3.8405
3.9223
4.0915
3.9424
3.9346
3.965
4.0158
4.1609
4.206
4.2459
4.1621
3.9852
4.0548
4.0181
3.9781
4.2131
4.159
4.2359
4.3269
4.2709
4.0813
4.074
4.0549
4.1601
4.2415
4.5022
4.2726
4.2302
4.3178
4.6023
4.5959
4.3564
4.0623
4.0582
4.2597
4.338
4.1737
4.0811
4.1251
4.3407
4.2371
4.235
4.2207
4.2671
4.3577
4.5499
4.4213
4.265
4.2416
4.177
4.167
4.2297
4.2435
4.3218
4.3622
4.3156
4.4001
4.3046
4.2486
4.224
4.2345
4.2064
4.4445
4.5928
4.3204
