11.936
1.3091
1.8684
2.5279
3.3218
3.933
4.3158
4.3367
3.992
3.6017
3.5447
3.7022
3.7163
3.5449
3.3012
3.1212
3.1604
3.1053
3.0798
3.2707
3.3421
3.3061
3.3479
3.4736
3.3648
3.2557
3.2493
3.4382
3.6107
3.65
3.3758
3.3332
3.5787
3.6256
3.6404
3.4846
3.4139
3.4994
3.6601
3.502
3.496
3.5041
3.5337
3.6542
3.6672
3.7009
3.623
3.4499
3.511
3.4518
3.3899
3.5994
3.5279
3.5879
3.6555
3.5838
3.4041
3.4185
3.4012
3.5093
3.5799
3.8141
3.5518
3.5297
3.6033
3.8322
3.8327
3.6187
3.3743
3.4079
3.5935
3.6571
3.5039
3.4334
3.4698
3.6545
3.5272
3.5508
3.546
3.5903
3.6665
3.8284
3.707
3.5751
3.5726
3.5072
3.5103
3.5657
3.5669
3.6268
3.649
3.6044
3.683
3.5929
3.5547
3.549
3.5622
3.5249
3.7572
3.9232
3.6614
