4.0961
10.224
7.6222
5.6301
4.2968
3.6758
3.3525
3.3338
3.6902
4.0624
4.135
4.0218
3.9902
4.1881
4.3055
4.2706
4.2322
4.5717
4.8044
4.6099
4.571
4.5277
4.2727
4.0946
4.3513
4.4662
4.5006
4.2513
4.3329
4.721
5.1852
5.159
4.9155
4.9133
4.9523
5.1547
5.0579
4.8383
4.8754
4.8739
4.93
4.8728
4.6503
4.5322
4.4773
4.5432
4.593
4.7486
4.6137
4.8922
4.7525
4.5968
4.6348
4.528
4.5372
4.6813
4.924
4.8991
4.8542
4.7236
4.5567
4.3614
4.6566
4.4826
4.3844
4.1921
4.3015
4.6967
4.7993
4.6848
4.556
4.6194
4.9273
4.808
4.6729
4.565
4.7202
4.6091
4.6614
4.5673
4.4852
4.3203
4.529
4.6915
4.6467
4.768
4.7273
4.6781
4.5798
4.5773
4.6132
4.5711
4.5253
4.6062
4.708
4.7014
4.6274
4.6441
4.3494
4.2586
4.7218
