6.7024
10.797
7.6447
5.5807
4.2699
3.7038
3.4685
3.5583
3.9546
4.2149
4.1733
4.0298
4.0142
4.2342
4.3442
4.2419
4.0955
4.3449
4.622
4.6936
5.1143
5.5005
5.4591
5.3744
5.6187
5.579
5.4872
5.1526
5.1451
5.3843
5.6664
5.5379
5.3047
5.3645
5.4696
5.7202
5.6336
5.4212
5.4857
5.5036
5.5776
5.5418
5.3525
5.2895
5.3062
5.4398
5.5185
5.657
5.492
5.7359
5.5405
5.3835
5.4251
5.3418
5.3924
5.5536
5.7688
5.6942
5.6081
5.4638
5.3136
5.1774
5.5237
5.3445
5.2568
5.1248
5.3124
5.7217
5.7409
5.5468
5.3904
5.4572
5.752
5.5902
5.4382
5.3504
5.5278
5.4122
5.4678
5.387
5.3323
5.2182
5.4792
5.6322
5.5536
5.6461
5.5584
5.4876
5.3806
5.3911
5.452
5.422
5.3995
5.4921
5.5739
5.5379
5.4507
5.4634
5.1898
5.1758
5.6849
