7.415
1.4525
2.0234
2.6946
3.5185
4.1957
4.6975
4.8988
4.6923
4.2719
4.1521
4.3786
4.6328
4.9043
4.7907
4.4362
4.2302
3.9502
3.7832
3.9923
4.1883
4.2827
4.4126
4.6803
4.6003
4.3753
4.3104
4.4971
4.7172
4.7778
4.4567
4.3642
4.6243
4.7064
4.709
4.5218
4.4148
4.5034
4.7084
4.542
4.515
4.5339
4.5646
4.6936
4.713
4.7222
4.6066
4.4072
4.4668
4.4346
4.3837
4.6304
4.584
4.646
4.7095
4.6177
4.4074
4.3969
4.3932
4.5215
4.6278
4.8794
4.6056
4.5152
4.5783
4.8158
4.7886
4.5238
4.2277
4.2485
4.5132
4.6333
4.4874
4.3948
4.4443
4.6551
4.5311
4.515
4.5056
4.5488
4.6234
4.7721
4.625
4.4603
4.4546
4.4135
4.4279
4.51
4.5258
4.5953
4.6138
4.5451
4.6142
4.5143
4.4764
4.4726
4.4965
4.4768
4.697
4.8626
4.5871
