7.6041
1.5458
2.0582
2.7091
3.5203
4.1816
4.6579
4.8314
4.647
4.3518
4.4536
4.6284
4.3713
3.9828
3.8282
3.8753
4.0533
3.9732
3.8327
3.953
3.9971
3.9546
3.9874
4.122
3.9928
3.8163
3.7905
3.9859
4.1763
4.2096
3.9021
3.842
4.1112
4.1832
4.1924
4.0152
3.9183
4.0059
4.1865
4.0252
4.0036
4.0129
4.0468
4.1801
4.2101
4.2394
4.1396
3.9395
3.9858
3.9228
3.8519
4.063
3.9892
4.0521
4.1307
4.0633
3.8686
3.8645
3.8428
3.941
4.0101
4.2502
3.9986
3.9645
4.055
4.3113
4.3259
4.0921
3.8071
3.8221
4.0137
4.0735
3.9061
3.8306
3.8813
4.0886
3.9715
3.9738
3.9645
4.0097
4.093
4.2667
4.1577
4.0128
3.9999
3.9428
3.9438
4.0119
4.0303
4.1113
4.1534
4.1181
4.2204
4.168
4.1552
4.171
4.2472
4.3177
4.5342
4.6442
4.3721
