4.5056
1.506
1.9781
2.6141
3.4111
4.0598
4.5274
4.6655
4.3531
3.8162
3.6576
3.8598
4.0381
4.1354
4.2067
4.3773
4.7506
4.5113
3.7313
3.4051
3.2381
3.1672
3.2374
3.3662
3.2393
3.0943
3.032
3.1567
3.2586
3.2502
3.0103
2.9865
3.1912
3.1921
3.1796
3.0335
2.9902
3.0621
3.1882
3.0575
3.0682
3.0903
3.1063
3.1926
3.1687
3.1691
3.1054
2.9771
3.0512
3.0159
2.9921
3.1558
3.0839
3.1219
3.163
3.1097
2.9814
3.0216
3.0168
3.0942
3.1277
3.2963
3.0468
3.0576
3.1236
3.279
3.2283
3.0519
2.9027
2.9595
3.1018
3.1257
3.0005
2.9876
3.0276
3.1746
3.0435
3.0736
3.0621
3.0846
3.1305
3.2426
3.0989
3.0088
3.0368
2.9914
3.0273
3.081
3.0836
3.1261
3.1262
3.079
3.1309
3.0443
3.0422
3.0576
3.0688
3.0332
3.2211
3.3027
3.0556
