1.5689
8.5231
6.6716
5.0218
3.8635
3.3372
3.079
3.0984
3.4517
3.8253
4.0544
4.323
4.7111
5.1185
5.2452
5.3611
5.5976
5.9583
5.8833
5.5227
5.5505
5.6834
5.5883
5.579
5.9136
5.9046
5.8296
5.5276
5.5554
5.7814
5.9767
5.7845
5.5548
5.6449
5.7671
6.0057
5.8958
5.689
5.7784
5.8057
5.8816
5.8481
5.6721
5.6312
5.6709
5.8203
5.8946
6.0152
5.8416
6.0782
5.8637
5.7128
5.7553
5.682
5.7481
5.9103
6.107
6.014
5.9143
5.7729
5.636
5.5281
5.8797
5.6904
5.6155
5.5252
5.7489
6.1487
6.1235
5.8996
5.731
5.7828
6.0459
5.8411
5.6547
5.5409
5.6896
5.5482
5.5901
5.5087
5.4664
5.3735
5.6553
5.816
5.7405
5.8349
5.7399
5.6643
5.5539
5.5689
5.6425
5.6289
5.6328
5.7552
5.8608
5.8421
5.7752
5.8228
5.6189
5.6886
6.2358
