7.4495
1.5141
2.068
2.7391
3.5596
4.2137
4.6468
4.7175
4.3781
3.9112
3.7539
3.7884
3.6701
3.5118
3.4951
3.514
3.4454
3.1733
3.0595
3.2319
3.2959
3.2537
3.269
3.3381
3.1798
3.0677
3.0553
3.2118
3.3229
3.3132
3.0703
3.0567
3.277
3.2835
3.2744
3.1289
3.0861
3.1624
3.2878
3.1413
3.1453
3.1643
3.1822
3.2723
3.2504
3.2526
3.1843
3.049
3.1236
3.0854
3.0542
3.2311
3.1613
3.2022
3.2463
3.1889
3.0533
3.0914
3.0859
3.1716
3.2121
3.3873
3.1298
3.1384
3.2078
3.3717
3.3178
3.1281
2.9647
3.0206
3.1741
3.2124
3.0877
3.0664
3.1128
3.2819
3.1642
3.2022
3.1992
3.2319
3.2828
3.4014
3.2569
3.1523
3.1717
3.1207
3.1488
3.2054
3.2103
3.2601
3.2673
3.2197
3.2758
3.1825
3.1635
3.1664
3.174
3.1357
3.3226
3.3971
3.1336
