1.826
9.4774
7.3954
5.5174
4.2262
3.6195
3.2896
3.2229
3.4569
3.662
3.5764
3.2728
2.9457
2.6889
2.1989
0.88943
0
0
0
0.28833
0.81935
1.164
1.2194
0.9697
0.87447
1.1702
1.5872
1.6337
1.6828
1.8875
2.4578
2.7464
2.7014
2.8339
3.0695
3.5172
3.647
3.5283
3.587
3.6637
3.783
3.778
3.6134
3.5333
3.528
3.6546
3.7738
3.9717
3.8335
4.0817
3.9301
3.7503
3.7959
3.7097
3.7391
3.9139
4.1724
4.1278
4.0496
3.8899
3.7104
3.5336
3.8804
3.7528
3.6558
3.4742
3.6354
4.0791
4.1812
3.9958
3.7928
3.8273
4.1426
4.0261
3.8626
3.7327
3.9052
3.8282
3.8851
3.795
3.7207
3.5838
3.8354
4.03
3.9767
4.0663
3.9911
3.9036
3.7902
3.7879
3.843
3.8318
3.8005
3.899
3.995
3.9705
3.8803
3.8852
3.6035
3.5286
4.0359
