4.0578
1.4557
1.9514
2.5944
3.391
4.0287
4.4726
4.591
4.3243
3.9399
3.8781
4.0878
4.1851
4.1099
3.9931
4.01
4.278
4.3604
4.1666
4.0559
3.6984
3.3007
3.1568
3.1903
3.0813
3.0241
3.0388
3.2129
3.3434
3.3449
3.0849
3.0419
3.2479
3.2652
3.2735
3.1366
3.0877
3.1586
3.2858
3.1486
3.1528
3.1706
3.1895
3.2835
3.2674
3.2732
3.205
3.0665
3.1356
3.0953
3.0645
3.2363
3.1629
3.2026
3.2475
3.1919
3.0557
3.0912
3.0849
3.1661
3.2035
3.3792
3.1285
3.1338
3.2055
3.3764
3.3369
3.1491
2.9798
3.0339
3.1845
3.2129
3.0786
3.0544
3.0954
3.2489
3.1179
3.1448
3.1345
3.1598
3.2095
3.3278
3.1868
3.0874
3.1101
3.0636
3.0954
3.1506
3.1536
3.1987
3.2016
3.1547
3.2101
3.1228
3.114
3.1255
3.1388
3.1037
3.2981
3.3924
3.1402
