10.926
1.4839
2.0045
2.6582
3.4662
4.1247
4.5966
4.7221
4.3378
3.6153
3.3285
3.4375
3.5493
3.6163
3.6942
3.8132
4.035
3.712
3.1737
3.0559
3.0249
3.0384
3.154
3.3043
3.1965
3.0707
3.0216
3.1561
3.267
3.268
3.0262
2.9983
3.2025
3.1998
3.1802
3.0236
2.9745
3.0442
3.1708
3.0395
3.0526
3.0735
3.0889
3.1748
3.1496
3.15
3.0841
2.952
3.0248
2.9878
2.9631
3.1273
3.0544
3.0935
3.1354
3.0808
2.9517
2.9929
2.9866
3.0651
3.0987
3.2686
3.0175
3.0295
3.0914
3.2436
3.1909
3.0191
2.8752
2.9342
3.076
3.0998
2.976
2.9641
3.0024
3.1487
3.0172
3.0499
3.0373
3.0592
3.1044
3.2163
3.0708
2.9818
3.0101
2.9634
3.0002
3.0533
3.0553
3.0975
3.0981
3.0506
3.1012
3.0129
3.0119
3.0285
3.0388
3.0025
3.1907
3.2698
3.0229
