9.565
1.4488
2.0016
2.6612
3.4746
4.1446
4.6513
4.8842
4.753
4.4205
4.3751
4.7406
5.2601
6.3186
8.1846
9.2151
9.1837
8.4017
7.5631
7.2235
7.2223
7.1309
7.0322
7.127
7.1007
6.8178
6.7387
6.8535
7.0839
7.1754
6.8762
6.7276
6.943
7.0654
7.0982
6.9593
6.8173
6.8478
7.0982
6.9108
6.8799
6.919
6.8928
7.0093
7.0489
7.0986
7.0004
6.7998
6.83
6.8506
6.7179
6.945
6.9022
6.9402
7.0344
6.9967
6.854
6.8143
6.7743
6.8481
6.9357
7.1557
6.9592
6.8211
6.8981
7.161
7.1823
7.0268
6.6725
6.6022
6.8276
6.9848
6.8733
6.6668
6.6547
6.8568
6.7774
6.7022
6.6883
6.7138
6.7729
6.8899
6.7882
6.6407
6.6089
6.5978
6.5856
6.649
6.6387
6.7133
6.7521
6.6629
6.7327
6.6434
6.6405
6.6271
6.6204
6.6128
6.7515
6.9458
6.8113
