3.6545
1.4704
2.057
2.7338
3.5596
4.2262
4.6859
4.7929
4.4709
4.0299
3.9582
4.1909
4.3219
4.278
4.1798
4.2437
4.6155
4.8806
4.9129
5.4197
6.5118
6.6982
6.3598
6.1912
6.0753
5.9072
5.9428
6.1433
6.4219
6.5481
6.2246
6.0518
6.286
6.4408
6.5121
6.3652
6.1783
6.1935
6.4424
6.2631
6.2319
6.2425
6.2306
6.3826
6.4599
6.546
6.4425
6.1919
6.1783
6.1638
6.0279
6.2471
6.1915
6.2559
6.3872
6.3518
6.1694
6.1189
6.072
6.1483
6.2241
6.4849
6.3169
6.1877
6.263
6.566
6.6561
6.4845
6.0645
5.9865
6.1975
6.3125
6.1826
6.0243
6.0568
6.2967
6.2406
6.191
6.187
6.2311
6.3277
6.5093
6.4531
6.2735
6.1896
6.1393
6.1046
6.1693
6.1742
6.2718
6.3334
6.2583
6.3389
6.2491
6.2086
6.1681
6.1651
6.1584
6.3456
6.61
6.4775
