10.523
11.626
8.2035
5.9712
4.5596
3.9441
3.6844
3.7665
4.1651
4.4215
4.3252
4.0725
3.9097
3.9844
4.0294
3.9738
4.0175
4.7418
5.7049
6.0337
6.1911
6.1263
5.7771
5.5864
5.8639
5.8935
5.8385
5.499
5.4642
5.6522
5.8651
5.6727
5.3861
5.4081
5.4828
5.7076
5.607
5.3805
5.4284
5.434
5.4994
5.4551
5.2533
5.1733
5.1724
5.2921
5.3645
5.5044
5.3462
5.5973
5.4138
5.2632
5.3055
5.2198
5.2655
5.425
5.6443
5.5797
5.5026
5.3635
5.2108
5.0648
5.3987
5.2208
5.1379
5.0051
5.1832
5.5793
5.6002
5.4203
5.2741
5.3415
5.6316
5.4721
5.3246
5.237
5.4107
5.2972
5.3551
5.2742
5.2158
5.0947
5.3458
5.4942
5.4177
5.5129
5.4303
5.3626
5.2565
5.266
5.3245
5.2943
5.2707
5.3611
5.4424
5.4089
5.3233
5.3352
5.0603
5.0368
5.5321
