5.2579
1.4302
1.9002
2.5111
3.2869
3.929
4.4247
4.6423
4.4575
4.0523
3.9312
4.1129
4.2122
4.1555
4.0577
4.0735
4.2928
4.0187
3.4676
3.3319
3.2941
3.2998
3.4094
3.5745
3.4739
3.3423
3.3065
3.4685
3.6194
3.6518
3.401
3.3648
3.6035
3.6339
3.6311
3.4664
3.3926
3.4644
3.6028
3.4553
3.4566
3.4789
3.5008
3.5983
3.5867
3.5908
3.5135
3.3665
3.4395
3.397
3.354
3.5434
3.4764
3.5223
3.5717
3.5108
3.3601
3.3817
3.3671
3.4546
3.5111
3.7136
3.4551
3.4492
3.5243
3.7091
3.664
3.4607
3.2681
3.313
3.4799
3.529
3.3941
3.3519
3.3939
3.5712
3.4455
3.4632
3.4513
3.48
3.5353
3.6606
3.5154
3.4042
3.4245
3.3778
3.4018
3.4637
3.4749
3.5252
3.5287
3.4758
3.5354
3.4453
3.4283
3.4388
3.4557
3.4227
3.6249
3.7317
3.4697
