11.95
11.515
7.8931
5.6868
4.3476
3.807
3.6411
3.84
4.3413
4.6501
4.6411
4.5869
4.7827
5.4925
6.3026
6.7607
6.858
6.9662
6.6709
6.1091
5.9655
5.9632
5.7683
5.697
6.0012
5.9765
5.8718
5.5234
5.5078
5.719
5.933
5.7536
5.5135
5.5874
5.7015
5.9349
5.8176
5.592
5.6648
5.6912
5.7724
5.7401
5.5614
5.5131
5.5399
5.672
5.7282
5.8361
5.6517
5.8736
5.6472
5.4759
5.5155
5.4563
5.5412
5.7259
5.9389
5.8431
5.718
5.5426
5.3831
5.2745
5.6563
5.5061
5.4401
5.3295
5.53
5.9181
5.888
5.6459
5.4437
5.4763
5.7611
5.6032
5.457
5.3739
5.5433
5.4181
5.469
5.388
5.3348
5.2234
5.4804
5.6206
5.5341
5.6227
5.5321
5.4627
5.357
5.3692
5.4303
5.4001
5.3808
5.4737
5.5508
5.5115
5.4256
5.438
5.1709
5.1668
5.6699
