16.263
11.639
7.6985
5.4798
4.1212
3.4995
3.1631
3.0972
3.3974
3.8057
3.9484
3.8434
3.7913
3.9762
4.121
4.1253
4.1948
4.9846
6.1503
6.5869
6.7559
6.6679
6.2959
6.1339
6.4525
6.4884
6.4516
6.1829
6.3491
6.8327
7.232
7.1259
6.9257
7.0295
7.1458
7.3559
7.2165
7.0056
7.0891
7.0588
7.0707
6.9612
6.7245
6.6385
6.6432
6.7615
6.7849
6.8491
6.6511
6.8666
6.6391
6.5271
6.572
6.5087
6.5864
6.7339
6.9
6.799
6.7056
6.5907
6.4715
6.3908
6.7235
6.5118
6.4391
6.3809
6.6057
6.9492
6.8671
6.6522
6.5403
6.6398
6.9001
6.6891
6.5467
6.5085
6.6956
6.5665
6.6212
6.5582
6.529
6.4527
6.7179
6.8173
6.705
6.7845
6.6794
6.6215
6.5263
6.5589
6.639
6.6076
6.6003
6.6861
6.7319
6.6778
6.5989
6.6155
6.385
6.4376
6.9132
