17.05
12.837
8.5401
6.1024
4.6211
3.965
3.6656
3.709
4.0967
4.3919
4.3671
4.209
4.1707
4.3868
4.5352
4.5623
4.6808
5.2633
5.5745
5.3609
5.2885
5.206
4.9293
4.7967
5.0895
5.1541
5.1449
4.8688
4.8953
5.147
5.4131
5.2879
5.066
5.1114
5.1878
5.4049
5.3142
5.1214
5.1904
5.1916
5.2565
5.2116
5.0175
4.9445
4.9359
5.0401
5.0962
5.2313
5.0872
5.3492
5.1753
5.0354
5.0737
4.9859
5.0263
5.1741
5.381
5.3209
5.2491
5.1181
4.968
4.8225
5.14
4.9639
4.8922
4.7646
4.9314
5.3071
5.3265
5.1668
5.0369
5.1023
5.3814
5.2249
5.0884
5.006
5.1688
5.053
5.1129
5.0362
4.9799
4.8545
5.0889
5.2266
5.1563
5.2599
5.1905
5.1356
5.0363
5.0465
5.0966
5.0584
5.0307
5.1153
5.1943
5.1669
5.0919
5.1077
4.8409
4.814
5.2832
