12.45
11.457
7.7685
5.6548
4.316
3.7154
3.4234
3.4197
3.7039
3.9059
3.8565
3.6881
3.6308
3.8401
4.0184
4.0091
4.0296
4.6835
5.4777
5.594
5.6083
5.4612
5.056
4.7512
4.9338
4.9614
4.91
4.5492
4.4631
4.6269
4.9058
4.7797
4.4975
4.5026
4.5852
4.8575
4.823
4.6196
4.6619
4.6988
4.7978
4.7788
4.5838
4.4886
4.4619
4.5641
4.6553
4.8416
4.7078
4.9833
4.8341
4.6568
4.6955
4.5887
4.6021
4.7616
5.025
4.9976
4.9403
4.7914
4.6129
4.4107
4.7273
4.5661
4.461
4.2602
4.3853
4.827
4.9586
4.824
4.6633
4.7176
5.0381
4.914
4.7546
4.6261
4.7898
4.6889
4.7414
4.6427
4.5589
4.3989
4.632
4.8247
4.7848
4.8998
4.8443
4.7728
4.6599
4.6514
4.6928
4.6614
4.6204
4.7113
4.823
4.8116
4.7243
4.7347
4.4281
4.3364
4.8358
