11.869
11.934
8.2712
5.947
4.5471
3.9909
3.8412
4.0865
4.6491
5.0351
5.1988
5.5254
6.0224
6.3722
6.208
5.8504
5.5977
5.7589
5.7864
5.5883
5.6971
5.7926
5.6024
5.4848
5.7062
5.6408
5.5478
5.2279
5.212
5.3812
5.553
5.3783
5.1526
5.215
5.3066
5.5336
5.446
5.257
5.3366
5.3534
5.4339
5.4082
5.2356
5.1813
5.1896
5.3081
5.3719
5.5097
5.3675
5.6267
5.4466
5.3121
5.3494
5.265
5.31
5.457
5.6621
5.603
5.5335
5.4072
5.2606
5.1213
5.4346
5.2488
5.1761
5.0574
5.2301
5.6046
5.619
5.4566
5.328
5.3959
5.6735
5.5119
5.376
5.2981
5.4605
5.3394
5.3981
5.3225
5.268
5.1475
5.3858
5.5207
5.4496
5.5522
5.4757
5.4184
5.3167
5.3276
5.381
5.3436
5.3201
5.406
5.4818
5.4533
5.3784
5.3921
5.1276
5.1086
5.5777
