4.5123
1.4943
2.0624
2.741
3.5587
4.1815
4.5263
4.4155
3.7596
3.167
3.1028
3.3148
3.4616
3.508
3.5391
3.593
3.7732
3.7665
3.7074
3.6264
3.3247
3.1103
3.1158
3.2223
3.1464
3.1017
3.1183
3.2842
3.4069
3.4116
3.1859
3.1773
3.397
3.4051
3.3925
3.2354
3.1737
3.2349
3.3591
3.2227
3.2281
3.239
3.2279
3.2932
3.2594
3.2498
3.1905
3.0714
3.1421
3.102
3.0782
3.2242
3.1526
3.1912
3.2308
3.1868
3.0707
3.1096
3.0979
3.1608
3.1885
3.3502
3.1151
3.1384
3.2006
3.3388
3.2783
3.1194
2.9891
3.0387
3.16
3.1703
3.056
3.0563
3.086
3.2144
3.086
3.1271
3.1211
3.1385
3.1776
3.2849
3.1494
3.0796
3.1136
3.0622
3.0915
3.1352
3.1311
3.1702
3.1725
3.1319
3.1864
3.1039
3.1107
3.1248
3.1249
3.0858
3.2619
3.3344
3.1128
