8.0539
10.183
7.2101
5.2909
4.091
3.6474
3.6244
4.1544
5.1838
5.686
5.4809
5.1322
4.905
4.8996
4.8071
4.632
4.5291
4.8644
5.3119
5.7158
6.3325
6.6225
6.4168
6.2463
6.4306
6.3175
6.193
5.855
5.8541
6.0602
6.2421
6.0356
5.7963
5.8915
6.0343
6.3145
6.2289
6.0226
6.1041
6.1257
6.2111
6.2148
6.0838
6.0691
6.1292
6.289
6.3535
6.4671
6.3084
6.5568
6.3545
6.2367
6.2705
6.1894
6.2522
6.402
6.5934
6.5175
6.4419
6.3204
6.1799
6.0659
6.3878
6.1795
6.1148
6.0518
6.2758
6.6401
6.6018
6.4157
6.3087
6.3954
6.6462
6.441
6.3045
6.2537
6.4236
6.2811
6.3338
6.2704
6.2339
6.1405
6.3937
6.504
6.4161
6.5205
6.4297
6.3715
6.2682
6.2845
6.3473
6.306
6.2906
6.3796
6.4389
6.4017
6.3323
6.3479
6.0992
6.1186
6.5844
