4.8617
10.637
7.4742
5.4659
4.2395
3.8115
3.8368
4.4277
5.4596
5.9099
5.6858
5.3365
5.1133
5.1466
5.1328
5.0447
4.9947
5.2681
5.3991
5.3463
5.5594
5.6809
5.4891
5.379
5.63
5.6066
5.5411
5.2287
5.213
5.3927
5.5832
5.4123
5.1881
5.2758
5.4265
5.7423
5.7115
5.54
5.6328
5.6676
5.7902
5.8415
5.7521
5.777
5.8826
6.0861
6.1844
6.3241
6.1898
6.4474
6.2484
6.1322
6.1611
6.0828
6.1495
6.3036
6.4977
6.4284
6.3481
6.2225
6.0788
5.9665
6.2881
6.1046
6.0646
6.0236
6.2664
6.6375
6.6079
6.4427
6.3494
6.4338
6.6783
6.4812
6.3565
6.312
6.4718
6.3296
6.3862
6.3263
6.2908
6.1953
6.4362
6.5386
6.4552
6.5617
6.4761
6.4265
6.3262
6.3428
6.4013
6.3565
6.3431
6.4277
6.4837
6.4498
6.385
6.4006
6.159
6.1782
6.623
