6.1594
11.786
8.1177
5.8188
4.4369
3.8793
3.7122
3.9329
4.4806
4.8462
4.9395
5.0546
5.3287
5.6829
5.6876
5.4282
5.158
5.2501
5.2255
4.9779
5.1228
5.4091
5.4301
5.3984
5.6226
5.5405
5.4395
5.1211
5.1185
5.3146
5.5118
5.3213
5.0578
5.1005
5.1979
5.4414
5.3511
5.1329
5.1815
5.1815
5.2442
5.2032
5.0114
4.9415
4.9441
5.0634
5.137
5.2816
5.1294
5.3844
5.2056
5.0486
5.0812
4.9859
5.0208
5.1743
5.397
5.3431
5.2742
5.1376
4.9811
4.8214
5.1399
4.9627
4.881
4.7346
4.8881
5.2782
5.3244
5.1664
5.0234
5.0795
5.3655
5.2164
5.0748
4.9819
5.1465
5.0322
5.0909
5.0097
4.9468
4.8122
5.0485
5.2025
5.1389
5.2436
5.1735
5.1094
5.002
5.0042
5.0519
5.0163
4.9861
5.0743
5.1648
5.1417
5.0597
5.0715
4.7863
4.7325
5.2146
