13.916
10.342
7.1934
5.2638
4.0402
3.5313
3.3515
3.5011
3.9216
4.0928
3.9111
3.6239
3.4277
3.4241
3.3648
3.1524
2.8652
2.8162
2.71
2.6252
3.1272
3.5873
3.5876
3.382
3.4558
3.3828
3.2537
2.8656
2.6935
2.7217
2.9282
2.8326
2.548
2.4689
2.4781
2.7103
2.7295
2.5572
2.5305
2.5422
2.6555
2.6484
2.4688
2.322
2.1807
2.1606
2.2001
2.4303
2.3933
2.7161
2.6827
2.534
2.5597
2.433
2.3777
2.4908
2.7761
2.8502
2.8655
2.7591
2.5641
2.2866
2.4844
2.3758
2.2723
1.9602
1.889
2.2313
2.5267
2.5844
2.4861
2.5136
2.8372
2.8292
2.7404
2.6014
2.7016
2.621
2.672
2.5646
2.4426
2.2002
2.3049
2.4932
2.5253
2.6837
2.7236
2.7082
2.6231
2.5929
2.5821
2.5319
2.456
2.5181
2.6463
2.6943
2.648
2.6608
2.3581
2.1293
2.4711
