8.248
10.494
7.4725
5.4429
4.1323
3.53
3.2195
3.2139
3.606
4.0368
4.1444
4.031
4.1237
4.5003
4.6835
4.7217
4.7942
5.0767
5.0384
4.7171
4.7806
4.9743
4.9075
4.8853
5.1915
5.1417
4.9942
4.6357
4.6385
4.898
5.151
4.9501
4.6783
4.7529
4.8955
5.1656
5.0523
4.8118
4.8612
4.9077
4.9721
4.9263
4.7549
4.7122
4.7721
4.944
5.0367
5.1474
4.9265
5.1158
4.8941
4.7369
4.7993
4.7363
4.8116
4.9968
5.2072
5.0948
4.9853
4.8363
4.698
4.5985
4.991
4.8122
4.7139
4.6158
4.8807
5.3153
5.2812
4.9953
4.7922
4.8658
5.1589
4.9649
4.7902
4.7143
4.9316
4.8341
4.8845
4.808
4.7694
4.6987
5.0096
5.1627
5.0433
5.0902
4.9557
4.8549
4.7487
4.778
4.8739
4.875
4.8657
4.9704
5.028
4.9599
4.8572
4.8635
4.6144
4.6481
5.2076
