7.1825
1.55
2.0546
2.712
3.5394
4.2433
4.8136
5.1369
5.0326
4.5247
4.2315
4.3404
4.4423
4.4163
4.3084
4.2982
4.5184
4.5609
3.8047
3.2355
2.9723
2.8997
3.0057
3.1621
3.0734
2.9752
2.9403
3.0719
3.1688
3.1292
2.8552
2.797
2.9753
2.9688
2.9558
2.8307
2.8022
2.8603
2.968
2.849
2.8602
2.8864
2.9054
2.9959
2.9785
2.9833
2.9322
2.8192
2.8957
2.8673
2.8512
3.0014
2.9288
2.9554
2.9849
2.9342
2.8188
2.8632
2.8621
2.9315
2.9559
3.105
2.8621
2.877
2.936
3.0683
3.0074
2.8462
2.7274
2.7913
2.9239
2.9427
2.8267
2.8241
2.8602
2.9925
2.862
2.8947
2.8822
2.8984
2.936
3.0357
2.8898
2.8124
2.8476
2.8067
2.8489
2.8989
2.9005
2.9382
2.9338
2.8872
2.9307
2.8447
2.8512
2.8698
2.8796
2.8457
3.0203
3.0814
2.846
