4.061
10.986
7.7679
5.6139
4.2611
3.6609
3.3927
3.4924
4.0512
4.6077
4.7828
4.8115
5.0759
5.6232
5.9793
6.1538
6.2605
6.5339
6.473
6.1651
6.2624
6.4512
6.3718
6.3634
6.6634
6.5859
6.4601
6.1325
6.1723
6.4309
6.6337
6.4255
6.1878
6.2855
6.4218
6.6696
6.545
6.3227
6.4083
6.428
6.4938
6.4521
6.28
6.2515
6.3118
6.4788
6.5473
6.64
6.437
6.6487
6.4187
6.2882
6.3411
6.2811
6.3667
6.5365
6.7258
6.618
6.5112
6.3755
6.2464
6.161
6.5285
6.3298
6.2466
6.1754
6.424
6.8189
6.7517
6.4929
6.3322
6.4172
6.6942
6.4861
6.3272
6.2747
6.4807
6.365
6.4208
6.3518
6.3199
6.2486
6.5412
6.6668
6.5467
6.6073
6.4804
6.3994
6.2962
6.3307
6.4232
6.4065
6.4015
6.4953
6.548
6.4843
6.3895
6.4014
6.158
6.2137
6.7428
