8.9219
1.3088
1.8614
2.499
3.2813
3.9075
4.3539
4.4908
4.2495
3.8693
3.7862
3.9592
4.0292
3.9334
3.766
3.705
3.8888
3.9848
4.1289
4.4097
4.2951
3.9467
3.7726
3.8075
3.6996
3.6122
3.6245
3.8142
3.9724
3.97
3.6834
3.6387
3.8757
3.9148
3.9122
3.7551
3.6934
3.7751
3.9317
3.7868
3.7857
3.8163
3.8433
3.9443
3.9404
3.9424
3.8569
3.7038
3.7777
3.7386
3.705
3.9081
3.8384
3.8825
3.9293
3.8664
3.7154
3.7414
3.7383
3.8335
3.8851
4.0759
3.8113
3.7983
3.8782
4.0769
4.0345
3.8288
3.6299
3.6795
3.8708
3.919
3.7612
3.7106
3.7631
3.9458
3.8139
3.8199
3.8073
3.8382
3.8964
4.0269
3.8816
3.763
3.7806
3.7354
3.7576
3.825
3.8347
3.8871
3.893
3.8348
3.8967
3.8051
3.7864
3.7964
3.8132
3.7821
3.9854
4.1005
3.8416
