9.4486
1.4235
1.9775
2.6429
3.4565
4.113
4.5769
4.7107
4.4268
3.9779
3.8522
4.015
4.0953
4.0398
3.7876
3.4995
3.4169
3.2483
3.1502
3.3313
3.4405
3.4594
3.5358
3.687
3.5607
3.4047
3.3698
3.5454
3.7081
3.7306
3.4542
3.4086
3.6462
3.6839
3.6802
3.5174
3.4525
3.5393
3.6958
3.5442
3.5361
3.5535
3.5809
3.6878
3.6803
3.6817
3.5929
3.4344
3.5067
3.4705
3.4381
3.6463
3.5842
3.6311
3.6758
3.5967
3.4256
3.4476
3.449
3.5593
3.6296
3.8357
3.5606
3.5255
3.5887
3.7778
3.731
3.5062
3.301
3.3572
3.5597
3.6285
3.4866
3.4351
3.4787
3.6515
3.5164
3.5292
3.5196
3.552
3.6102
3.7375
3.5875
3.4638
3.4802
3.4354
3.4633
3.5301
3.539
3.5926
3.5991
3.5448
3.6054
3.5119
3.49
3.4979
3.5177
3.4872
3.6961
3.8123
3.5387
