12.685
10.575
7.5023
5.4949
4.2239
3.7045
3.5383
3.7142
4.1542
4.3649
4.2641
4.1266
4.174
4.4797
4.698
4.7431
4.7416
5.0305
5.1843
5.15
5.4136
5.5832
5.407
5.289
5.5313
5.4946
5.412
5.0892
5.0711
5.2516
5.4456
5.2709
5.0303
5.086
5.1774
5.4043
5.3063
5.0939
5.1542
5.1686
5.2459
5.2156
5.0299
4.96
4.9551
5.0628
5.1259
5.268
5.1212
5.3811
5.2038
5.0526
5.0901
5.0009
5.045
5.2064
5.4309
5.3748
5.3006
5.1608
5.0044
4.8527
5.1836
5.0201
4.9526
4.8229
4.9959
5.3877
5.4186
5.2528
5.1081
5.1647
5.4494
5.301
5.1677
5.0866
5.2542
5.1344
5.192
5.114
5.0556
4.9261
5.1603
5.3013
5.2343
5.3444
5.2776
5.2216
5.1202
5.1258
5.1732
5.1331
5.1036
5.1915
5.2761
5.2521
5.1773
5.1929
4.9176
4.8822
5.3566
