7.5398
1.4178
2.0036
2.6881
3.5074
4.1431
4.5339
4.5383
4.1509
3.6849
3.5404
3.593
3.5324
3.4335
3.4533
3.4797
3.4153
3.1533
3.0516
3.2331
3.3039
3.2653
3.2816
3.3524
3.197
3.0861
3.0736
3.2302
3.3426
3.3353
3.0927
3.0788
3.2999
3.3077
3.3006
3.1556
3.1118
3.1877
3.3142
3.1669
3.1713
3.19
3.2082
3.2993
3.2798
3.285
3.2175
3.0804
3.1542
3.1135
3.0803
3.2566
3.1844
3.226
3.2714
3.2141
3.0774
3.1151
3.1078
3.1926
3.2321
3.4095
3.1524
3.1623
3.2318
3.3988
3.3476
3.159
2.9942
3.0502
3.2053
3.2443
3.1197
3.0996
3.1487
3.3238
3.2117
3.2559
3.2598
3.3021
3.3616
3.4903
3.3537
3.2517
3.2737
3.2241
3.2503
3.3086
3.3138
3.3665
3.378
3.3321
3.3945
3.303
3.281
3.2829
3.2906
3.2505
3.4482
3.5459
3.2858
