6.5012
1.5235
2.0593
2.7105
3.5247
4.2019
4.7221
4.9862
4.9349
4.7857
5.1463
5.6171
5.4247
4.8423
4.4581
4.416
4.6236
4.6009
4.4214
4.3999
4.2523
4.0425
3.9687
4.0467
3.9149
3.7695
3.7517
3.9312
4.0929
4.1109
3.8389
3.7999
4.0479
4.0936
4.0947
3.9347
3.8607
3.9399
4.0975
3.9413
3.9274
3.9485
3.9747
4.0844
4.0945
4.1087
4.0205
3.8499
3.9098
3.8588
3.812
4.0153
3.9458
3.9997
4.061
3.9992
3.8334
3.8466
3.8368
3.9286
3.9892
4.2026
3.9482
3.9255
4.0089
4.2285
4.2052
3.983
3.7465
3.7793
3.9708
4.0261
3.8682
3.8104
3.861
4.0505
3.9279
3.9343
3.9252
3.9614
4.0275
4.1712
4.0341
3.8998
3.9023
3.8495
3.8623
3.9293
3.9408
4.0013
4.0164
3.961
4.0284
3.9364
3.9064
3.9063
3.9224
3.8931
4.1078
4.2482
3.9901
