5.8211
1.4671
1.9396
2.5703
3.3609
4.0043
4.4747
4.6348
4.3816
3.9386
3.8394
4.0884
4.3078
4.4401
4.5464
4.861
5.584
5.602
4.6058
4.0126
3.6531
3.4457
3.4309
3.52
3.3616
3.182
3.0983
3.2115
3.3074
3.2926
3.0478
3.0195
3.223
3.2257
3.2149
3.0689
3.0197
3.0865
3.2085
3.0758
3.0818
3.1014
3.1158
3.2012
3.1774
3.1765
3.1124
2.9846
3.0575
3.0221
2.9982
3.1615
3.0912
3.128
3.1677
3.1147
2.9862
3.0245
3.0206
3.0981
3.1331
3.3015
3.0535
3.0621
3.1293
3.285
3.2358
3.0582
2.9079
2.9645
3.1079
3.1337
3.0077
2.9927
3.0328
3.1802
3.0502
3.0777
3.0661
3.0882
3.1343
3.2463
3.104
3.0132
3.0409
2.9964
3.0316
3.0855
3.0891
3.132
3.1314
3.0842
3.1359
3.0502
3.0474
3.0618
3.0738
3.0388
3.226
3.3085
3.0617
