8.1535
1.5153
2.0691
2.7522
3.5822
4.2437
4.6811
4.7583
4.4447
4.0404
4.006
3.9853
3.6593
3.3422
3.2781
3.3351
3.4697
3.3965
3.3579
3.5496
3.6076
3.5333
3.5187
3.5763
3.4151
3.2909
3.2827
3.4518
3.5789
3.5688
3.3084
3.2849
3.5152
3.5334
3.5208
3.3647
3.3127
3.3924
3.5298
3.3811
3.3795
3.4006
3.4217
3.5179
3.5006
3.4966
3.4167
3.2729
3.3474
3.3144
3.2895
3.4738
3.4062
3.4519
3.4997
3.4391
3.2938
3.3286
3.3282
3.4176
3.4648
3.6497
3.3903
3.385
3.459
3.6352
3.581
3.3718
3.1891
3.2479
3.4167
3.4562
3.3219
3.2987
3.3516
3.5232
3.3962
3.4154
3.4052
3.4319
3.4822
3.5982
3.4444
3.3249
3.3373
3.2892
3.3195
3.3826
3.3924
3.4436
3.4464
3.3903
3.4396
3.342
3.3205
3.3198
3.3278
3.2951
3.4584
3.4923
3.2156
