1.8729
1.4356
1.9717
2.6172
3.4194
4.0788
4.575
4.7855
4.6068
4.2247
4.13
4.3636
4.5476
4.6111
4.6407
5.0184
6.0929
6.4706
5.7622
5.2206
4.941
4.8203
4.872
5.1999
5.2082
4.8817
4.6318
4.6575
4.769
4.7542
4.3973
4.308
4.5647
4.6301
4.6321
4.4562
4.3656
4.4518
4.637
4.4588
4.4374
4.4586
4.4854
4.605
4.6176
4.6304
4.5257
4.3384
4.4082
4.3697
4.3139
4.5289
4.4465
4.5039
4.5764
4.507
4.3306
4.3498
4.3409
4.4376
4.4982
4.7215
4.4514
4.4112
4.5043
4.7535
4.7277
4.484
4.2223
4.2697
4.4847
4.5394
4.3674
4.301
4.3602
4.5671
4.44
4.434
4.4286
4.474
4.5481
4.6981
4.5532
4.3995
4.3996
4.3572
4.3706
4.447
4.4555
4.5193
4.537
4.4702
4.5435
4.4462
4.412
4.4132
4.4331
4.4076
4.6273
4.7877
4.515
