15.971
10.635
7.2388
5.2711
4.0228
3.4777
3.2389
3.3162
3.7285
4.0391
4.0336
3.9054
3.9099
4.1823
4.3571
4.2868
4.1616
4.4515
4.8349
5.0572
5.6107
6.0657
6.0355
5.9086
6.0372
5.8849
5.767
5.4675
5.5088
5.755
5.9708
5.7943
5.5611
5.6273
5.7342
5.9751
5.8768
5.6716
5.7458
5.7521
5.8227
5.7867
5.6117
5.5699
5.6015
5.7432
5.8103
5.9268
5.7563
5.9889
5.7768
5.6397
5.6825
5.6104
5.6766
5.8356
6.0304
5.9452
5.8519
5.7165
5.5792
5.4682
5.8095
5.6262
5.5564
5.4607
5.6661
6.0466
6.0221
5.8188
5.6739
5.7436
6.014
5.8288
5.681
5.6142
5.7952
5.6794
5.7405
5.6695
5.6268
5.5302
5.7952
5.9278
5.8357
5.9174
5.8166
5.7483
5.6452
5.6659
5.7357
5.709
5.697
5.7873
5.8519
5.8057
5.7209
5.7329
5.4801
5.4988
5.9937
