4.6399
1.6184
2.059
2.6839
3.483
4.1424
4.6352
4.8541
4.7506
4.5667
4.8764
5.2294
4.9603
4.4557
4.2094
4.247
4.495
4.5048
4.3733
4.4103
4.3283
4.1559
4.0892
4.1745
4.0414
3.8802
3.854
4.0364
4.2112
4.2413
3.9618
3.9153
4.1707
4.2282
4.2362
4.0718
3.9859
4.0636
4.2286
4.0687
4.0509
4.0687
4.0976
4.2151
4.2369
4.261
4.1695
3.9857
4.0389
3.9803
3.9239
4.1319
4.0617
4.1216
4.1918
4.1303
3.9541
3.9591
3.9417
4.0351
4.1011
4.3302
4.0792
4.0529
4.139
4.3785
4.3712
4.1421
3.8796
3.9003
4.0931
4.1526
3.9885
3.9194
3.9671
4.1653
4.0462
4.051
4.0412
4.0816
4.1548
4.3111
4.181
4.0384
4.0319
3.9732
3.9785
4.0448
4.0563
4.1207
4.1412
4.0864
4.1588
4.0671
4.0301
4.0248
4.0397
4.0103
4.2341
4.3931
4.137
