10.901
11.761
7.8946
5.6865
4.3332
3.7532
3.512
3.5931
3.9669
4.1953
4.1246
3.9495
3.8928
4.057
4.101
3.9234
3.6909
3.8629
4.161
4.2466
4.6376
5.0726
5.0746
4.9658
5.1863
5.1545
5.0467
4.6661
4.5882
4.7791
5.1026
4.9975
4.7212
4.7366
4.8306
5.1075
5.0504
4.818
4.8406
4.8593
4.9356
4.8922
4.6785
4.5777
4.5598
4.6809
4.7874
4.9696
4.8128
5.0612
4.8769
4.6773
4.7079
4.6008
4.6225
4.7915
5.0528
5.0079
4.9297
4.764
4.5817
4.3897
4.7319
4.5852
4.4839
4.2904
4.4428
4.9129
5.0366
4.8701
4.679
4.719
5.0366
4.9054
4.7343
4.5986
4.765
4.6681
4.7228
4.6256
4.5465
4.3984
4.6537
4.8609
4.8181
4.922
4.8496
4.7632
4.6419
4.6314
4.6772
4.6535
4.6202
4.7188
4.8317
4.813
4.7176
4.7228
4.4158
4.3383
4.8648
