11.252
10.458
7.1841
5.2439
4.0335
3.5547
3.4364
3.7016
4.3917
5.0918
5.5125
5.7313
5.8576
5.9644
5.7864
5.4722
5.2195
5.2884
5.1384
4.7297
4.7348
4.8971
4.8229
4.742
5.0145
5.0165
4.9221
4.5559
4.4867
4.649
4.9009
4.7519
4.4614
4.4684
4.5528
4.8199
4.7731
4.5561
4.5866
4.6181
4.7127
4.6925
4.4952
4.3943
4.3638
4.4638
4.558
4.7497
4.6186
4.8929
4.7472
4.5668
4.6026
4.4963
4.5109
4.6772
4.9506
4.93
4.8737
4.7218
4.5403
4.336
4.6565
4.5045
4.4042
4.2041
4.3291
4.7725
4.9036
4.7618
4.5887
4.6284
4.9446
4.8308
4.6792
4.5538
4.7248
4.6397
4.7101
4.6301
4.5659
4.4251
4.6725
4.8648
4.8173
4.9247
4.861
4.7855
4.6716
4.6652
4.7122
4.6861
4.651
4.7463
4.8555
4.8376
4.7432
4.7467
4.4382
4.349
4.8469
