6.3095
1.433
1.9728
2.6238
3.4322
4.1034
4.6199
4.8523
4.6663
4.2316
4.0985
4.3819
4.5196
4.388
4.2753
4.2683
4.3783
4.2655
4.1112
4.2604
4.3483
4.309
4.2986
4.3955
4.2412
4.031
3.9765
4.156
4.345
4.3837
4.0742
3.9957
4.2459
4.3099
4.3187
4.1391
4.0316
4.1039
4.2754
4.1186
4.0989
4.1122
4.1453
4.2699
4.2965
4.3211
4.2185
4.0186
4.0658
4.0069
3.9531
4.1684
4.0988
4.1646
4.241
4.1753
3.9873
3.9871
3.9682
4.0678
4.1386
4.3798
4.1293
4.0926
4.174
4.4238
4.4274
4.186
3.901
3.9151
4.1093
4.1717
4.0102
3.9432
3.9953
4.2016
4.0854
4.0879
4.0756
4.1187
4.1973
4.3613
4.2319
4.0749
4.0563
3.9951
4.0031
4.0756
4.0919
4.1619
4.1859
4.1288
4.1996
4.1047
4.0602
4.0522
4.0708
4.045
4.2787
4.4503
4.1874
