7.7382
9.8595
7.0539
5.22
4.006
3.4654
3.2114
3.24
3.5737
3.8733
4.0086
4.1996
4.6367
5.0906
5.0962
4.8606
4.6872
4.9155
4.9926
4.726
4.7499
4.8345
4.6763
4.5512
4.833
4.8863
4.8245
4.4666
4.3918
4.5503
4.8166
4.6794
4.3862
4.3873
4.4699
4.739
4.6971
4.4782
4.5051
4.5427
4.6467
4.6354
4.4421
4.3423
4.3141
4.417
4.5168
4.7155
4.5883
4.8682
4.7307
4.5523
4.5953
4.4939
4.5111
4.6814
4.9586
4.9377
4.881
4.7299
4.5519
4.3515
4.6796
4.5298
4.4258
4.2191
4.3357
4.7713
4.9
4.7574
4.5834
4.6241
4.9456
4.8362
4.6845
4.5582
4.7298
4.6431
4.7084
4.6191
4.541
4.3826
4.6146
4.8075
4.7619
4.8651
4.8002
4.7176
4.5935
4.5723
4.6006
4.5567
4.4929
4.5483
4.6258
4.5748
4.4121
4.3383
4.1547
4.2449
4.8445
