7.6368
8.7618
6.6717
5.0151
3.8529
3.3079
3.0029
2.9198
3.0957
3.2597
3.2216
3.0118
2.7969
2.6532
2.2616
1.9813
2.5381
3.6226
4.1156
3.9164
3.8586
3.8609
3.6591
3.5257
3.8264
3.9256
3.8857
3.5682
3.5236
3.7086
3.9738
3.839
3.5776
3.6074
3.719
3.9942
3.9456
3.7436
3.7824
3.8399
3.9394
3.909
3.7367
3.6636
3.6662
3.794
3.8986
4.0778
3.9272
4.1865
4.0654
3.839
3.8522
3.7652
3.8001
3.9695
4.2217
4.2093
4.1541
3.9735
3.7605
3.5955
3.9387
3.7941
3.6952
3.5325
3.7171
4.1601
4.3063
4.2147
4.0613
4.0862
4.4269
4.4095
4.3365
4.2611
4.4836
4.4663
4.6003
4.5871
4.5945
4.5156
4.8148
5.0371
5.0074
5.1314
5.0721
4.9997
4.887
4.8845
4.9382
4.9165
4.8938
5.0053
5.1252
5.1174
5.0409
5.068
4.8018
4.7892
5.3382
