12.613
10.704
7.3478
5.3415
4.076
3.5278
3.2935
3.3764
3.7836
4.0843
4.0854
3.9815
4.0425
4.4477
4.7727
4.7845
4.6723
4.8857
4.9863
4.8114
5.0569
5.5999
5.8898
5.9691
6.1965
6.0666
5.9452
5.6381
5.6779
5.9193
6.1256
5.9242
5.6726
5.7497
5.8746
6.1288
6.0252
5.8048
5.8782
5.9007
5.9759
5.9475
5.7747
5.7344
5.7796
5.936
6.0148
6.134
5.9528
6.1838
5.9697
5.8181
5.8658
5.7992
5.8764
6.0558
6.2691
6.1791
6.0761
5.9255
5.779
5.6658
6.0315
5.8526
5.7783
5.6852
5.9002
6.2882
6.2562
6.0289
5.8681
5.9405
6.2263
6.0397
5.879
5.8037
5.9957
5.8818
5.9407
5.8681
5.827
5.7393
6.0258
6.1695
6.0728
6.1519
6.0427
5.9603
5.8484
5.8679
5.9464
5.9286
5.9235
6.0238
6.0927
6.0403
5.9458
5.9565
5.6975
5.7225
6.2414
