5.8872
11.61
8.0733
5.8294
4.4569
3.8967
3.7235
3.9499
4.5894
5.1307
5.1779
5.0035
4.8578
4.885
4.9066
5.1027
5.5079
6.0521
6.1444
5.9762
6.2138
6.4389
6.288
6.172
6.3631
6.2373
6.0958
5.7526
5.7566
5.9738
6.1543
5.9605
5.7319
5.8042
5.8959
6.0998
5.9706
5.7576
5.8357
5.8428
5.9109
5.8762
5.7067
5.6649
5.6887
5.8142
5.8635
5.9734
5.8119
6.0586
5.8536
5.7168
5.7618
5.6927
5.7541
5.9009
6.0879
6.0062
5.9162
5.7842
5.6522
5.5478
5.8787
5.6829
5.6107
5.5157
5.7046
6.0583
6.0292
5.8369
5.7005
5.7829
6.0694
5.8941
5.7453
5.6764
5.8532
5.7306
5.7869
5.713
5.6641
5.5547
5.7974
5.9126
5.821
5.9159
5.8285
5.7678
5.6689
5.6897
5.7542
5.7189
5.6993
5.7851
5.8493
5.8096
5.7335
5.7512
5.4971
5.5029
5.9768
