7.3881
1.102
1.6178
2.2324
2.9867
3.5931
4.0453
4.2053
3.9858
3.6014
3.4925
3.6206
3.651
3.5432
3.3899
3.1772
3.1147
3.0019
2.9979
3.2075
3.2702
3.2136
3.2228
3.296
3.168
3.0936
3.1043
3.2847
3.4265
3.4311
3.1803
3.1733
3.4242
3.4682
3.4891
3.3456
3.287
3.3623
3.4975
3.3374
3.338
3.3523
3.3757
3.4789
3.4719
3.4902
3.4171
3.2627
3.3321
3.2773
3.2262
3.4085
3.3256
3.3792
3.4432
3.3858
3.2337
3.2641
3.2454
3.3295
3.371
3.5728
3.3195
3.3301
3.4079
3.6029
3.5657
3.3622
3.1668
3.2157
3.3714
3.3955
3.2492
3.2189
3.2635
3.4295
3.2944
3.3242
3.3172
3.3512
3.41
3.544
3.4058
3.2977
3.3152
3.2596
3.2796
3.3335
3.3324
3.3817
3.393
3.3481
3.4158
3.3263
3.307
3.3145
3.3255
3.2865
3.4977
3.617
3.3573
