11.739
1.4387
1.9124
2.5285
3.3043
3.9316
4.3878
4.5501
4.3516
4.012
3.9633
4.205
4.3712
4.3816
4.3084
4.4444
4.9669
5.0878
4.5656
4.2929
4.1484
4.0816
4.1606
4.431
4.4224
4.285
4.2534
4.4455
4.6826
4.7842
4.4889
4.422
4.6954
4.7858
4.8073
4.6355
4.5306
4.6104
4.8054
4.6356
4.6117
4.6321
4.6627
4.7949
4.8298
4.8603
4.756
4.5529
4.606
4.5581
4.489
4.7083
4.6324
4.6974
4.7827
4.7199
4.5325
4.5321
4.5133
4.6085
4.6784
4.9226
4.6725
4.6232
4.7196
4.9955
5.0056
4.7588
4.4499
4.4628
4.6724
4.7343
4.557
4.4721
4.5274
4.7457
4.6316
4.6201
4.6138
4.6632
4.7478
4.9171
4.7908
4.6248
4.6059
4.5533
4.5515
4.6238
4.6337
4.705
4.7324
4.6684
4.7475
4.6535
4.6103
4.6004
4.6175
4.5934
4.8205
5.0102
4.7549
