10.123
12.582
8.2561
5.8342
4.4302
3.8698
3.7008
3.9062
4.4111
4.7017
4.6453
4.5073
4.5338
4.8707
5.3475
6.1793
6.896
7.2291
6.9821
6.5074
6.4137
6.4429
6.2928
6.2849
6.6079
6.5816
6.5194
6.2436
6.2894
6.5004
6.645
6.4462
6.2474
6.3456
6.4494
6.6559
6.5295
6.3375
6.4369
6.4359
6.4939
6.4523
6.2875
6.2558
6.2897
6.4225
6.4651
6.5624
6.402
6.6416
6.4316
6.3161
6.3486
6.2797
6.346
6.4828
6.6521
6.5687
6.4861
6.3714
6.246
6.1546
6.4707
6.2608
6.1927
6.1241
6.3244
6.6612
6.607
6.4189
6.3046
6.3873
6.6498
6.4588
6.318
6.2613
6.4348
6.3149
6.3906
6.3546
6.3545
6.2903
6.5503
6.6522
6.5559
6.6526
6.5624
6.5132
6.4193
6.4468
6.518
6.4807
6.4706
6.5565
6.6081
6.5643
6.4922
6.5086
6.2731
6.3099
6.7727
