6.0884
1.5049
2.0166
2.6659
3.4713
4.1203
4.5809
4.7858
4.6675
3.9244
3.278
3.0843
3.0702
3.1477
3.3295
3.5022
3.6855
3.6014
3.4926
3.6626
3.7539
3.7488
3.8032
3.9592
3.8363
3.6422
3.5919
3.7774
3.9733
4.0243
3.7099
3.6237
3.8634
3.9011
3.8704
3.6534
3.5388
3.6139
3.7798
3.6313
3.6273
3.6397
3.6744
3.8006
3.8129
3.8273
3.7193
3.5213
3.5696
3.5097
3.4544
3.6642
3.5962
3.66
3.7327
3.6627
3.4768
3.4846
3.468
3.571
3.6395
3.873
3.6192
3.595
3.6714
3.8902
3.8696
3.6381
3.3968
3.4354
3.6177
3.6708
3.5168
3.4626
3.518
3.7194
3.6026
3.6199
3.6123
3.6546
3.7301
3.8858
3.7486
3.5956
3.5843
3.5232
3.5349
3.6026
3.6184
3.6874
3.7086
3.6552
3.7186
3.6183
3.5747
3.5682
3.5874
3.5564
3.7834
3.9313
3.6524
