10.463
1.5487
2.0393
2.686
3.4917
4.1364
4.5734
4.6682
4.3724
3.9796
3.9222
4.0621
3.9366
3.6651
3.5447
3.6037
3.8621
3.968
3.9573
3.9052
3.5414
3.231
3.1617
3.2201
3.1217
3.0768
3.0954
3.2535
3.3565
3.3431
3.1192
3.1118
3.3188
3.316
3.3065
3.1735
3.142
3.2138
3.3332
3.1937
3.201
3.2257
3.2366
3.3176
3.2949
3.2968
3.239
3.1178
3.1925
3.1552
3.1322
3.2898
3.2164
3.2543
3.2934
3.2441
3.1224
3.1635
3.1574
3.227
3.2571
3.4203
3.1754
3.1936
3.2646
3.4144
3.3557
3.1845
3.0448
3.1046
3.245
3.2625
3.1367
3.1294
3.1698
3.3109
3.1781
3.2099
3.2035
3.2244
3.2668
3.3748
3.231
3.1465
3.1792
3.1334
3.1658
3.2187
3.2195
3.2616
3.2618
3.2157
3.2699
3.1836
3.1836
3.1987
3.2067
3.1704
3.3535
3.4317
3.1902
