4.6403
1.3915
1.933
2.5928
3.3964
4.0337
4.4661
4.5603
4.2691
3.8775
3.8197
4.0325
4.1372
4.0788
3.99
4.0461
4.386
4.7209
4.913
4.782
4.3289
3.9595
3.8453
3.8878
3.834
3.8064
3.8545
4.0494
4.206
4.2112
3.9401
3.8825
4.0944
4.1291
4.1407
4.0051
3.9531
4.0254
4.1796
4.0399
4.0421
4.0766
4.092
4.1849
4.1731
4.1713
4.0933
3.9515
4.0295
4.0116
3.9913
4.1772
4.1049
4.1422
4.1845
4.1259
3.9914
4.0269
4.0296
4.1144
4.1578
4.3289
4.0692
4.0472
4.1223
4.3056
4.2552
4.0609
3.8758
3.9345
4.1219
4.1662
4.0272
3.9916
4.0421
4.2136
4.0854
4.088
4.0769
4.1034
4.1547
4.2704
4.1212
4.007
4.029
3.9987
4.0341
4.105
4.1108
4.1588
4.1595
4.0945
4.1485
4.0568
4.0518
4.066
4.0823
4.0574
4.2415
4.3408
4.0913
