5.0184
9.4986
7.0567
5.2113
3.9643
3.3709
3.0245
2.9123
3.1346
3.4933
3.6514
3.5684
3.5138
3.679
3.8233
3.8381
3.9187
4.7789
6.3255
7.1034
7.3745
7.2526
6.8059
6.5927
6.8767
6.8703
6.7937
6.4795
6.5623
6.9274
7.225
7.061
6.8403
6.9548
7.0915
7.3179
7.1832
6.9642
7.0382
7.0043
7.0111
6.8923
6.6434
6.5476
6.5474
6.6661
6.6943
6.7633
6.5664
6.7824
6.5562
6.4449
6.4951
6.4386
6.5228
6.6783
6.8514
6.7525
6.6562
6.5377
6.4175
6.3387
6.6793
6.4787
6.411
6.3539
6.5835
6.9334
6.8562
6.6393
6.5185
6.6113
6.8727
6.6643
6.5193
6.4764
6.6625
6.5376
6.5952
6.5326
6.5038
6.4304
6.703
6.8101
6.7017
6.7796
6.6705
6.6072
6.5071
6.5377
6.6193
6.593
6.5917
6.6826
6.7313
6.6762
6.5932
6.6057
6.3734
6.4275
6.9037
