5.5686
1.5035
2.0525
2.7206
3.542
4.2027
4.6521
4.7406
4.396
3.9409
3.8588
4.0678
4.1648
4.0838
3.9616
3.9835
4.2607
4.3474
4.1776
4.2368
4.2964
4.0993
3.8295
3.7699
3.6553
3.6177
3.6778
3.9007
4.0883
4.1178
3.8206
3.7602
4.0177
4.091
4.1152
3.9475
3.8454
3.916
4.085
3.933
3.9196
3.9319
3.9632
4.0901
4.1167
4.1446
4.0464
3.8484
3.8922
3.8326
3.776
3.9886
3.9221
3.9889
4.0674
4.0036
3.8161
3.8152
3.7959
3.8964
3.9684
4.209
3.9622
3.9295
4.0098
4.2527
4.2564
4.019
3.7341
3.7441
3.929
3.9885
3.833
3.7718
3.8251
4.0296
3.9133
3.9197
3.9086
3.9504
4.0276
4.1889
4.0597
3.905
3.8858
3.8226
3.8314
3.9015
3.9172
3.9869
4.0109
3.9566
4.0273
3.9327
3.89
3.8813
3.8991
3.8729
4.1049
4.2749
4.0133
