18.284
14.362
9.2007
6.4179
4.8037
4.0862
3.7495
3.7754
4.1905
4.5706
4.6273
4.5266
4.5528
4.9016
5.393
5.8437
6.0746
6.323
6.1966
5.8391
5.9011
6.0622
5.9572
5.906
6.1611
6.0719
5.9426
5.5982
5.6061
5.831
6.0169
5.7974
5.5206
5.5627
5.6581
5.9025
5.8121
5.6117
5.6981
5.7283
5.8039
5.7728
5.5956
5.548
5.5798
5.72
5.7912
5.9163
5.7466
5.9941
5.8004
5.6584
5.7045
5.6217
5.6774
5.8401
6.0508
5.973
5.8919
5.7577
5.614
5.4848
5.8272
5.6322
5.5485
5.4439
5.6571
6.0569
6.0433
5.8356
5.6927
5.7737
6.0559
5.8688
5.7136
5.6394
5.8266
5.7058
5.7594
5.6828
5.6361
5.5349
5.8033
5.9422
5.85
5.9387
5.8446
5.7745
5.6699
5.6862
5.7538
5.7239
5.7043
5.7976
5.8715
5.8289
5.7426
5.7575
5.4917
5.4975
6.0085
