6.601
1.5034
2.0106
2.6554
3.4483
4.0589
4.4294
4.435
4.084
3.7319
3.751
4.0406
4.2973
4.4686
4.3443
4.0808
3.9274
3.6492
3.4233
3.5373
3.5967
3.5666
3.5976
3.7024
3.542
3.3678
3.3271
3.5018
3.6649
3.6887
3.4069
3.3591
3.5978
3.6307
3.6188
3.4365
3.3446
3.4165
3.5629
3.4084
3.3957
3.3938
3.3915
3.4696
3.4329
3.4032
3.3057
3.1508
3.2116
3.1646
3.128
3.3094
3.2454
3.2923
3.3405
3.2772
3.1221
3.1402
3.1291
3.2207
3.2751
3.4703
3.2211
3.2086
3.2614
3.4257
3.3625
3.1513
2.9748
3.0208
3.1703
3.2061
3.0794
3.0534
3.0841
3.2262
3.091
3.1218
3.1121
3.1342
3.1791
3.2924
3.1512
3.0635
3.0923
3.0429
3.0732
3.1242
3.1244
3.1676
3.1702
3.1261
3.1816
3.0951
3.0908
3.104
3.1128
3.0752
3.2652
3.3507
3.1061
