7.3418
9.6301
6.6695
4.8807
3.6919
3.1043
2.6852
2.1888
1.6111
2.8023
4.4214
5.3267
5.5371
5.409
5.0539
4.7161
4.5493
4.8262
4.9068
4.5427
4.4291
4.3994
4.1734
3.9725
4.1988
4.3143
4.3169
3.9683
3.8306
3.8936
4.1452
4.0491
3.7006
3.5512
3.5987
3.9439
3.9499
3.7379
3.7341
3.7575
3.8392
3.8018
3.6154
3.529
3.5294
3.6739
3.8107
4.01
3.8574
4.0816
3.8962
3.702
3.7332
3.6409
3.676
3.8647
4.1288
4.0798
3.9899
3.8234
3.6405
3.4644
3.8152
3.7028
3.6201
3.4522
3.6216
4.0536
4.1369
3.9405
3.7327
3.763
4.0666
3.9342
3.7619
3.6277
3.7921
3.7154
3.7731
3.6837
3.6133
3.4889
3.7616
3.9715
3.9201
4.0004
3.9135
3.8164
3.6946
3.6866
3.7445
3.7485
3.7345
3.8406
3.9323
3.9001
3.8033
3.8034
3.5301
3.4696
3.9774
