11.302
1.4109
1.9675
2.6281
3.4424
4.1209
4.6553
4.9459
4.9139
4.7582
5.0619
5.4962
5.3053
4.7705
4.4462
4.4209
4.6485
4.654
4.5557
4.7087
4.81
4.7845
4.8068
4.9731
4.8657
4.6477
4.6026
4.7859
4.9861
5.0193
4.7004
4.6265
4.8929
4.9691
4.973
4.7926
4.6877
4.7677
4.9619
4.7874
4.7629
4.787
4.8119
4.9366
4.962
4.9808
4.8708
4.671
4.7291
4.6827
4.6104
4.8479
4.7816
4.8428
4.9181
4.8493
4.6625
4.6531
4.6315
4.7352
4.8242
5.063
4.8017
4.7456
4.8377
5.0964
5.0819
4.834
4.5328
4.5435
4.7705
4.8699
4.7024
4.6025
4.6558
4.8865
4.7748
4.7594
4.7504
4.7944
4.8727
5.0299
4.8916
4.7275
4.7159
4.6688
4.6702
4.7528
4.7705
4.8419
4.8639
4.7941
4.8679
4.7697
4.7302
4.7241
4.7441
4.7236
4.9439
5.1195
4.8576
