4.8169
1.2347
1.8112
2.4687
3.2511
3.8422
4.1985
4.1956
3.8452
3.4152
3.303
3.4211
3.4609
3.4586
3.5377
3.665
3.8703
3.805
3.6385
3.7027
3.6859
3.6216
3.6558
3.7916
3.651
3.4702
3.4266
3.6006
3.7689
3.8006
3.505
3.4528
3.707
3.7573
3.764
3.5936
3.5114
3.6023
3.7751
3.6193
3.6136
3.6205
3.6542
3.7857
3.8076
3.8412
3.7447
3.5441
3.5875
3.514
3.437
3.6397
3.5596
3.6221
3.7007
3.6344
3.4495
3.4567
3.431
3.5289
3.5904
3.8266
3.5766
3.5624
3.6434
3.8773
3.8771
3.6504
3.3897
3.4113
3.5815
3.6275
3.4703
3.4106
3.458
3.6535
3.535
3.5589
3.5535
3.5986
3.6785
3.8466
3.7319
3.5929
3.5808
3.5129
3.514
3.5717
3.5798
3.6476
3.6759
3.6315
3.7071
3.6136
3.5642
3.5435
3.548
3.5046
3.7176
3.8528
3.5754
