16.06
11.551
7.7549
5.5773
4.2804
3.7966
3.727
4.0804
4.7959
5.3574
5.5604
5.634
5.7194
5.8762
5.8377
5.8082
5.8699
6.0579
5.8644
5.4462
5.44
5.5518
5.4391
5.4009
5.6971
5.6737
5.6029
5.3072
5.3263
5.5326
5.7184
5.5363
5.312
5.3899
5.4958
5.7244
5.6219
5.423
5.5056
5.5239
5.6001
5.5692
5.3953
5.3492
5.3725
5.5043
5.5702
5.697
5.5405
5.7899
5.5967
5.4595
5.4997
5.422
5.479
5.6329
5.8314
5.7562
5.6741
5.5435
5.4032
5.2805
5.6104
5.4223
5.3501
5.2461
5.4411
5.8194
5.8075
5.6183
5.4765
5.5383
5.8072
5.6282
5.4754
5.3871
5.5505
5.429
5.4905
5.4254
5.3907
5.2868
5.5357
5.6619
5.57
5.6591
5.5707
5.5053
5.4011
5.413
5.4718
5.4377
5.4148
5.5038
5.578
5.5396
5.4551
5.466
5.1973
5.1843
5.6679
