14.348
11.38
7.9743
5.797
4.4348
3.8621
3.653
3.8016
4.283
4.6189
4.5564
4.3282
4.1751
4.2434
4.3882
4.8063
5.5029
6.2596
6.3988
6.1834
6.3677
6.5543
6.3792
6.2555
6.4579
6.3389
6.2022
5.8641
5.8766
6.1016
6.2832
6.0825
5.8527
5.9337
6.0346
6.2461
6.118
5.908
5.9947
6.0078
6.0737
6.0383
5.8702
5.8321
5.8619
5.9909
6.0388
6.1436
5.9767
6.2233
6.0154
5.8799
5.9272
5.8587
5.9219
6.068
6.2522
6.1659
6.0757
5.9448
5.8158
5.7178
6.0529
5.8477
5.7714
5.6817
5.8783
6.231
6.1914
5.9901
5.8529
5.9399
6.2282
6.0462
5.8925
5.822
5.997
5.8653
5.9142
5.8354
5.7834
5.6721
5.9131
6.0218
5.9248
6.0197
5.9319
5.8718
5.7732
5.7943
5.8598
5.8229
5.8018
5.8877
5.9516
5.9115
5.836
5.8551
5.6003
5.6082
6.0852
