15.801
12.341
8.0499
5.7561
4.3817
3.8091
3.6026
3.7618
4.2575
4.5908
4.5759
4.462
4.4994
4.785
4.9467
4.9381
5.0286
5.6875
6.1225
6.015
6.022
5.9712
5.6723
5.5107
5.7487
5.7031
5.5845
5.201
5.1127
5.2259
5.3667
5.1615
4.8956
4.9204
4.9892
5.2069
5.1185
4.9206
4.9882
5.0089
5.0956
5.0729
4.8956
4.8347
4.8376
4.952
5.0204
5.1675
5.0299
5.2962
5.1299
4.9916
5.0345
4.949
4.9893
5.139
5.3494
5.2907
5.2208
5.0915
4.944
4.7972
5.1153
4.939
4.8596
4.7183
4.874
5.2513
5.2792
5.1226
4.9907
5.0575
5.3448
5.197
5.0632
4.9788
5.1387
5.0197
5.076
4.9956
4.9358
4.8063
5.039
5.1814
5.1151
5.2198
5.1527
5.0989
4.9995
5.0068
5.0543
5.0155
4.9866
5.0719
5.1547
5.1304
5.0548
5.0695
4.7987
4.7643
5.235
