9.8773
1.6756
2.1137
2.7549
3.567
4.231
4.7041
4.8558
4.6045
4.1756
4.0368
4.1288
4.0574
3.914
3.9039
3.9332
3.7488
3.3341
3.1445
3.2967
3.3681
3.3435
3.3758
3.4645
3.3079
3.1828
3.171
3.3372
3.4604
3.4522
3.1967
3.1788
3.4098
3.4247
3.4132
3.2599
3.2103
3.2916
3.4242
3.2736
3.2724
3.2911
3.3126
3.4079
3.3895
3.3897
3.3135
3.1709
3.2453
3.2064
3.1692
3.3587
3.2929
3.3366
3.383
3.3214
3.1757
3.2069
3.2014
3.2939
3.3444
3.5285
3.2664
3.2663
3.3418
3.5178
3.4655
3.2602
3.0778
3.1278
3.2876
3.3328
3.1999
3.1618
3.2049
3.3778
3.2569
3.2849
3.2776
3.3078
3.3571
3.4752
3.3272
3.2106
3.2228
3.1692
3.1929
3.2503
3.2567
3.3092
3.3178
3.2698
3.3273
3.2342
3.2111
3.2119
3.2235
3.19
3.3832
3.4666
3.2005
