6.0866
1.3961
1.9453
2.589
3.3885
4.0556
4.5808
4.8391
4.6803
4.2212
4.0222
4.1789
4.3015
4.2897
4.2059
4.219
4.4785
4.6342
4.2437
3.9209
3.686
3.5794
3.6617
3.8545
3.759
3.5783
3.5142
3.668
3.8089
3.7553
3.3843
3.2706
3.463
3.4802
3.4791
3.3366
3.2766
3.3341
3.4488
3.2877
3.2665
3.2645
3.2731
3.3635
3.3474
3.3522
3.2809
3.1404
3.213
3.1697
3.135
3.3064
3.2278
3.2693
3.3167
3.2605
3.1222
3.1584
3.1494
3.2291
3.2657
3.4458
3.1936
3.204
3.2784
3.4509
3.4032
3.2136
3.0499
3.1088
3.2601
3.2823
3.1438
3.1224
3.166
3.3206
3.1858
3.2132
3.2045
3.2319
3.2831
3.4031
3.2599
3.1618
3.1885
3.1416
3.1713
3.2264
3.2278
3.2726
3.2752
3.2273
3.2851
3.197
3.1875
3.2005
3.2135
3.1774
3.3746
3.4702
3.2145
