1.6231
8.877
7.1628
5.3633
4.0966
3.4877
3.1373
3.0472
3.3221
3.7062
3.8491
3.7694
3.7383
3.9255
4.0407
3.9828
3.9098
4.2944
4.7755
4.8031
4.8812
4.8688
4.5976
4.4084
4.6722
4.7798
4.8026
4.5433
4.6478
5.0866
5.6014
5.5844
5.3362
5.3555
5.4264
5.6501
5.5415
5.3078
5.3489
5.3472
5.3807
5.2948
5.0509
4.9276
4.886
4.9696
5.0205
5.1532
4.9829
5.2361
5.0651
4.9
4.942
4.8407
4.8654
5.021
5.2591
5.2099
5.1476
5.009
4.8466
4.6716
4.9966
4.8143
4.7108
4.5411
4.697
5.1117
5.1781
5.0157
4.8674
4.9392
5.2497
5.1048
4.9524
4.8489
5.0244
4.914
4.9641
4.8722
4.8006
4.6593
4.9004
5.0639
4.9983
5.1043
5.04
4.9747
4.8711
4.875
4.9266
4.8946
4.8573
4.9463
5.0409
5.0178
4.934
4.9489
4.6589
4.6011
5.0996
