4.6761
1.4521
1.9247
2.5523
3.3464
4.014
4.5479
4.8133
4.6322
4.1231
3.8802
3.9744
4.0172
3.9512
3.807
3.5176
3.3505
3.1292
3.0434
3.1964
3.2246
3.1449
3.1303
3.162
3.0179
2.9498
2.9601
3.1243
3.2362
3.2172
2.9881
2.9809
3.197
3.2119
3.2129
3.0785
3.0406
3.1095
3.2268
3.0902
3.0952
3.119
3.1329
3.214
3.1866
3.1817
3.1212
3.0025
3.0815
3.0517
3.0334
3.1919
3.1195
3.1528
3.1889
3.1369
3.0138
3.0558
3.0552
3.1282
3.1584
3.3182
3.0716
3.0825
3.1515
3.3016
3.2448
3.0683
2.9298
2.9965
3.1431
3.1639
3.0367
3.0272
3.0694
3.2117
3.0778
3.1035
3.0937
3.1151
3.1583
3.2648
3.119
3.031
3.0643
3.0256
3.0644
3.119
3.1208
3.1605
3.1568
3.1078
3.1579
3.0726
3.0731
3.0899
3.1027
3.0686
3.2505
3.3251
3.0778
