9.7222
1.5088
2.0468
2.714
3.5342
4.1918
4.6354
4.7168
4.3717
3.9266
3.8557
4.0755
4.186
4.1235
4.0224
4.0703
4.3859
4.5283
4.4002
4.5482
4.8412
4.7065
4.3927
4.3109
4.208
4.1668
4.2455
4.4894
4.7122
4.7607
4.4437
4.365
4.6373
4.7368
4.7688
4.5933
4.4713
4.5412
4.739
4.578
4.5587
4.5754
4.6066
4.7472
4.7897
4.8237
4.7091
4.4852
4.5208
4.4691
4.4027
4.6342
4.5715
4.6466
4.7399
4.6744
4.4737
4.4618
4.4418
4.548
4.6324
4.8933
4.6493
4.5859
4.6685
4.9411
4.9579
4.7019
4.3653
4.3605
4.5709
4.6504
4.49
4.4078
4.466
4.6942
4.5894
4.5789
4.5685
4.6159
4.7024
4.8761
4.751
4.5705
4.5326
4.4713
4.4719
4.5514
4.5712
4.6523
4.6868
4.6235
4.6994
4.6003
4.5493
4.533
4.5515
4.533
4.7692
4.9727
4.7177
