5.8464
1.2259
1.8073
2.47
3.2613
3.8755
4.2783
4.3379
4.0298
3.6454
3.5737
3.6654
3.5197
3.269
3.1761
3.211
3.3936
3.352
3.233
3.3096
3.2963
3.2411
3.2886
3.4038
3.2699
3.1417
3.1104
3.2634
3.3858
3.3778
3.1248
3.1049
3.327
3.3363
3.3262
3.178
3.1325
3.2109
3.3397
3.1925
3.1952
3.2146
3.2341
3.3269
3.307
3.3085
3.2374
3.0997
3.1741
3.1337
3.102
3.2813
3.2079
3.2492
3.2951
3.2368
3.0977
3.1341
3.1299
3.2152
3.2557
3.4342
3.1769
3.1822
3.2549
3.424
3.3723
3.1778
3.0106
3.0691
3.2281
3.2604
3.1231
3.0987
3.1447
3.3032
3.1693
3.1951
3.1857
3.2119
3.2616
3.3788
3.2329
3.1322
3.1571
3.11
3.1412
3.1992
3.2039
3.2502
3.253
3.2051
3.2619
3.1725
3.1621
3.1746
3.1888
3.1534
3.3504
3.445
3.1863
