7.7317
1.4549
1.9951
2.6464
3.4515
4.1042
4.5697
4.7096
4.4308
3.9822
3.8513
3.9944
4.015
3.8727
3.6934
3.5789
3.6458
3.5164
3.3303
3.3946
3.3978
3.3655
3.4297
3.5682
3.4385
3.2857
3.2489
3.422
3.5874
3.6238
3.3621
3.3369
3.5919
3.6364
3.6453
3.4855
3.4155
3.5017
3.6572
3.4959
3.4903
3.5007
3.5315
3.6512
3.6594
3.6851
3.6
3.4242
3.4853
3.4251
3.3641
3.5649
3.4857
3.5436
3.6121
3.5438
3.3695
3.3881
3.3699
3.4682
3.5256
3.7474
3.4867
3.4731
3.5477
3.762
3.7393
3.5162
3.2871
3.3271
3.5
3.5429
3.388
3.3345
3.3749
3.5512
3.417
3.4391
3.4302
3.4668
3.5315
3.6752
3.5401
3.4183
3.427
3.3681
3.3822
3.4389
3.4407
3.4954
3.5107
3.4646
3.5357
3.4444
3.416
3.4183
3.4318
3.3945
3.6153
3.7536
3.4882
