8.8358
1.3489
1.8988
2.5323
3.3147
3.9458
4.4034
4.5632
4.3552
4.0027
3.9406
4.157
4.2789
4.227
4.0957
4.1411
4.5259
4.5372
4.0283
3.7937
3.6708
3.6317
3.7342
3.9734
3.9411
3.8226
3.7956
3.9768
4.1684
4.2199
3.9288
3.8689
4.1213
4.1845
4.1969
4.0311
3.9428
4.0196
4.1867
4.0298
4.0134
4.0327
4.0639
4.1827
4.2021
4.2224
4.1296
3.9491
4.0081
3.9572
3.9057
4.1099
4.0364
4.0953
4.1661
4.1053
3.9315
3.9416
3.9272
4.0192
4.0807
4.3064
4.0553
4.0279
4.1161
4.3586
4.3526
4.1197
3.8574
3.8825
4.0703
4.1187
3.9529
3.892
3.9447
4.143
4.0222
4.0254
4.0168
4.0591
4.1333
4.2885
4.1556
4.0098
4.0043
3.9504
3.9596
4.0266
4.0366
4.0997
4.1187
4.062
4.1334
4.0421
4.0065
4.0034
4.0206
3.9924
4.2147
4.3719
4.1117
