6.2584
1.5213
2.0731
2.7391
3.5649
4.2542
4.7971
5.2034
5.3862
4.6653
3.7888
3.396
3.2868
3.3373
3.5258
3.7296
3.9545
3.8813
3.7289
3.8604
3.9339
3.923
3.9771
4.1412
4.0214
3.8083
3.7476
3.9324
4.1367
4.1927
3.8682
3.7664
4.0014
4.036
3.9898
3.7541
3.6261
3.6936
3.8564
3.7065
3.6984
3.7111
3.7419
3.8615
3.8653
3.867
3.753
3.558
3.609
3.5579
3.5131
3.7222
3.657
3.7168
3.7824
3.71
3.5276
3.5383
3.5285
3.6318
3.7001
3.9249
3.6679
3.6373
3.7099
3.915
3.8789
3.6481
3.423
3.472
3.6605
3.716
3.5655
3.5162
3.5733
3.7699
3.649
3.6584
3.6451
3.6795
3.7447
3.884
3.7294
3.5753
3.5688
3.5149
3.5361
3.6077
3.6257
3.691
3.7051
3.6457
3.6987
3.5954
3.5606
3.5628
3.5866
3.5611
3.7801
3.9079
3.6283
