12.325
11.02
7.865
5.7435
4.3928
3.8083
3.5681
3.6694
4.1044
4.4456
4.5555
4.7152
5.1044
5.5631
5.6328
5.4761
5.3945
5.7566
5.9546
5.8069
5.8949
5.9684
5.7871
5.7346
6.0891
6.1441
6.1256
5.8543
5.914
6.1769
6.3863
6.1971
5.9794
6.0834
6.2106
6.444
6.3209
6.1112
6.206
6.2287
6.2985
6.2629
6.0942
6.0648
6.117
6.2734
6.3405
6.4464
6.2665
6.4984
6.2766
6.1409
6.1898
6.1243
6.2006
6.3623
6.5497
6.4497
6.3481
6.2131
6.0835
5.9931
6.3486
6.1481
6.0714
5.9989
6.2351
6.6225
6.5728
6.3404
6.1885
6.2721
6.5503
6.3469
6.186
6.1251
6.3193
6.1982
6.2547
6.1867
6.1524
6.0716
6.3499
6.4741
6.3692
6.4484
6.3372
6.2618
6.1567
6.1825
6.2611
6.2339
6.2242
6.3176
6.3763
6.3225
6.2354
6.2492
6.0014
6.0417
6.5513
