9.172
1.454
2.0072
2.6662
3.4753
4.1231
4.5706
4.695
4.4494
4.0891
4.0486
4.3192
4.6102
4.7961
4.5891
4.2229
4.019
3.7471
3.5154
3.6215
3.6962
3.664
3.6702
3.7456
3.5704
3.3901
3.3445
3.5117
3.6646
3.6806
3.4079
3.3615
3.5925
3.6241
3.613
3.4513
3.3896
3.4793
3.6383
3.4933
3.4865
3.5052
3.5271
3.6247
3.609
3.6027
3.5192
3.372
3.444
3.4099
3.3781
3.5862
3.5353
3.5835
3.6264
3.5487
3.3773
3.3898
3.3877
3.499
3.5769
3.7845
3.5152
3.4757
3.529
3.7072
3.6567
3.4352
3.2333
3.2837
3.4732
3.5463
3.4163
3.3694
3.4098
3.5753
3.4418
3.4598
3.4513
3.4822
3.5376
3.6615
3.5133
3.3987
3.4194
3.3756
3.4055
3.47
3.4774
3.5282
3.5332
3.48
3.5386
3.4463
3.4289
3.4393
3.4572
3.4257
3.6296
3.7373
3.4696
