1.7876
9.4155
7.3223
5.4415
4.1715
3.6015
3.3387
3.3984
3.8318
4.2076
4.1783
3.9372
3.7456
3.7488
3.7218
3.6511
3.8391
4.8921
6.0324
6.2668
6.3419
6.2519
5.9204
5.7851
6.1272
6.2089
6.204
5.9205
5.948
6.178
6.3735
6.1786
5.9486
6.0367
6.1554
6.3838
6.2501
6.0182
6.0818
6.0769
6.1332
6.0868
5.9084
5.8704
5.9113
6.0596
6.1237
6.2307
6.054
6.2852
6.0714
5.9417
5.9849
5.9146
5.9853
6.1433
6.3304
6.2375
6.1435
6.0141
5.882
5.7817
6.1277
5.9337
5.8593
5.7759
5.9956
6.3764
6.3384
6.1291
5.9935
6.0732
6.3406
6.1423
5.9912
5.9296
6.1134
5.9919
6.0488
5.9785
5.9397
5.8513
6.1215
6.2465
6.147
6.2276
6.1229
6.0541
5.9507
5.9745
6.0486
6.0203
6.0087
6.0979
6.157
6.1068
6.0225
6.0362
5.7886
5.8203
6.3185
