7.4423
1.3713
1.8693
2.4805
3.2521
3.8901
4.3853
4.6099
4.4466
4.0685
3.9658
4.1695
4.3025
4.285
4.2018
4.2426
4.5297
4.2483
3.6176
3.4372
3.3828
3.3908
3.5129
3.7015
3.6159
3.4714
3.4253
3.5867
3.7482
3.7927
3.5439
3.5073
3.7622
3.8062
3.8079
3.6439
3.5673
3.6467
3.7969
3.6489
3.6491
3.6757
3.7017
3.8041
3.7968
3.7993
3.7144
3.5599
3.633
3.5898
3.5392
3.7408
3.6786
3.728
3.7801
3.7159
3.5561
3.5679
3.5486
3.639
3.7068
3.9237
3.6628
3.6482
3.7279
3.9239
3.8786
3.6626
3.4501
3.4865
3.6625
3.7243
3.5887
3.5347
3.5788
3.772
3.6513
3.6636
3.6529
3.6846
3.7436
3.8723
3.7242
3.6021
3.6195
3.5743
3.5934
3.6599
3.6768
3.7312
3.736
3.6792
3.7408
3.6489
3.6261
3.6352
3.6558
3.6256
3.8319
3.947
3.6779
