8.4621
1.2888
1.8273
2.4623
3.2414
3.8618
4.2982
4.4147
4.144
3.7439
3.6452
3.7546
3.672
3.4658
3.3742
3.3955
3.5251
3.2862
2.9466
2.9323
2.9425
2.9602
3.0686
3.2011
3.0893
2.9942
2.9725
3.1201
3.2336
3.2383
3.009
2.9938
3.2043
3.2099
3.2104
3.0705
3.0283
3.1
3.2258
3.0886
3.1023
3.1256
3.1444
3.235
3.2169
3.2264
3.1654
3.0337
3.1088
3.068
3.0372
3.2075
3.1329
3.1745
3.2206
3.1666
3.0346
3.0742
3.0646
3.1455
3.1824
3.3592
3.1046
3.1179
3.184
3.3471
3.2977
3.1185
2.9607
3.0156
3.1629
3.1912
3.0612
3.0409
3.0782
3.23
3.0972
3.1288
3.1162
3.1401
3.1879
3.3054
3.1634
3.0733
3.0999
3.0499
3.0819
3.1353
3.1366
3.1795
3.1822
3.1362
3.1928
3.1052
3.0999
3.1141
3.1235
3.0858
3.28
3.3694
3.1209
