9.2213
1.2839
1.8796
2.5442
3.3438
3.9751
4.403
4.4882
4.1742
3.7486
3.6543
3.8113
3.8477
3.7198
3.5673
3.4986
3.6093
3.4184
3.0771
3.029
2.9925
2.9708
3.0592
3.1981
3.1032
3.018
3.0078
3.1772
3.3223
3.3523
3.1245
3.118
3.3565
3.3863
3.3964
3.2555
3.209
3.2907
3.4288
3.2775
3.2798
3.2962
3.3186
3.418
3.4059
3.417
3.3441
3.1962
3.269
3.2223
3.1816
3.3624
3.2826
3.329
3.3821
3.3219
3.1757
3.2116
3.201
3.2879
3.3292
3.5196
3.2593
3.2642
3.3371
3.5226
3.4822
3.2858
3.1051
3.1608
3.3208
3.3503
3.207
3.1759
3.2165
3.3772
3.2421
3.2709
3.2621
3.2928
3.3476
3.4745
3.3323
3.2285
3.25
3.1987
3.2251
3.2807
3.2812
3.3284
3.3357
3.2888
3.3514
3.2617
3.2471
3.2576
3.2697
3.2323
3.4375
3.5449
3.2854
