8.2486
10.454
7.4887
5.465
4.1662
3.5896
3.3203
3.3554
3.7185
4.0121
4.0127
3.877
3.8454
4.0329
4.1281
4.0586
4.0222
4.5265
5.1135
5.3035
5.5351
5.5968
5.3375
5.1776
5.4352
5.4358
5.3483
4.9777
4.8963
5.022
5.1831
4.9823
4.7046
4.7244
4.7967
5.0246
4.944
4.7381
4.7953
4.8211
4.9103
4.8883
4.7032
4.629
4.6207
4.7282
4.8035
4.9644
4.8304
5.1034
4.947
4.7967
4.8396
4.7469
4.7777
4.9315
5.1584
5.109
5.0435
4.9086
4.7526
4.5877
4.9062
4.7364
4.6504
4.4897
4.636
5.0333
5.0918
4.9439
4.806
4.8686
5.1653
5.0276
4.8892
4.7927
4.9528
4.8381
4.8932
4.8077
4.7405
4.6006
4.8318
4.9886
4.9309
5.0403
4.9793
4.9223
4.82
4.8219
4.8655
4.8274
4.794
4.8812
4.9737
4.9541
4.8756
4.8895
4.6071
4.5538
5.0338
