4.6688
10.153
7.7629
5.7199
4.3778
3.7912
3.5499
3.6701
4.1706
4.5883
4.7044
4.7915
5.0928
5.503
5.5571
5.4072
5.3159
5.587
5.6102
5.3072
5.2996
5.3561
5.2036
5.1511
5.4544
5.4608
5.4049
5.1033
5.1017
5.2919
5.4865
5.3225
5.1021
5.1725
5.277
5.5156
5.4298
5.2393
5.3189
5.3349
5.4164
5.391
5.2206
5.1751
5.1943
5.3222
5.3885
5.5197
5.3686
5.6204
5.431
5.2955
5.3373
5.259
5.3129
5.465
5.6644
5.5937
5.5135
5.3829
5.2407
5.1142
5.4413
5.2606
5.1909
5.0785
5.2608
5.6345
5.6309
5.4514
5.3136
5.3791
5.6554
5.4892
5.3516
5.2782
5.4479
5.3318
5.3935
5.3201
5.27
5.157
5.4026
5.5355
5.4559
5.5497
5.4651
5.4044
5.3041
5.3201
5.3792
5.3459
5.326
5.4126
5.484
5.4485
5.3703
5.3839
5.1244
5.1189
5.5962
