1.6007
10.032
7.4066
5.4515
4.1729
3.6067
3.3578
3.4629
4.0774
4.8483
5.1128
5.0187
4.848
4.7507
4.5148
4.1896
3.887
3.879
3.698
3.2414
3.2442
3.5771
3.6542
3.6374
3.9393
4.0928
4.1404
3.8364
3.7419
3.946
4.2681
4.2039
3.9357
3.9632
4.0727
4.3398
4.3011
4.0719
4.0696
4.1013
4.1836
4.145
3.9715
3.8967
3.8971
4.0145
4.1006
4.2593
4.0935
4.3531
4.212
3.9946
4.0311
3.9504
3.9874
4.1535
4.399
4.3817
4.3305
4.1639
3.9639
3.8049
4.1423
3.9825
3.8812
3.7213
3.8947
4.311
4.4138
4.2716
4.0596
4.0762
4.3938
4.3015
4.1382
3.9855
4.1568
4.067
4.1219
4.0347
3.9679
3.8435
4.0941
4.2667
4.1947
4.291
4.2343
4.1469
4.0212
4.0222
4.0803
4.0634
4.0329
4.1277
4.2186
4.1861
4.0946
4.1016
3.8326
3.7816
4.2757
