7.1474
1.5138
2.035
2.6953
3.5135
4.1854
4.6848
4.8987
4.7445
4.4048
4.3606
4.7134
5.1883
6.0856
7.9723
9.0588
8.9982
8.2852
7.5486
7.2769
7.3523
7.3579
7.3487
7.5581
7.5893
7.302
7.2253
7.3403
7.5933
7.7111
7.4157
7.2462
7.4561
7.5998
7.6456
7.5127
7.3515
7.3688
7.6365
7.4517
7.412
7.4497
7.4155
7.5382
7.5936
7.6561
7.5562
7.3422
7.3536
7.3877
7.2362
7.4645
7.4369
7.4756
7.5798
7.5494
7.4125
7.362
7.3278
7.3958
7.4764
7.6908
7.5202
7.3525
7.4252
7.7048
7.7564
7.6143
7.216
7.0826
7.266
7.4153
7.2821
6.9759
6.8703
7.0237
6.9188
6.806
6.7802
6.8164
6.865
6.9703
6.8595
6.6964
6.6523
6.6369
6.6203
6.6826
6.6735
6.7507
6.7919
6.7027
6.772
6.6821
6.6746
6.6554
6.6468
6.639
6.7767
6.9734
6.8393
