13.617
10.365
7.4105
5.4304
4.1369
3.5416
3.2252
3.1689
3.4043
3.6118
3.5818
3.3869
3.2422
3.2822
3.235
2.8187
1.9307
1.9724
2.9754
3.4542
3.5881
3.4839
3.073
2.5332
2.4907
2.6973
2.9854
2.9326
3.007
3.2597
3.6111
3.5356
3.2764
3.2774
3.3646
3.6292
3.5921
3.3923
3.4139
3.4668
3.5712
3.5474
3.373
3.2892
3.2743
3.3882
3.4899
3.6725
3.5315
3.7746
3.6264
3.4574
3.5012
3.4091
3.4278
3.5884
3.8315
3.7889
3.7213
3.5827
3.417
3.2399
3.5617
3.4274
3.3255
3.1319
3.2783
3.7102
3.8178
3.6546
3.47
3.511
3.8178
3.6984
3.5427
3.4183
3.5766
3.4925
3.5415
3.4472
3.3698
3.2262
3.4631
3.6545
3.6064
3.6964
3.633
3.557
3.4502
3.4433
3.4864
3.4694
3.433
3.5265
3.6234
3.6059
3.5214
3.525
3.2472
3.1604
3.6459
