9.139
1.2432
1.818
2.4752
3.2565
3.844
4.1908
4.1685
3.7869
3.2987
3.1508
3.2766
3.3761
3.4318
3.5215
3.4813
3.2582
2.9222
2.8136
2.9812
3.064
3.0666
3.1285
3.2257
3.0969
3.0062
3.0034
3.1682
3.291
3.2943
3.0567
3.043
3.2656
3.2787
3.2767
3.1363
3.0981
3.1824
3.3194
3.1778
3.1855
3.2045
3.2242
3.3194
3.3034
3.3117
3.243
3.1024
3.1758
3.134
3.0977
3.2799
3.2078
3.2507
3.2991
3.2407
3.0993
3.1349
3.1277
3.2159
3.2586
3.4419
3.1836
3.189
3.2602
3.4343
3.3901
3.2005
3.0286
3.0826
3.2402
3.2817
3.1515
3.1226
3.1702
3.3478
3.2349
3.2778
3.2819
3.3254
3.3943
3.5381
3.4122
3.3065
3.3234
3.2705
3.2912
3.3491
3.3543
3.4104
3.4263
3.3815
3.4484
3.3571
3.331
3.3307
3.3401
3.3012
3.5107
3.6317
3.37
