13.944
11.169
7.7343
5.6154
4.2724
3.6676
3.3679
3.355
3.6462
3.8968
4.034
4.2323
4.5801
5.0217
5.152
5.0061
4.823
4.9937
5.0686
4.9059
5.1388
5.4296
5.3683
5.2794
5.5479
5.5619
5.5189
5.2213
5.2458
5.5063
5.7984
5.6581
5.4143
5.5028
5.6756
6.0207
6.0223
5.9018
6.0627
6.1404
6.2311
6.2072
6.0416
6.0134
6.0841
6.275
6.3928
6.5529
6.4145
6.6921
6.5085
6.3847
6.4288
6.3551
6.4276
6.592
6.7927
6.7054
6.6184
6.4865
6.3493
6.2466
6.5962
6.3852
6.3075
6.2483
6.5031
6.914
6.8937
6.6826
6.5493
6.6389
6.9074
6.6891
6.5188
6.4515
6.6416
6.5077
6.5557
6.485
6.45
6.374
6.6657
6.8044
6.7151
6.8108
6.7031
6.6235
6.5085
6.5265
6.6047
6.5775
6.5721
6.6764
6.7457
6.7012
6.6175
6.6313
6.3815
6.4316
6.9765
