5.8757
1.4748
1.9871
2.6249
3.4199
4.063
4.5207
4.6593
4.4017
4.0017
3.9181
4.112
4.1949
4.1014
3.9453
3.8997
4.1029
4.1611
4.0886
4.2299
4.1759
3.9077
3.7705
3.8191
3.6792
3.5404
3.5213
3.7081
3.884
3.9098
3.597
3.5159
3.7369
3.7696
3.772
3.6075
3.5272
3.6007
3.7485
3.5935
3.5848
3.5982
3.6264
3.7381
3.741
3.7554
3.6683
3.499
3.5621
3.5113
3.4657
3.6646
3.5904
3.6433
3.7033
3.6378
3.4728
3.4952
3.4848
3.5815
3.6378
3.8479
3.586
3.5705
3.6502
3.864
3.841
3.6195
3.3948
3.4381
3.6163
3.661
3.5064
3.4569
3.5042
3.6851
3.5561
3.5731
3.5643
3.6011
3.6657
3.8056
3.6649
3.5352
3.5414
3.4881
3.508
3.5719
3.5797
3.6364
3.649
3.598
3.6637
3.5716
3.5434
3.5469
3.5645
3.532
3.7495
3.8819
3.6127
