11.415
1.3881
1.9294
2.5843
3.3855
4.0322
4.4981
4.6588
4.4542
4.1476
4.1593
4.3146
4.15
3.8263
3.6319
3.6239
3.8282
3.8534
3.8112
3.976
3.9994
3.8759
3.8368
3.9421
3.8538
3.7431
3.7416
3.9341
4.1122
4.1363
3.8297
3.766
4.027
4.0992
4.112
3.9286
3.8173
3.8777
4.0226
3.8555
3.8465
3.8709
3.9093
4.0354
4.0576
4.084
3.994
3.8107
3.8615
3.7969
3.7326
3.9278
3.8552
3.9214
3.9992
3.946
3.7774
3.7867
3.7618
3.8489
3.9071
4.1355
3.8936
3.8872
3.9803
4.226
4.2474
4.0645
3.8196
3.8276
3.9942
4.0393
3.8762
3.8035
3.8388
4.0256
3.9026
3.914
3.9057
3.9468
4.0236
4.1928
4.0909
3.9744
3.9765
3.915
3.9073
3.9578
3.9584
4.021
4.0487
4.0058
4.0929
4.0183
3.9875
3.977
3.9861
3.9522
4.1875
4.3987
4.2451
