6.2984
1.6055
2.1086
2.7591
3.5753
4.2437
4.7235
4.8881
4.659
4.2569
4.1547
4.3732
4.5664
4.7935
5.4131
5.9294
5.6726
4.8814
4.3994
4.4636
4.5739
4.589
4.6391
4.7998
4.6762
4.468
4.4325
4.6197
4.8101
4.8352
4.5205
4.456
4.7229
4.7912
4.79
4.609
4.509
4.5901
4.7732
4.5959
4.5698
4.5907
4.6168
4.7373
4.7572
4.7756
4.6714
4.4784
4.5385
4.4912
4.4128
4.6483
4.5887
4.6468
4.7154
4.644
4.4591
4.4543
4.4363
4.5462
4.6317
4.8622
4.5942
4.5462
4.638
4.8902
4.8713
4.6273
4.335
4.3341
4.5331
4.6219
4.4626
4.346
4.3761
4.6037
4.5187
4.5403
4.5721
4.6764
4.7809
4.9605
4.8452
4.6858
4.6724
4.6216
4.6157
4.691
4.7056
4.7891
4.8322
4.7769
4.8687
4.7768
4.7189
4.6926
4.6997
4.668
4.8989
5.1022
4.8479
