9.2892
1.3533
1.8942
2.538
3.3282
3.9583
4.3978
4.5124
4.2392
3.8434
3.7659
3.9392
3.9742
3.8732
3.8114
3.8731
4.1374
4.2237
4.1178
4.0792
3.9746
3.8748
3.9294
4.1501
4.1614
4.072
4.0666
4.31
4.5859
4.6397
4.3401
4.2857
4.5567
4.6267
4.6266
4.447
4.3525
4.4385
4.6256
4.4531
4.4319
4.4529
4.4807
4.6034
4.619
4.6319
4.5243
4.3311
4.3922
4.3521
4.2968
4.5158
4.4419
4.502
4.5766
4.5077
4.3267
4.3383
4.3296
4.4293
4.4964
4.7246
4.4606
4.4135
4.5033
4.7512
4.7319
4.486
4.211
4.2438
4.4535
4.5154
4.3497
4.2823
4.3431
4.5547
4.435
4.4283
4.4219
4.4666
4.5417
4.6937
4.5522
4.3934
4.3845
4.3371
4.3479
4.4252
4.439
4.5078
4.5288
4.4638
4.5355
4.4378
4.4004
4.3974
4.4177
4.3945
4.6156
4.7814
4.5131
