16.33
14.838
9.4995
6.624
4.9624
4.2304
3.9029
3.9566
4.3892
4.7436
4.7695
4.6661
4.6953
5.0156
5.3941
5.6964
5.7945
5.9393
5.7595
5.3795
5.4073
5.5331
5.4105
5.3402
5.5734
5.4989
5.3899
5.0553
5.0418
5.2323
5.4108
5.2152
4.9523
4.9819
5.0611
5.2982
5.2276
5.0447
5.1275
5.1559
5.2414
5.2186
5.0438
4.9875
4.9964
5.1142
5.1812
5.3234
5.1802
5.4467
5.2768
5.1392
5.1811
5.0903
5.1293
5.2806
5.4937
5.4351
5.3688
5.242
5.0941
4.9446
5.2607
5.0747
4.9962
4.8682
5.0429
5.4285
5.4482
5.2836
5.1567
5.2299
5.5096
5.3443
5.2037
5.123
5.2903
5.1691
5.224
5.1446
5.088
4.9646
5.2055
5.3461
5.2734
5.3765
5.3049
5.2485
5.1487
5.1578
5.2089
5.1707
5.1426
5.2297
5.3107
5.2826
5.2055
5.2214
4.9508
4.9249
5.4049
