6.825
9.657
7.1353
5.3052
4.0959
3.5901
3.4092
3.5429
3.9291
4.0948
3.9408
3.6745
3.5016
3.6667
4.1115
4.5405
4.8429
5.3125
5.4334
5.1202
5.1181
5.2058
5.0767
5.0265
5.3979
5.4909
5.4483
5.1049
5.0717
5.2879
5.5634
5.42
5.167
5.2382
5.3806
5.6706
5.5949
5.36
5.4104
5.4456
5.5416
5.5324
5.3731
5.3432
5.4131
5.6087
5.7301
5.8875
5.7279
5.969
5.7587
5.5899
5.6301
5.5644
5.6478
5.848
6.0906
6.012
5.8959
5.72
5.5541
5.4346
5.828
5.7007
5.6593
5.5888
5.8596
6.3065
6.3072
6.0802
5.9004
5.9591
6.2558
6.0979
5.9622
5.905
6.1002
5.9829
6.0432
5.9758
5.9368
5.8431
6.1104
6.2398
6.1473
6.2392
6.1424
6.0744
5.9694
5.9877
6.0571
6.0259
6.0111
6.1044
6.1719
6.1284
6.045
6.0589
5.8004
5.8169
6.3169
