8.7557
1.6668
2.1857
2.8716
3.7352
4.4971
5.1922
6.0914
7.1504
6.2741
4.9528
4.1285
3.7063
3.6254
3.7562
3.9271
4.1389
4.0282
3.8306
3.9582
4.0589
4.0741
4.1481
4.3369
4.2528
4.05
3.989
4.183
4.4229
4.5368
4.2614
4.1965
4.5381
4.7343
4.7773
4.5459
4.3946
4.4528
4.6416
4.4852
4.4715
4.4926
4.5214
4.6491
4.6704
4.6836
4.5663
4.3589
4.4116
4.3707
4.321
4.5454
4.4797
4.5454
4.6225
4.5498
4.3582
4.3593
4.3466
4.4506
4.5268
4.7668
4.5096
4.4535
4.5302
4.7665
4.7397
4.5012
4.2372
4.2758
4.4917
4.562
4.4002
4.3279
4.3851
4.601
4.4873
4.4786
4.4661
4.5079
4.5844
4.74
4.5932
4.4254
4.4121
4.3654
4.3794
4.4599
4.4781
4.5515
4.575
4.5058
4.5672
4.4623
4.4246
4.4238
4.4467
4.4272
4.6494
4.8079
4.5359
