9.0906
1.4071
1.976
2.6394
3.433
4.0193
4.3214
4.1962
3.6669
3.2281
3.2293
3.4586
3.6007
3.6098
3.5113
3.3877
3.3969
3.2623
3.161
3.2652
3.2343
3.1652
3.2131
3.3267
3.2101
3.1079
3.0931
3.2572
3.3939
3.4117
3.164
3.14
3.3679
3.3863
3.3787
3.2092
3.1277
3.1868
3.315
3.17
3.1713
3.1722
3.161
3.232
3.1935
3.171
3.0926
2.9557
3.0201
2.9752
2.9458
3.1039
3.0339
3.0756
3.1188
3.0669
2.938
2.9723
2.9606
3.0359
3.0716
3.2451
3.004
3.018
3.0729
3.2169
3.1485
2.9696
2.8299
2.8809
3.0073
3.0248
2.9112
2.9076
2.9366
3.0665
2.9354
2.9783
2.9701
2.988
3.0273
3.1347
2.9972
2.9266
2.9604
2.9084
2.9403
2.9845
2.9808
3.0197
3.0221
2.9823
3.0359
2.9519
2.957
2.9723
2.9743
2.9341
3.1144
3.1866
2.9582
