10.906
9.9574
7.0432
5.2032
3.9855
3.442
3.1879
3.2299
3.6018
3.9168
3.9543
3.8703
3.9601
4.4506
4.9371
5.0908
5.0742
5.3547
5.4782
5.3165
5.5615
6.009
6.1537
6.1589
6.3662
6.2356
6.1188
5.8177
5.8698
6.1254
6.3331
6.1299
5.8832
5.9688
6.1043
6.3659
6.2619
6.0426
6.1203
6.1387
6.2096
6.1765
6.0055
5.9737
6.0311
6.2006
6.2802
6.3898
6.2015
6.4244
6.1988
6.0549
6.1075
6.0517
6.1396
6.3175
6.5181
6.417
6.307
6.1599
6.0231
5.9279
6.2971
6.1101
6.0354
5.9551
6.1777
6.5519
6.4947
6.2543
6.0954
6.1751
6.4601
6.2664
6.1085
6.0467
6.245
6.1297
6.1889
6.1202
6.085
6.0062
6.2948
6.4251
6.3162
6.3882
6.2709
6.1883
6.0795
6.1063
6.1915
6.1747
6.1721
6.2701
6.3291
6.2695
6.1747
6.1865
5.9364
5.9767
6.4909
