7.5061
1.4755
2.0148
2.6764
3.4892
4.133
4.5536
4.6023
4.2367
3.7987
3.7363
3.9453
4.0365
3.9579
3.8565
3.8896
4.1523
4.1936
3.956
3.8817
3.7314
3.4559
3.2587
3.2461
3.1665
3.1747
3.2416
3.445
3.5923
3.5995
3.3413
3.3116
3.5468
3.5876
3.601
3.4519
3.3874
3.4612
3.6083
3.4692
3.4715
3.4916
3.5169
3.623
3.6217
3.6318
3.5485
3.3868
3.4491
3.4066
3.3737
3.5656
3.4984
3.5515
3.6101
3.5506
3.3944
3.4177
3.4092
3.5014
3.5553
3.7582
3.5066
3.4951
3.566
3.7604
3.7283
3.515
3.3003
3.3389
3.507
3.5518
3.415
3.3826
3.4321
3.6087
3.4835
3.5016
3.4896
3.5208
3.5805
3.7135
3.5719
3.4478
3.453
3.4009
3.4279
3.4932
3.5039
3.5601
3.5712
3.5194
3.5792
3.4872
3.4654
3.4706
3.4866
3.4571
3.6673
3.7893
3.5297
