14.979
11.17
7.5325
5.4693
4.1772
3.619
3.3908
3.5125
4.01
4.3992
4.3608
4.1244
3.9449
3.9588
3.9165
3.7786
3.7219
4.2292
4.8335
4.9797
5.1078
5.0562
4.6768
4.3461
4.4523
4.4196
4.2777
3.8726
3.7614
3.8966
4.1021
3.9157
3.6256
3.6418
3.7475
4.0118
3.9447
3.7303
3.7592
3.8083
3.9021
3.8742
3.7066
3.6443
3.6606
3.8001
3.9044
4.0681
3.9064
4.134
3.957
3.7906
3.8368
3.7522
3.7902
3.9593
4.1887
4.1211
4.0373
3.8946
3.7377
3.5875
3.9318
3.7854
3.692
3.5396
3.7366
4.1752
4.2421
4.0485
3.8652
3.917
4.2091
4.0518
3.8838
3.7734
3.9477
3.8573
3.9077
3.8215
3.7607
3.6469
3.9138
4.094
4.0247
4.1024
4.0134
3.9264
3.8163
3.8186
3.8773
3.8658
3.8408
3.9395
4.021
3.9844
3.8938
3.8967
3.6309
3.5912
4.1013
