15.515
12.515
8.395
5.9977
4.572
4
3.8316
4.0491
4.5715
4.8897
4.9174
4.9869
5.2527
5.5792
5.5357
5.2683
5.0355
5.1889
5.2122
4.9711
5.0238
5.1017
4.935
4.8504
5.157
5.2106
5.1922
4.9079
4.9159
5.1235
5.3418
5.1856
4.9607
5.0315
5.1367
5.3745
5.2878
5.0916
5.1696
5.1962
5.2798
5.254
5.0765
5.0206
5.0328
5.1549
5.2241
5.3638
5.2159
5.4768
5.2963
5.152
5.1967
5.1137
5.1608
5.3156
5.5247
5.457
5.3801
5.2472
5.1019
4.9642
5.294
5.1133
5.0353
4.9084
5.0845
5.4678
5.4794
5.3037
5.1636
5.2336
5.5228
5.3652
5.225
5.1445
5.3149
5.1976
5.2561
5.1797
5.1262
5.0069
5.2509
5.3906
5.3158
5.4167
5.3406
5.2804
5.1789
5.1895
5.2436
5.2079
5.183
5.2719
5.3511
5.3199
5.2412
5.2562
4.9877
4.9683
5.4512
