11.468
11.684
7.8413
5.6327
4.2841
3.7068
3.4689
3.564
3.9808
4.2703
4.2449
4.1135
4.1051
4.2966
4.3489
4.2224
4.0967
4.3951
4.6813
4.6637
4.8315
4.9358
4.7478
4.6178
4.8838
4.9277
4.8886
4.5593
4.4965
4.6315
4.8237
4.6599
4.3962
4.4124
4.4823
4.7168
4.6554
4.4589
4.511
4.5369
4.6324
4.6158
4.4303
4.3469
4.3231
4.4177
4.4942
4.6699
4.552
4.8361
4.6947
4.5425
4.5827
4.4855
4.5074
4.6591
4.895
4.8596
4.8018
4.6667
4.5043
4.3244
4.6317
4.4721
4.3891
4.2139
4.3399
4.7379
4.8232
4.6975
4.5624
4.6178
4.917
4.7952
4.6638
4.5622
4.715
4.6033
4.6604
4.5735
4.5009
4.3496
4.5687
4.7309
4.6845
4.801
4.7507
4.6983
4.5969
4.5944
4.6306
4.5895
4.5519
4.637
4.7352
4.7233
4.6478
4.6614
4.3741
4.3019
4.7704
