6.7073
10.957
7.7391
5.6102
4.2827
3.723
3.5098
3.6341
4.0593
4.316
4.2472
4.0739
4.0327
4.2205
4.2743
4.0992
3.8753
4.0359
4.4374
5.3298
6.5779
7.1915
6.9101
6.5121
6.4322
6.0589
5.7452
5.3258
5.3469
5.6615
5.9268
5.7034
5.4167
5.4762
5.5875
5.8209
5.665
5.4089
5.4594
5.4823
5.519
5.454
5.2799
5.2461
5.3175
5.4911
5.5643
5.6468
5.4117
5.594
5.3505
5.2084
5.2774
5.2245
5.3116
5.487
5.6684
5.5337
5.4158
5.275
5.1594
5.0952
5.4912
5.2837
5.1832
5.1159
5.4002
5.8055
5.7234
5.4215
5.2367
5.3359
5.625
5.4036
5.2235
5.1703
5.4015
5.2944
5.3428
5.2733
5.247
5.1935
5.5057
5.6273
5.4862
5.5308
5.3911
5.2992
5.2032
5.2454
5.3503
5.3459
5.3381
5.4384
5.4781
5.401
5.3047
5.3184
5.088
5.1551
5.7021
