9.2885
10.835
7.6294
5.5699
4.2357
3.6143
3.281
3.2357
3.5546
3.9124
3.9912
3.8713
3.8201
3.9976
4.1087
4.0601
4.015
4.4456
4.9552
4.9949
5.0722
5.0448
4.7601
4.5807
4.8595
4.96
4.9787
4.7248
4.8344
5.2671
5.7399
5.7071
5.4948
5.5461
5.6281
5.85
5.7446
5.5272
5.5819
5.5725
5.6093
5.5329
5.3035
5.1976
5.1681
5.2563
5.3007
5.4261
5.2673
5.5259
5.3548
5.2113
5.2529
5.1598
5.1935
5.3416
5.5589
5.5041
5.4419
5.3139
5.1633
5.0073
5.3222
5.1307
5.0413
4.8988
5.0589
5.442
5.4727
5.3144
5.1889
5.2663
5.558
5.4029
5.2631
5.1789
5.3487
5.2287
5.2819
5.1984
5.1356
5.0039
5.2386
5.379
5.3069
5.4132
5.3466
5.2919
5.1938
5.2037
5.2561
5.2176
5.1853
5.2698
5.3525
5.3268
5.2497
5.2671
4.9916
4.9549
5.4336
