16.686
12.083
8.363
6.005
4.5497
3.9081
3.6157
3.6485
3.9919
4.2198
4.1377
3.9206
3.7969
3.8669
3.8319
3.6002
3.3911
4.0064
5.0926
5.5184
5.6811
5.586
5.1868
4.9092
5.144
5.2057
5.1421
4.7381
4.5971
4.6833
4.8915
4.7199
4.3813
4.3054
4.285
4.512
4.406
4.1419
4.1276
4.1244
4.1626
4.0897
3.8836
3.7864
3.7742
3.8896
3.9775
4.1313
3.9578
4.1789
3.9958
3.8104
3.8494
3.7628
3.7965
3.9658
4.2048
4.1428
4.0531
3.8928
3.7192
3.559
3.9123
3.7813
3.6898
3.5258
3.7067
4.1452
4.223
4.0249
3.8219
3.8596
4.1683
4.0387
3.8739
3.7521
3.9276
3.8489
3.9065
3.8206
3.7538
3.6288
3.887
4.072
4.0093
4.093
4.0099
3.9206
3.8082
3.8098
3.8681
3.8567
3.8282
3.9265
4.0144
3.984
3.8943
3.8982
3.625
3.5677
4.0747
