7.0682
1.572
2.0629
2.7195
3.5373
4.2044
4.6793
4.8224
4.5408
4.0927
3.975
4.1617
4.2835
4.1864
3.8569
3.6267
3.672
3.589
3.4673
3.5842
3.5868
3.4308
3.2773
3.2538
3.1238
3.0775
3.1009
3.2652
3.3709
3.348
3.0963
3.0771
3.3
3.3165
3.3082
3.1546
3.0997
3.1736
3.3062
3.1707
3.1764
3.1983
3.2162
3.3044
3.2795
3.2713
3.1955
3.0606
3.1328
3.0978
3.071
3.2474
3.1815
3.2207
3.2641
3.207
3.0665
3.0952
3.0885
3.1719
3.2144
3.3939
3.1494
3.1509
3.2174
3.3734
3.3174
3.1339
2.9769
3.0328
3.1865
3.2229
3.0926
3.0666
3.1074
3.2626
3.134
3.1586
3.1463
3.1707
3.2213
3.342
3.1957
3.0949
3.1182
3.0732
3.1054
3.1624
3.17
3.218
3.222
3.1753
3.2277
3.1363
3.1258
3.1378
3.1534
3.1213
3.3172
3.4033
3.1448
