8.6868
12.482
8.3233
5.949
4.5206
3.9086
3.6555
3.7411
4.1354
4.398
4.3783
4.2946
4.3281
4.527
4.5677
4.508
4.5136
4.8222
4.9684
4.9249
5.3372
5.7644
5.7261
5.625
5.8454
5.7768
5.6703
5.332
5.3257
5.5571
5.7962
5.6175
5.365
5.4377
5.5641
5.8283
5.748
5.5588
5.6613
5.7043
5.7847
5.7541
5.5829
5.543
5.5823
5.7331
5.8163
5.9561
5.8084
6.0812
5.8992
5.7636
5.8141
5.743
5.8067
5.9625
6.1609
6.0811
5.9953
5.8599
5.7243
5.6142
5.9554
5.7531
5.6733
5.5831
5.7974
6.1786
6.1574
5.9558
5.8109
5.8951
6.1821
5.9969
5.8369
5.7657
5.9555
5.8366
5.8937
5.8228
5.7808
5.6843
5.9483
6.0756
5.9831
6.0776
5.9838
5.9138
5.8095
5.8297
5.8996
5.8677
5.8495
5.9405
6.0063
5.9623
5.881
5.897
5.6402
5.6546
6.1486
