6.6893
10.36
7.6543
5.639
4.3194
3.7382
3.4831
3.5478
3.9219
4.1734
4.1245
3.9766
3.96
4.1377
4.1702
4.0279
3.9049
4.2258
4.6231
4.6581
4.7917
4.8259
4.5506
4.2627
4.3119
4.2312
4.1347
3.7583
3.6587
3.8217
4.0822
3.935
3.6573
3.682
3.7936
4.0709
4.0174
3.8026
3.8313
3.8872
3.9812
3.9534
3.7764
3.6993
3.7043
3.8364
3.9457
4.1217
3.9624
4.1963
4.0281
3.8479
3.8919
3.8006
3.83
4.0027
4.2509
4.1936
4.1141
3.9635
3.7967
3.6305
3.9775
3.833
3.73
3.5587
3.743
4.2041
4.3016
4.1067
3.9082
3.9512
4.2553
4.111
3.9372
3.8132
3.988
3.8998
3.9489
3.858
3.7897
3.6643
3.9291
4.125
4.0656
4.1503
4.0669
3.976
3.861
3.8574
3.9126
3.9
3.87
3.9715
4.0664
4.0367
3.9434
3.9467
3.6665
3.6055
4.1273
