13.641
12.507
8.3287
5.9429
4.5067
3.8878
3.6221
3.6832
4.0462
4.2895
4.2419
4.0917
4.1186
4.5514
4.9909
5.1401
5.1976
5.6249
5.8897
5.8674
6.1098
6.2693
6.0741
5.9506
6.1861
6.1356
6.0694
5.7863
5.8348
6.0786
6.278
6.0934
5.873
5.9607
6.0813
6.3183
6.2076
6.0022
6.0853
6.0906
6.1558
6.1155
5.9444
5.9115
5.952
6.0978
6.1555
6.2572
6.0847
6.3192
6.1049
5.9815
6.0297
5.9674
6.0408
6.1913
6.3691
6.2772
6.1849
6.0616
5.9366
5.8423
6.1755
5.9745
5.9045
5.8269
6.0357
6.3897
6.3359
6.1304
6.0038
6.0934
6.3661
6.1718
6.0268
5.9745
6.1585
6.0356
6.0938
6.0267
5.9895
5.8994
6.1584
6.2704
6.1695
6.2544
6.155
6.093
5.9943
6.021
6.0936
6.0616
6.0495
6.1359
6.1907
6.1421
6.0636
6.0802
5.8382
5.8695
6.3473
