3.7493
8.7713
6.8786
5.1732
3.9829
3.4441
3.1784
3.1729
3.4388
3.6393
3.6022
3.4439
3.3603
3.4407
3.4866
3.7085
4.47
5.4734
5.7231
5.385
5.3289
5.362
5.178
5.0764
5.4
5.4256
5.3406
4.9946
4.9785
5.2007
5.4496
5.2709
5.0008
5.0669
5.1999
5.4752
5.3913
5.1671
5.2339
5.2836
5.3722
5.3415
5.1546
5.0964
5.1299
5.2874
5.3915
5.5422
5.365
5.6059
5.4129
5.2227
5.256
5.171
5.2276
5.4076
5.6433
5.5697
5.4781
5.3118
5.1378
4.9945
5.3715
5.2003
5.1055
4.9791
5.2112
5.6706
5.7084
5.4959
5.3057
5.346
5.6428
5.4837
5.3104
5.1979
5.3787
5.2882
5.3791
5.3464
5.353
5.2987
5.6176
5.8138
5.7618
5.8748
5.7921
5.7204
5.6121
5.6281
5.7041
5.6918
5.695
5.8191
5.9243
5.9009
5.8269
5.863
5.6388
5.7037
6.2664
