3.4282
1.521
2.0327
2.6821
3.4852
4.1175
4.5246
4.5691
4.2302
3.8467
3.8256
4.0422
4.0855
3.9532
3.8134
3.7753
3.9388
3.9618
3.9505
4.0102
3.7699
3.5115
3.4732
3.5837
3.4984
3.4251
3.4459
3.6435
3.8128
3.8452
3.5852
3.5588
3.8123
3.8578
3.8677
3.7129
3.6427
3.7276
3.8896
3.7356
3.731
3.7469
3.7767
3.897
3.9218
3.9643
3.8936
3.7223
3.7791
3.7104
3.6419
3.8379
3.7577
3.822
3.8993
3.8404
3.6645
3.6707
3.6413
3.729
3.7862
4.0179
3.772
3.7638
3.8474
4.0816
4.0818
3.8713
3.6223
3.6377
3.8007
3.837
3.6754
3.616
3.6542
3.8342
3.705
3.7259
3.7208
3.7612
3.8321
3.9892
3.8686
3.7468
3.7492
3.6819
3.6804
3.7321
3.7311
3.7889
3.8101
3.7658
3.8444
3.7568
3.7238
3.7192
3.7272
3.688
3.9124
4.0679
3.8195
