6.9129
1.2381
1.8095
2.4669
3.2523
3.8554
4.2352
4.2518
3.8785
3.367
3.2178
3.362
3.4719
3.5196
3.5702
3.6384
3.7962
3.5505
3.1362
3.0403
2.9735
2.9341
3.013
3.1407
3.0499
2.9812
2.9799
3.1498
3.2929
3.3239
3.0973
3.0903
3.3223
3.3439
3.3464
3.2041
3.1625
3.2454
3.3842
3.2408
3.2482
3.2674
3.2884
3.3847
3.3721
3.3848
3.3177
3.176
3.2501
3.2042
3.1653
3.3414
3.2617
3.3079
3.3614
3.3055
3.164
3.1998
3.1867
3.2686
3.3063
3.4935
3.2392
3.2516
3.3253
3.5059
3.4629
3.2722
3.097
3.1497
3.3015
3.3253
3.1849
3.1602
3.2025
3.3619
3.2271
3.2561
3.2463
3.2756
3.3293
3.4549
3.3141
3.2147
3.2381
3.1869
3.2137
3.2679
3.2679
3.3136
3.3196
3.2729
3.3346
3.2464
3.235
3.2469
3.2576
3.2193
3.4212
3.5244
3.2697
