3.2087
1.362
1.8913
2.5333
3.2174
3.8573
4.2916
4.311
3.9545
3.6565
3.6326
3.7671
3.921
4.0194
4.0455
4.0266
4.0035
3.9978
4.0116
3.9339
3.7549
3.5156
3.3539
3.2935
3.2659
3.2579
3.2801
3.3272
3.3822
3.436
3.4723
3.4944
3.5157
3.5361
3.5514
3.5595
3.5622
3.563
3.5647
3.5678
3.5715
3.5749
3.5778
3.5806
3.5838
3.5876
3.5883
3.5869
3.5868
3.5878
3.5892
3.5903
3.5911
3.5917
3.5923
3.593
3.5939
3.5947
3.5954
3.5957
3.5958
3.5959
3.596
3.5962
3.5963
3.5965
3.5966
3.5968
3.5969
3.597
3.5971
3.5973
3.5974
3.5975
3.5977
3.5978
3.5979
3.598
3.5981
3.5982
3.5983
3.5983
3.5983
3.5983
3.598
3.5975
3.5981
3.6002
3.6026
3.6042
3.6048
3.605
3.6051
3.6052
3.6054
3.6056
3.6056
3.6057
3.6057
3.6057
3.6057
