11.481
11.187
7.736
5.738
4.4812
3.7145
3.3432
3.3698
3.7148
3.9969
3.9759
3.7973
3.635
3.5608
3.5571
3.5435
3.4547
3.2868
3.0555
2.7123
2.1036
1.9365
2.331
2.9309
3.2954
3.422
3.4811
3.5713
3.7028
3.8221
3.8958
3.9474
3.9978
4.0355
4.046
4.0351
4.0228
4.0224
4.0339
4.0473
4.0545
4.0575
4.0622
4.0645
4.0641
4.0632
4.0633
4.0644
4.0663
4.0686
4.071
4.0734
4.0763
4.0799
4.0847
4.0907
4.0983
4.106
4.1109
4.1124
4.1118
4.1103
4.1079
4.105
4.1024
4.1013
4.1022
4.1045
4.107
4.1093
4.1112
4.1132
4.1154
4.1179
4.1206
4.1237
4.1271
4.1308
4.135
4.1399
4.1457
4.1526
4.1614
4.1729
4.189
4.2089
4.2277
4.244
4.2592
4.2715
4.2792
4.2837
4.2867
4.289
4.2907
4.2916
4.2919
4.2915
4.2904
4.2887
4.2858
