3.871
9.0644
6.8838
5.2563
4.1643
3.4804
3.1517
3.2078
3.5853
3.8843
3.8702
3.7077
3.574
3.5437
3.6085
3.7025
3.7615
3.7736
3.7659
3.7677
3.7903
3.8285
3.8862
4.0078
4.1975
4.3679
4.466
4.5444
4.8109
5.3597
5.8555
6.0439
5.9831
5.8205
5.6618
5.5468
5.4721
5.4211
5.3817
5.3502
5.3269
5.3122
5.3048
5.3023
5.3028
5.3052
5.3091
5.3144
5.3212
5.3297
5.3403
5.3534
5.3697
5.3906
5.4125
5.4269
5.4335
5.4357
5.4367
5.4377
5.4389
5.4401
5.441
5.4415
5.4415
5.4412
5.4407
5.44
5.4393
5.4385
5.4378
5.437
5.4363
5.4356
5.4348
5.4341
5.4334
5.4326
5.4318
5.4311
5.4302
5.4293
5.4283
5.4272
5.4258
5.4234
5.4186
5.413
5.4091
5.4074
5.4073
5.4075
5.4076
5.4074
5.4071
5.407
5.4069
5.4069
5.4069
5.4069
5.4069
