11.902
1.2281
1.7772
2.4162
3.0969
3.7374
4.1854
4.2457
3.9407
3.6623
3.6377
3.7729
3.9187
3.9759
3.9261
3.8469
3.8258
3.8775
3.962
4.0374
4.0986
4.1968
4.0872
3.6488
3.3094
3.2066
3.2454
3.3184
3.3635
3.3698
3.3574
3.3453
3.3374
3.3305
3.323
3.3166
3.3132
3.3128
3.3135
3.3137
3.313
3.3119
3.311
3.3107
3.3107
3.3109
3.3111
3.3112
3.3113
3.3115
3.3117
3.3119
3.3122
3.3125
3.3128
3.3134
3.3141
3.3148
3.3156
3.3165
3.3173
3.3178
3.3177
3.3174
3.3168
3.3162
3.3155
3.3149
3.3144
3.3139
3.3134
3.313
3.3126
3.3123
3.312
3.3118
3.3116
3.3114
3.3113
3.3112
3.3112
3.3112
3.3112
3.3112
3.3113
3.3114
3.3116
3.3118
3.3121
3.3127
3.3135
3.3142
3.3145
3.3144
3.3142
3.3141
3.314
3.3141
3.3141
3.3142
3.3142
