8.027
1.6283
2.0565
2.6755
3.3667
4.0535
4.5985
4.7848
4.5171
4.1557
4.0664
4.2362
4.6018
4.9521
4.994
4.6524
4.3708
4.2987
4.3551
4.431
4.469
4.466
4.4463
4.4361
4.4601
4.5296
4.6246
4.7156
4.7655
4.7668
4.7596
4.7591
4.7619
4.7601
4.7508
4.7388
4.7305
4.728
4.7292
4.7312
4.7321
4.7321
4.7318
4.7317
4.7322
4.7333
4.7348
4.7366
4.7387
4.7414
4.7446
4.7486
4.7534
4.7524
4.7492
4.7481
4.7495
4.7526
4.7573
4.7634
4.7705
4.7779
4.7852
4.7922
4.7984
4.8038
4.8083
4.8122
4.8156
4.8186
4.8212
4.8234
4.8252
4.8267
4.828
4.8291
4.83
4.8308
4.8315
4.832
4.8325
4.8329
4.8332
4.8335
4.8338
4.834
4.8341
4.8343
4.8343
4.8344
4.8344
4.8344
4.8343
4.8343
4.8343
4.8344
4.8346
4.8348
4.8349
4.835
4.8351
