1.6109
9.4773
7.2697
5.5258
4.3641
3.6476
3.3112
3.358
3.6752
3.8865
3.8201
3.6306
3.4716
3.4059
3.4202
3.4472
3.4248
3.3439
3.2257
3.0718
2.8319
2.3116
1.9068
2.1134
2.838
3.3993
3.5385
3.489
3.4286
3.4136
3.4375
3.4739
3.5136
3.5579
3.6055
3.6496
3.6836
3.7059
3.7198
3.73
3.7399
3.7503
3.7604
3.7696
3.778
3.7859
3.7935
3.8009
3.8082
3.8156
3.823
3.8307
3.8388
3.8477
3.8573
3.8675
3.8782
3.8873
3.8903
3.8875
3.8816
3.875
3.8688
3.8633
3.8585
3.8542
3.8504
3.847
3.8441
3.8417
3.8397
3.8382
3.837
3.8361
3.8354
3.8349
3.8345
3.8342
3.8339
3.8338
3.8336
3.8336
3.8335
3.8335
3.8335
3.8335
3.8335
3.8336
3.8336
3.8336
3.8337
3.834
3.8346
3.8353
3.8359
3.8363
3.8366
3.8368
3.837
3.8372
3.8374
