9.45
1.3714
1.8561
2.4686
3.14
3.7867
4.2591
4.3564
4.0712
3.7834
3.7435
3.868
4.0049
4.0453
3.9588
3.8424
3.8018
3.8507
3.9419
4.0279
4.0941
4.1871
4.3423
4.2461
3.9051
3.6815
3.6374
3.65
3.6342
3.6012
3.5845
3.5963
3.6248
3.6508
3.6633
3.6632
3.6581
3.6546
3.6546
3.657
3.6596
3.6611
3.6612
3.6602
3.6588
3.6572
3.6556
3.6539
3.6521
3.6502
3.6481
3.6459
3.6433
3.6403
3.6368
3.6328
3.6277
3.6205
3.6156
3.6146
3.6157
3.6175
3.6197
3.6219
3.6235
3.6245
3.6251
3.6254
3.6257
3.626
3.6261
3.6262
3.6263
3.6263
3.6263
3.6263
3.6263
3.6263
3.6263
3.6263
3.6263
3.6263
3.6263
3.6263
3.6263
3.6263
3.6263
3.6263
3.6262
3.6261
3.626
3.6259
3.6258
3.6257
3.6257
3.6257
3.6257
3.6257
3.6258
3.6257
3.6257
