8.4247
11.106
8.0297
5.989
4.7175
3.9939
3.7331
3.9065
4.2944
4.4987
4.4725
4.3651
4.2158
4.0422
3.8745
3.7377
3.6358
3.6998
3.9837
4.6748
5.1448
5.2453
5.2231
5.1986
5.1986
5.2079
5.1933
5.1319
5.037
4.9499
4.9043
4.9097
4.9569
5.0325
5.1295
5.2544
5.4285
5.6012
5.7048
5.7467
5.7612
5.772
5.786
5.8009
5.8138
5.8235
5.8306
5.836
5.8405
5.8443
5.8474
5.8499
5.8519
5.8534
5.8546
5.8556
5.8564
5.8571
5.8577
5.8581
5.8585
5.8588
5.8591
5.8593
5.8595
5.8597
5.8598
5.8599
5.86
5.86
5.86
5.8601
5.8601
5.8601
5.8601
5.8601
5.8601
5.8601
5.8601
5.8601
5.8601
5.8601
5.8601
5.8601
5.8601
5.8601
5.8601
5.8601
5.8601
5.8601
5.8601
5.86
5.86
5.8601
5.8601
5.8602
5.8602
5.8603
5.8603
5.8603
5.8604
