10.443
1.4452
1.9666
2.6099
3.3098
3.9993
4.543
4.717
4.414
4.016
3.9003
4.0063
4.1578
4.2322
4.194
4.1011
4.0359
4.0245
4.0412
4.0509
4.0314
3.9823
3.9218
3.8731
3.8442
3.8227
3.7885
3.6756
3.4606
3.2776
3.1855
3.1204
3.1071
3.1559
3.2196
3.2696
3.2933
3.293
3.2818
3.2717
3.267
3.2663
3.2667
3.267
3.2672
3.2674
3.2681
3.27
3.2753
3.2749
3.252
3.2346
3.2282
3.2272
3.2266
3.224
3.2191
3.2126
3.2088
3.209
3.2119
3.2158
3.2205
3.2251
3.2289
3.2315
3.2333
3.2345
3.2354
3.2361
3.2366
3.2369
3.2371
3.2371
3.237
3.2369
3.2367
3.2364
3.236
3.2356
3.235
3.2343
3.2335
3.2323
3.2306
3.2284
3.2269
3.2268
3.2273
3.2277
3.2283
3.2289
3.2293
3.2294
3.2294
3.2294
3.2293
3.2293
3.2293
3.2292
3.2292
