0.94849
10.03
7.5589
5.7037
4.5
3.7836
3.4897
3.6293
4.0531
4.3192
4.2697
4.1047
4.0025
4.0287
4.1553
4.3099
4.4689
4.6255
4.7036
4.7028
4.6923
4.7206
4.7927
4.8913
5.0031
5.1335
5.3197
5.6062
6.0084
6.452
6.6988
6.6826
6.5231
6.34
6.2019
6.122
6.0815
6.0563
6.033
6.0101
5.9906
5.9771
5.9693
5.9653
5.9634
5.9629
5.9638
5.9663
5.9704
5.9732
5.9724
5.9689
5.9652
5.9636
5.9637
5.9629
5.9602
5.9571
5.9548
5.9536
5.9532
5.9531
5.9528
5.9523
5.9516
5.9507
5.9498
5.9489
5.948
5.9472
5.9465
5.9457
5.945
5.9443
5.9436
5.9429
5.9421
5.9413
5.9404
5.9395
5.9384
5.9372
5.9357
5.9339
5.9317
5.9281
5.9222
5.916
5.9119
5.9104
5.9104
5.9108
5.9109
5.9107
5.9105
5.9103
5.9102
5.9101
5.9101
5.91
5.91
