9.6016
1.3358
1.893
2.5492
3.2464
3.9102
4.3893
4.4574
4.0845
3.7103
3.6321
3.7462
3.8824
3.9349
3.8869
3.8011
3.7466
3.7388
3.7502
3.7492
3.7231
3.6736
3.5763
3.4295
3.2776
3.2041
3.2285
3.2562
3.1579
3.0303
2.9791
2.9964
3.033
3.0573
3.0628
3.0585
3.0542
3.0534
3.055
3.0565
3.057
3.0567
3.0564
3.0562
3.0563
3.0563
3.0562
3.056
3.0558
3.0556
3.0555
3.0554
3.0552
3.0551
3.0549
3.0547
3.0546
3.0544
3.0542
3.054
3.0538
3.0537
3.0535
3.0533
3.0531
3.0529
3.0527
3.0524
3.0521
3.0518
3.0515
3.0511
3.0507
3.0503
3.0498
3.0493
3.0488
3.0482
3.0475
3.0467
3.0458
3.0447
3.0434
3.0419
3.04
3.0375
3.0341
3.0261
3.0158
3.0095
3.0085
3.0097
3.0106
3.0105
3.0099
3.0094
3.0091
3.009
3.0089
3.0088
3.0087
