4.3345
1.3425
1.8275
2.4437
3.1159
3.7592
4.2223
4.3052
4.0101
3.7212
3.6805
3.8003
3.9285
3.953
3.8388
3.6977
3.642
3.6786
3.7504
3.8021
3.8087
3.7767
3.7171
3.5824
3.408
3.3199
3.3262
3.2966
3.1769
3.0512
2.9834
2.9808
3.016
3.0546
3.0766
3.0802
3.0737
3.0659
3.0613
3.06
3.0603
3.0605
3.0597
3.0579
3.0557
3.0534
3.0512
3.0491
3.047
3.045
3.0429
3.0409
3.0388
3.0365
3.0334
3.0297
3.0227
3.0115
3.0033
3.0007
2.9984
2.9973
2.9984
3.0007
3.0026
3.0039
3.0046
3.0049
3.0051
3.0051
3.0052
3.0051
3.0051
3.005
3.0049
3.0048
3.0047
3.0046
3.0045
3.0045
3.0044
3.0044
3.0044
3.0044
3.0044
3.0045
3.0046
3.0048
3.0049
3.0049
3.0049
3.0049
3.0048
3.0048
3.0047
3.0047
3.0047
3.0048
3.0048
3.0048
3.0048
