12.418
11.192
7.5398
5.543
4.3342
3.611
3.2772
3.3424
3.7125
3.9801
3.9338
3.744
3.5825
3.5153
3.5244
3.538
3.494
3.3833
3.2211
2.9893
2.5385
1.699
1.166
1.3779
1.8859
2.112
2.0542
1.9286
1.8677
1.8812
1.9075
1.9054
1.8799
1.8514
1.8312
1.8184
1.8073
1.7953
1.7841
1.776
1.7717
1.7701
1.7694
1.7686
1.7678
1.7673
1.7674
1.768
1.7688
1.7698
1.7708
1.7718
1.7728
1.7738
1.7748
1.7758
1.7769
1.778
1.7793
1.7806
1.7818
1.7829
1.7837
1.784
1.7837
1.783
1.7817
1.7802
1.7785
1.7767
1.7748
1.773
1.7713
1.7697
1.7682
1.7668
1.7656
1.7646
1.7637
1.7629
1.7624
1.7619
1.7617
1.7617
1.7619
1.7624
1.7634
1.7651
1.7666
1.7659
1.7626
1.7583
1.755
1.7535
1.7532
1.7534
1.7535
1.7535
1.7536
1.7537
1.7538
