9.7387
1.4262
1.9101
2.5327
3.2128
3.8703
4.3562
4.4574
4.1462
3.8246
3.7755
3.9129
4.0788
4.1661
4.1481
4.095
4.0949
4.1689
4.2828
4.3923
4.4722
4.5243
4.5676
4.6115
4.7002
5.0214
5.779
6.3841
6.5115
6.2048
5.703
5.3158
5.144
5.1002
5.0859
5.0499
4.9869
4.9151
4.8532
4.8092
4.7812
4.7629
4.7487
4.7358
4.7238
4.7128
4.7033
4.695
4.6878
4.6814
4.6756
4.6713
4.6695
4.6686
4.6668
4.6639
4.6503
4.6213
4.5954
4.5811
4.5687
4.5606
4.5596
4.563
4.5672
4.5704
4.5724
4.5736
4.5743
4.5748
4.5751
4.5753
4.5753
4.5752
4.5751
4.5749
4.5748
4.5746
4.5745
4.5744
4.5743
4.5742
4.5742
4.5742
4.5742
4.5743
4.5745
4.5749
4.5754
4.5757
4.5757
4.5757
4.5756
4.5755
4.5754
4.5753
4.5752
4.5752
4.5752
4.5752
4.5752
