3.4153
11.862
8.6344
6.3636
4.9575
4.1573
3.8455
3.9746
4.3261
4.4842
4.3517
4.128
3.9733
3.9398
3.9919
4.0442
4.0361
3.9674
3.8615
3.7436
3.6379
3.5558
3.4911
3.4282
3.3549
3.2652
3.1486
2.9662
2.5723
1.7711
1.6076
3.0321
4.4503
4.9591
4.9904
4.9144
4.8952
4.9562
5.0569
5.1563
5.2427
5.3212
5.377
5.4089
5.4279
5.4426
5.4571
5.4726
5.4909
5.516
5.5323
5.5206
5.4938
5.4706
5.458
5.4529
5.4504
5.448
5.4454
5.4435
5.4426
5.4428
5.4434
5.444
5.4443
5.4444
5.4442
5.4439
5.4434
5.4429
5.4424
5.4419
5.4414
5.4409
5.4404
5.4398
5.4391
5.4385
5.4378
5.437
5.4362
5.4352
5.4342
5.4332
5.432
5.4297
5.4249
5.4186
5.4127
5.4077
5.4035
5.4001
5.3977
5.3961
5.3949
5.3939
5.3931
5.3924
5.3918
5.3914
5.3911
