8.5918
1.3271
1.8006
2.4065
3.0718
3.7102
4.1732
4.2726
4.0174
3.7658
3.7418
3.8687
4.0386
4.1929
4.304
4.3687
4.3989
4.3881
4.2565
4.01
3.8177
3.7806
3.8534
3.9831
4.1824
4.4868
4.6315
4.4597
4.2992
4.2435
4.2528
4.2775
4.2959
4.3059
4.3116
4.3157
4.3187
4.3205
4.3213
4.3215
4.3215
4.3213
4.3215
4.3223
4.3233
4.3239
4.3242
4.3243
4.3242
4.3243
4.3243
4.3244
4.3245
4.3246
4.3247
4.3248
4.3248
4.3249
4.3249
4.325
4.325
4.3251
4.3251
4.3252
4.3252
4.3253
4.3254
4.3254
4.3255
4.3255
4.3256
4.3256
4.3257
4.3257
4.3258
4.3258
4.3259
4.326
4.326
4.3261
4.3262
4.3264
4.3265
4.3267
4.3269
4.3271
4.3274
4.3278
4.3284
4.3293
4.3305
4.3315
4.3318
4.3317
4.3314
4.3312
4.3312
4.3313
4.3314
4.3315
4.3315
