10.921
13.004
8.677
6.293
4.8863
4.0958
3.7936
3.9417
4.3248
4.505
4.3793
4.1569
4.0034
3.9747
4.0333
4.0792
4.0479
3.9679
3.9079
3.9428
4.3408
5.0607
5.6675
5.8833
5.7909
5.6128
5.4905
5.4541
5.475
5.5334
5.5962
5.646
5.6871
5.7242
5.7577
5.7865
5.8102
5.8302
5.848
5.8633
5.8753
5.8847
5.8927
5.8997
5.9058
5.9114
5.9166
5.9213
5.9254
5.9288
5.9316
5.934
5.9359
5.9376
5.939
5.9401
5.9412
5.9425
5.944
5.9455
5.947
5.9484
5.9492
5.9487
5.948
5.9488
5.9519
5.9563
5.9606
5.9642
5.967
5.9694
5.9717
5.9739
5.9761
5.978
5.9798
5.9814
5.9829
5.9844
5.9857
5.9869
5.9881
5.9892
5.9902
5.9912
5.9922
5.9931
5.9941
5.9952
5.9962
5.9971
5.9978
5.9985
5.999
5.9995
5.9998
6.0001
6.0002
6.0002
5.9997
