6.4052
1.5821
2.0044
2.619
3.2999
3.9635
4.4587
4.5629
4.2347
3.8877
3.8211
3.949
4.1126
4.2089
4.2124
4.1782
4.2176
4.3511
4.416
4.1648
3.8811
3.7673
3.7727
3.8023
3.789
3.7711
3.7942
3.8461
3.8986
3.9353
3.9524
3.955
3.9509
3.9458
3.9426
3.9415
3.9414
3.9409
3.9388
3.9349
3.9281
3.9198
3.9145
3.9125
3.912
3.9115
3.9108
3.9098
3.9089
3.9081
3.9075
3.9069
3.9064
3.9059
3.9055
3.9051
3.9047
3.9043
3.9039
3.9035
3.9031
3.9026
3.9022
3.9018
3.9013
3.9009
3.9005
3.9
3.8996
3.8991
3.8987
3.8982
3.8976
3.8971
3.8964
3.8958
3.895
3.8942
3.8933
3.8922
3.891
3.8896
3.8879
3.8859
3.8832
3.8798
3.8751
3.8674
3.8567
3.8489
3.8467
3.8473
3.848
3.8476
3.8466
3.8458
3.8452
3.8449
3.8447
3.8445
3.8443
