7.9755
1.3759
1.852
2.4654
3.1451
3.8162
4.3401
4.5034
4.2235
3.8633
3.7633
3.8696
4.0203
4.1032
4.0883
4.0296
4.0012
4.0282
4.0909
4.178
4.3448
4.2638
3.9169
3.6419
3.5594
3.5895
3.6227
3.5975
3.5535
3.5476
3.5773
3.6081
3.6193
3.6208
3.6275
3.6428
3.6585
3.6668
3.6666
3.6621
3.6592
3.6599
3.6621
3.665
3.6687
3.6724
3.6752
3.6768
3.6774
3.6774
3.6768
3.6759
3.6745
3.6729
3.6708
3.6684
3.6657
3.6627
3.6591
3.6546
3.6485
3.639
3.6222
3.6065
3.5984
3.5956
3.594
3.5915
3.5885
3.5857
3.5835
3.5818
3.5804
3.5791
3.5779
3.5768
3.5757
3.5748
3.5739
3.573
3.5722
3.5714
3.5705
3.5696
3.5686
3.5674
3.5668
3.5673
3.568
3.5683
3.5685
3.5685
3.5678
3.5663
3.5638
3.5607
3.5567
3.5516
3.5447
3.532
3.5127
