3.3366
1.6138
2.0589
2.6874
3.38
4.0557
4.5637
4.6671
4.2976
3.8956
3.8025
3.9237
4.0833
4.1669
4.1441
4.0685
4.0148
4.0088
4.0227
4.0379
4.0935
4.2605
4.706
5.2636
5.0454
4.5451
4.2575
4.226
4.3008
4.3762
4.4225
4.4432
4.4455
4.4361
4.4223
4.4105
4.404
4.402
4.4022
4.4024
4.402
4.4014
4.4013
4.402
4.4027
4.4031
4.403
4.4027
4.4024
4.4023
4.4022
4.4021
4.4021
4.402
4.4018
4.4017
4.4016
4.4015
4.4014
4.4013
4.4012
4.4011
4.401
4.4009
4.4008
4.4007
4.4007
4.4006
4.4006
4.4005
4.4005
4.4005
4.4005
4.4005
4.4006
4.4007
4.4009
4.4012
4.4017
4.4023
4.4032
4.4046
4.4067
4.41
4.4155
4.4255
4.444
4.4452
4.4072
4.3756
4.3649
4.3661
4.3693
4.3705
4.3701
4.3693
4.3688
4.3685
4.3684
4.3683
4.3682
