11.345
1.3771
1.8251
2.4301
3.0992
3.7467
4.225
4.3361
4.0632
3.7763
3.7398
3.8798
4.0456
4.1325
4.1151
4.0509
4.015
4.032
4.0921
4.1816
4.2782
4.3613
4.4271
4.4885
4.5626
4.6595
4.7887
4.984
5.3859
6.513
7.3764
6.9969
6.248
5.6509
5.4149
5.4013
5.4424
5.4548
5.4298
5.3913
5.3595
5.3323
5.3057
5.2878
5.2781
5.2722
5.2676
5.2634
5.2608
5.2527
5.2239
5.2051
5.2048
5.213
5.2202
5.2235
5.2244
5.2247
5.2255
5.2267
5.2276
5.2279
5.2277
5.2272
5.2266
5.226
5.2255
5.2251
5.2249
5.2247
5.2246
5.2245
5.2244
5.2243
5.2242
5.2241
5.224
5.2239
5.2238
5.2236
5.2234
5.2231
5.2226
5.222
5.2208
5.2193
5.2191
5.2208
5.2233
5.2257
5.2278
5.2296
5.231
5.2318
5.2323
5.2326
5.2329
5.2331
5.2333
5.2335
5.2336
