1.1224
10.552
7.6588
5.7381
4.5142
3.7809
3.4623
3.5632
3.9544
4.2232
4.1919
4.0396
3.9443
3.9804
4.1352
4.366
4.7028
5.0974
5.3293
5.3787
5.3747
5.4046
5.4796
5.5749
5.6712
5.774
5.9228
6.1178
6.2783
6.3626
6.3441
6.2427
6.1138
6
5.9263
5.8931
5.8832
5.878
5.8683
5.8545
5.8411
5.8314
5.826
5.8238
5.8235
5.825
5.8285
5.8344
5.8428
5.8479
5.8471
5.8422
5.8366
5.8325
5.8298
5.8274
5.8245
5.8217
5.8196
5.8183
5.8176
5.8169
5.8162
5.8154
5.8145
5.8136
5.8128
5.8121
5.8114
5.8109
5.8103
5.8098
5.8093
5.8088
5.8083
5.8077
5.8071
5.8065
5.8057
5.8049
5.8039
5.8027
5.8013
5.7996
5.7974
5.7938
5.7876
5.7809
5.7763
5.7745
5.7745
5.7751
5.7757
5.7759
5.7761
5.7764
5.7766
5.7769
5.7772
5.7774
5.7776
