1.204
10.249
7.6221
5.7249
4.5024
3.7699
3.4526
3.5559
3.9451
4.1984
4.1463
3.9755
3.8584
3.8585
3.9467
4.0392
4.0781
4.0745
4.0734
4.1071
4.18
4.2849
4.4257
4.56
4.6087
4.5834
4.6006
4.8167
5.2441
5.5946
5.6993
5.6518
5.5823
5.55
5.5526
5.5641
5.5668
5.5598
5.5502
5.5435
5.5404
5.5392
5.5379
5.5362
5.5342
5.5324
5.531
5.5299
5.5289
5.528
5.5272
5.5264
5.5257
5.5251
5.5245
5.524
5.5235
5.5231
5.5228
5.5224
5.522
5.5215
5.521
5.5205
5.52
5.5196
5.5192
5.5189
5.5186
5.5184
5.5182
5.5181
5.518
5.5178
5.5177
5.5175
5.5174
5.5172
5.517
5.5168
5.5165
5.5162
5.5158
5.5153
5.5147
5.514
5.513
5.5117
5.5096
5.507
5.5045
5.5031
5.5029
5.5032
5.5034
5.5033
5.5029
5.5025
5.5023
5.5021
5.5021
