1.1762
10.713
7.8982
5.8952
4.6517
3.9563
3.7396
4.0005
4.501
4.7425
4.6334
4.4202
4.2873
4.2965
4.4241
4.6293
4.9487
5.2614
5.3141
5.1559
4.9671
4.845
4.7981
4.7914
4.7906
4.7821
4.7687
4.7552
4.7422
4.7305
4.7247
4.7257
4.7292
4.735
4.7465
4.7623
4.7759
4.7811
4.7767
4.7661
4.7543
4.7443
4.737
4.7314
4.7266
4.7219
4.7174
4.7131
4.709
4.7044
4.6983
4.6919
4.6872
4.6853
4.6855
4.6864
4.6869
4.6869
4.6866
4.6862
4.686
4.6859
4.6859
4.6859
4.686
4.6861
4.6862
4.6864
4.6866
4.6867
4.6869
4.687
4.6871
4.6872
4.6874
4.6875
4.6876
4.6877
4.6878
4.6879
4.688
4.6881
4.6883
4.6884
4.6885
4.6887
4.6889
4.6891
4.6896
4.6902
4.6906
4.6907
4.6905
4.6902
4.6899
4.6898
4.6897
4.6896
4.6896
4.6895
4.6894
