11.907
11.111
7.9364
5.9106
4.6213
3.8475
3.5011
3.5871
3.9939
4.2928
4.2643
4.0903
3.9586
3.9414
4.0154
4.1
4.1374
4.1402
4.1616
4.2566
4.513
5.0285
5.5263
5.7186
5.665
5.5535
5.4956
5.5089
5.5613
5.6293
5.7418
5.974
6.2495
6.4244
6.441
6.3743
6.3077
6.2737
6.2668
6.2702
6.2725
6.2727
6.2728
6.2722
6.2715
6.2717
6.2729
6.2747
6.2765
6.2779
6.279
6.2797
6.2803
6.2811
6.2818
6.2821
6.2815
6.2797
6.2769
6.2738
6.2715
6.2701
6.2688
6.266
6.2625
6.2604
6.2605
6.2621
6.2642
6.2662
6.268
6.2701
6.2725
6.2752
6.2783
6.2818
6.2856
6.29
6.2951
6.3012
6.3086
6.3179
6.3303
6.3477
6.3732
6.4
6.4197
6.4339
6.4467
6.454
6.4559
6.4556
6.4556
6.4562
6.457
6.4575
6.4576
6.4574
6.4569
6.4563
6.4542
