10.6
9.9027
7.1651
5.4195
4.3001
3.6392
3.3937
3.6053
4.1178
4.4164
4.3521
4.1721
4.0663
4.0944
4.216
4.3369
4.396
4.4067
4.4149
4.4526
4.5253
4.6258
4.7643
4.9747
5.1765
5.2313
5.1579
5.059
5.0194
5.0615
5.1003
5.0603
4.9747
4.9006
4.8648
4.8644
4.8827
4.9042
4.9215
4.9346
4.9459
4.9574
4.9694
4.981
4.9916
5.0012
5.0098
5.018
5.0261
5.0344
5.0431
5.0526
5.0634
5.0767
5.0911
5.1018
5.1084
5.112
5.1127
5.1115
5.1099
5.1088
5.1081
5.1077
5.1076
5.1074
5.1072
5.1069
5.1065
5.1062
5.1059
5.1056
5.1053
5.1051
5.105
5.1048
5.1047
5.1046
5.1045
5.1044
5.1044
5.1044
5.1043
5.1043
5.1043
5.1043
5.1043
5.1044
5.1047
5.1052
5.1055
5.1056
5.1054
5.1051
5.1048
5.1045
5.1043
5.1042
5.1041
5.104
5.1039
