11.648
11.383
8.0724
5.9868
4.689
3.9343
3.6263
3.7415
4.0967
4.2837
4.1858
3.9914
3.8596
3.8492
3.9239
3.9745
3.9314
3.8155
3.6811
3.5601
3.4439
3.2651
3.0014
3.2008
3.772
4.0833
4.0839
3.9985
3.9416
3.9127
3.8837
3.8465
3.8143
3.8009
3.8075
3.824
3.8392
3.8475
3.8499
3.8503
3.8518
3.8556
3.8611
3.8674
3.8738
3.8801
3.8864
3.8926
3.8988
3.9053
3.912
3.9192
3.9269
3.9353
3.9442
3.9533
3.9631
3.9704
3.9703
3.9637
3.9544
3.9449
3.936
3.9285
3.9224
3.9175
3.9135
3.91
3.907
3.9045
3.9024
3.9006
3.8992
3.898
3.897
3.8962
3.8955
3.8949
3.8944
3.894
3.8936
3.8933
3.8931
3.8929
3.8928
3.8927
3.8926
3.8926
3.8927
3.8928
3.8929
3.8932
3.8934
3.8936
3.8938
3.8938
3.8937
3.8937
3.8937
3.8937
3.8937
