12.51
1.3742
1.8542
2.471
3.1443
3.7879
4.2489
4.324
4.0096
3.6859
3.5578
3.5178
3.5177
3.5386
3.5606
3.5705
3.5664
3.547
3.4856
3.4046
3.3721
3.4188
3.512
3.6164
3.7381
3.87
3.8598
3.6835
3.5366
3.4794
3.4751
3.4834
3.4877
3.4878
3.4869
3.4866
3.4868
3.487
3.4872
3.4875
3.4875
3.4868
3.4858
3.4849
3.4843
3.4838
3.4834
3.483
3.4827
3.4824
3.4822
3.482
3.4819
3.4818
3.4817
3.4817
3.4816
3.4816
3.4815
3.4815
3.4815
3.4815
3.4815
3.4815
3.4815
3.4815
3.4815
3.4815
3.4815
3.4815
3.4815
3.4815
3.4815
3.4815
3.4815
3.4815
3.4815
3.4815
3.4814
3.4814
3.4814
3.4814
3.4814
3.4813
3.4813
3.4813
3.4813
3.4812
3.4812
3.4812
3.4812
3.4811
3.4808
3.4804
3.4801
3.4799
3.4798
3.4798
3.4798
3.4797
3.4797
