1.0962
8.8288
7.0291
5.3642
4.251
3.5759
3.2897
3.426
3.8722
4.1665
4.117
3.9328
3.7961
3.773
3.8444
3.9386
3.9936
4.0041
4.0017
4.0172
4.0618
4.137
4.2773
4.5919
5.0166
5.3378
5.4715
5.5343
5.7156
6.0339
6.267
6.3035
6.2257
6.1238
6.0445
5.9981
5.9742
5.9592
5.9461
5.9345
5.9262
5.9221
5.9215
5.9229
5.9252
5.9279
5.931
5.9347
5.9391
5.9446
5.9513
5.9596
5.9698
5.9827
5.9958
6.0029
6.0047
6.0042
6.0035
6.0034
6.0039
6.0047
6.0055
6.006
6.0064
6.0066
6.0066
6.0066
6.0066
6.0065
6.0064
6.0063
6.0061
6.0059
6.0057
6.0054
6.005
6.0046
6.0042
6.0036
6.003
6.0023
6.0014
6.0003
5.9988
5.9966
5.9933
5.99
5.988
5.9874
5.9875
5.9876
5.9874
5.987
5.9867
5.9864
5.9863
5.9863
5.9862
5.9862
5.9861
