10.632
1.531
2.0338
2.6816
3.3794
4.0532
4.557
4.6745
4.3785
4.1171
3.9917
3.813
3.6588
3.5783
3.5609
3.5637
3.5546
3.5135
3.4241
3.3073
3.2132
3.1882
3.2089
3.2431
3.2737
3.2997
3.3295
3.3675
3.4111
3.4504
3.4747
3.4813
3.4768
3.4695
3.4635
3.4588
3.4516
3.4366
3.4279
3.4303
3.4378
3.4443
3.4474
3.448
3.4477
3.4477
3.4479
3.4483
3.4488
3.4491
3.4492
3.4493
3.4492
3.4491
3.4491
3.4491
3.4492
3.4492
3.4492
3.4492
3.4493
3.4493
3.4494
3.4494
3.4495
3.4495
3.4495
3.4496
3.4496
3.4496
3.4496
3.4496
3.4496
3.4495
3.4495
3.4495
3.4495
3.4495
3.4494
3.4494
3.4494
3.4493
3.4493
3.4493
3.4493
3.4492
3.4492
3.4492
3.4491
3.4491
3.449
3.449
3.449
3.4491
3.4491
3.4491
3.4492
3.4492
3.4492
3.4492
3.4492
