6.8931
1.5158
2.0394
2.6853
3.3858
4.07
4.5931
4.7191
4.3636
3.959
3.8619
3.9829
4.1441
4.229
4.2075
4.1366
4.0948
4.1107
4.1729
4.263
4.3608
4.454
4.5461
4.6512
4.7903
5.0297
5.5496
6.7651
7.9083
8.3359
8.0456
7.6363
7.3602
7.2465
7.2337
7.2531
7.2661
7.2659
7.2614
7.2608
7.2658
7.2734
7.2806
7.2861
7.2905
7.2946
7.2991
7.3042
7.3099
7.3163
7.3238
7.3339
7.3481
7.3646
7.3629
7.3544
7.3482
7.3461
7.3465
7.3476
7.3484
7.3485
7.348
7.3473
7.3466
7.346
7.3454
7.3449
7.3446
7.3444
7.3442
7.344
7.3438
7.3437
7.3436
7.3435
7.3434
7.3433
7.3431
7.343
7.3429
7.3427
7.3424
7.342
7.3413
7.34
7.3394
7.3407
7.3432
7.3451
7.3459
7.3458
7.3455
7.3453
7.3454
7.3456
7.3457
7.3458
7.3458
7.3458
7.3458
