6.398
1.6775
2.0645
2.6612
3.3394
4.0201
4.5664
4.7688
4.539
4.2232
4.1624
4.3222
4.5714
4.8329
5.1073
5.5239
6.5227
7.4604
8.1241
8.1048
7.7494
7.4808
7.3778
7.3676
7.3692
7.3593
7.3559
7.361
7.372
7.3875
7.3985
7.4001
7.3954
7.3899
7.3874
7.3886
7.3924
7.3974
7.4027
7.4081
7.4084
7.4013
7.3952
7.3928
7.393
7.3938
7.3942
7.3942
7.3939
7.3937
7.3936
7.3935
7.3934
7.3934
7.3933
7.3932
7.3932
7.3931
7.3931
7.3931
7.3931
7.393
7.3929
7.3927
7.3926
7.3924
7.3923
7.3922
7.392
7.3919
7.3918
7.3916
7.3915
7.3913
7.3912
7.391
7.3908
7.3906
7.3904
7.3901
7.3898
7.3894
7.389
7.3885
7.3878
7.3868
7.3855
7.3835
7.3805
7.3779
7.3775
7.3789
7.3802
7.3807
7.3804
7.3799
7.3796
7.3795
7.3796
7.3796
7.3796
