5.6247
1.667
2.0877
2.7013
3.3894
4.0721
4.605
4.7531
4.4098
3.9792
3.8439
3.9362
4.0767
4.1443
4.108
4.0322
3.9304
3.6696
3.4446
3.3827
3.4134
3.4491
3.4533
3.4329
3.4077
3.3878
3.3723
3.3556
3.3349
3.3121
3.2062
3.013
2.9071
2.906
2.9477
2.9873
3.0055
3.0037
2.9929
2.9826
2.9758
2.9697
2.9626
2.9571
2.9529
2.9489
2.9445
2.9393
2.9328
2.925
2.9183
2.9165
2.9189
2.9219
2.9232
2.9231
2.9225
2.9221
2.9219
2.9217
2.9216
2.9214
2.9212
2.9211
2.9211
2.9211
2.9211
2.9212
2.9212
2.9213
2.9213
2.9213
2.9213
2.9213
2.9213
2.9213
2.9213
2.9213
2.9213
2.9213
2.9213
2.9213
2.9213
2.9212
2.9212
2.9212
2.9212
2.9212
2.9211
2.9208
2.9205
2.9203
2.9203
2.9203
2.9203
2.9203
2.9203
2.9204
2.9204
2.9204
2.9204
