4.3046
1.3723
1.856
2.4791
3.1589
3.8139
4.2988
4.415
4.1441
3.8549
3.807
3.9255
4.0909
4.2369
4.3431
4.4381
4.6339
4.994
5.1148
4.7673
4.377
4.1754
4.1165
4.1131
4.1031
4.0679
3.9981
3.9016
3.8313
3.8004
3.7895
3.7826
3.7757
3.7705
3.7681
3.768
3.7687
3.7691
3.7687
3.7677
3.766
3.7641
3.7641
3.7661
3.7688
3.771
3.7725
3.7733
3.7739
3.7744
3.7749
3.7753
3.7756
3.7759
3.7761
3.7763
3.7764
3.7765
3.7766
3.7767
3.7767
3.7768
3.7768
3.7768
3.7769
3.777
3.7771
3.7772
3.7773
3.7774
3.7775
3.7776
3.7777
3.7778
3.7779
3.778
3.7781
3.7783
3.7784
3.7785
3.7787
3.7789
3.779
3.7793
3.7795
3.7798
3.7802
3.7806
3.7812
3.7823
3.784
3.7856
3.7865
3.7867
3.7865
3.7865
3.7866
3.7867
3.7869
3.787
3.7871
