10.837
11.396
8.0444
5.9971
4.7111
3.9628
3.6664
3.8034
4.1867
4.4021
4.3351
4.1826
4.1193
4.2319
4.4742
4.6687
4.7112
4.6545
4.5988
4.6044
4.6852
4.8457
5.1633
5.6095
5.9036
5.933
5.8416
5.777
5.7659
5.7623
5.7359
5.6925
5.6536
5.634
5.6334
5.6416
5.6485
5.6502
5.6479
5.6446
5.6428
5.6428
5.6443
5.6464
5.6486
5.6508
5.653
5.6552
5.6576
5.6601
5.663
5.6661
5.6697
5.6737
5.6781
5.6828
5.6886
5.6937
5.6946
5.6922
5.6894
5.6867
5.6844
5.6829
5.6824
5.6827
5.6833
5.6839
5.6844
5.6849
5.6854
5.6859
5.6863
5.6866
5.687
5.6872
5.6874
5.6876
5.6877
5.6879
5.688
5.6881
5.6882
5.6882
5.6883
5.6884
5.6885
5.6886
5.6888
5.689
5.6892
5.6894
5.6896
5.6897
5.6896
5.6895
5.6894
5.6894
5.6893
5.6893
5.6893
