11.355
1.3762
1.8592
2.475
3.1518
3.8126
4.3149
4.4537
4.1855
3.8765
3.8176
3.9439
4.1031
4.1898
4.1778
4.1223
4.0955
4.1213
4.1786
4.2363
4.2791
4.3123
4.3519
4.4139
4.5234
4.8032
5.5025
6.3078
6.3301
5.85
5.4715
5.3702
5.427
5.5104
5.5521
5.5527
5.5374
5.5257
5.5224
5.5235
5.5244
5.5235
5.5215
5.5195
5.518
5.517
5.516
5.5151
5.5143
5.5136
5.5129
5.5124
5.5119
5.5115
5.5112
5.5108
5.5106
5.5103
5.5102
5.51
5.5099
5.5097
5.5097
5.5096
5.5095
5.5094
5.5093
5.5093
5.5092
5.5091
5.5091
5.5091
5.509
5.509
5.509
5.509
5.509
5.509
5.5089
5.5089
5.5088
5.5086
5.5085
5.5082
5.5077
5.507
5.5059
5.5038
5.5016
5.5022
5.5064
5.5121
5.5168
5.5197
5.5213
5.5225
5.5236
5.5247
5.5257
5.5264
5.5269
