14.734
11.002
7.6378
5.6764
4.4764
3.7888
3.5412
3.7386
4.1821
4.4032
4.2964
4.0817
3.9166
3.8496
3.8615
3.899
3.9183
3.9165
3.9241
3.9838
4.0997
4.2422
4.4028
4.6736
5.0069
5.2323
5.2713
5.2011
5.1284
5.0949
5.068
5.0192
4.9626
4.9191
4.8976
4.8948
4.9014
4.9089
4.9134
4.9155
4.9169
4.9187
4.921
4.9232
4.9252
4.9271
4.9291
4.9303
4.9301
4.9293
4.9285
4.9277
4.9271
4.9264
4.9254
4.9237
4.9213
4.919
4.9174
4.9164
4.9159
4.9156
4.9153
4.915
4.9145
4.9141
4.9137
4.9133
4.9129
4.9125
4.9122
4.9118
4.9114
4.911
4.9105
4.91
4.9095
4.9089
4.9083
4.9076
4.9068
4.9059
4.9047
4.9033
4.9016
4.8988
4.8946
4.89
4.8864
4.8843
4.8833
4.8828
4.8823
4.8818
4.8814
4.8812
4.8811
4.881
4.881
4.881
4.8809
