2.6358
1.389
1.883
2.5136
3.1949
3.8438
4.3063
4.3693
4.0267
3.6892
3.6204
3.7305
3.8625
3.9121
3.8578
3.7591
3.5952
3.2983
3.097
3.0786
3.148
3.2136
3.2395
3.2351
3.2237
3.2184
3.2189
3.2194
3.2246
3.24
3.2594
3.273
3.2771
3.2733
3.262
3.2447
3.2264
3.2129
3.2067
3.2064
3.2089
3.2114
3.2127
3.2128
3.2124
3.212
3.2115
3.2109
3.21
3.2089
3.209
3.2106
3.2121
3.2125
3.2117
3.2104
3.2092
3.2085
3.2081
3.2079
3.2077
3.2075
3.2074
3.2073
3.2072
3.2072
3.2071
3.207
3.2069
3.2069
3.2069
3.2068
3.2068
3.2068
3.2068
3.2068
3.2068
3.2068
3.2068
3.2068
3.2068
3.2068
3.2068
3.2069
3.2069
3.2069
3.2071
3.2074
3.2074
3.2071
3.2065
3.2059
3.2056
3.2054
3.2054
3.2053
3.2052
3.2051
3.205
3.2049
3.2049
