9.6997
1.4371
1.9132
2.5448
3.2269
3.8668
4.3011
4.3154
3.9402
3.6035
3.4828
3.4446
3.418
3.3947
3.3748
3.3595
3.352
3.3512
3.3449
3.336
3.3422
3.3808
3.4596
3.4868
3.3519
3.1688
3.0796
3.0849
3.1343
3.1812
3.2071
3.2164
3.219
3.2198
3.2196
3.2186
3.2177
3.2177
3.2189
3.2209
3.2229
3.2243
3.2253
3.2262
3.2271
3.228
3.2288
3.2294
3.23
3.2305
3.2308
3.2311
3.2313
3.2315
3.2317
3.232
3.2323
3.2326
3.2327
3.2327
3.2325
3.2323
3.2319
3.2315
3.2311
3.2307
3.2303
3.2299
3.2296
3.2292
3.2289
3.2286
3.2283
3.2281
3.2279
3.2277
3.2275
3.2274
3.2273
3.2272
3.2271
3.227
3.2269
3.2268
3.2267
3.2266
3.2266
3.2265
3.2263
3.2262
3.226
3.2259
3.2258
3.2257
3.2257
3.2257
3.2258
3.2258
3.2257
3.2257
3.2257
