4.4596
1.2395
1.766
2.3916
3.0712
3.732
4.2339
4.3719
4.0962
3.7718
3.6988
3.8124
3.9568
4.0255
3.9956
3.9249
3.884
3.891
3.919
3.9347
3.9237
3.8856
3.8409
3.8619
3.9756
4.1536
4.3612
4.5925
4.9006
5.5011
6.765
7.404
7.5898
7.2588
6.8669
6.671
6.6386
6.6652
6.6894
6.6972
6.696
6.6943
6.6949
6.697
6.6997
6.7019
6.7034
6.7041
6.7044
6.7047
6.7051
6.706
6.7079
6.7101
6.7115
6.7117
6.7112
6.7108
6.7112
6.7127
6.7149
6.717
6.7186
6.7199
6.7213
6.7227
6.7238
6.7244
6.725
6.7258
6.7269
6.7282
6.7298
6.7315
6.7334
6.7357
6.7384
6.7417
6.7459
6.7514
6.7587
6.7691
6.7848
6.811
6.8341
6.8271
6.815
6.8129
6.8052
6.791
6.7826
6.7803
6.7808
6.7814
6.7815
6.7813
6.7811
6.781
6.781
6.781
6.7811
