11.793
1.2296
1.7592
2.3872
3.0638
3.7084
4.1722
4.258
3.9689
3.6884
3.6609
3.8022
3.9641
4.0443
4.0172
3.9541
3.95
4.0305
4.1761
4.4405
4.5399
4.2448
3.7992
3.5011
3.4359
3.5021
3.5907
3.6469
3.6716
3.6726
3.6495
3.627
3.6091
3.5933
3.5787
3.5658
3.5555
3.5474
3.5405
3.5342
3.5292
3.5256
3.5227
3.5202
3.5182
3.5164
3.5146
3.513
3.5115
3.5102
3.5091
3.5083
3.5076
3.507
3.5066
3.5064
3.5062
3.506
3.5057
3.5054
3.505
3.5046
3.5042
3.5043
3.5053
3.5063
3.5062
3.5051
3.5035
3.5021
3.501
3.5002
3.4995
3.4988
3.4982
3.4975
3.4969
3.4964
3.4959
3.4954
3.495
3.4946
3.4943
3.4939
3.4936
3.4933
3.493
3.4928
3.4925
3.4922
3.4918
3.4915
3.4912
3.491
3.4908
3.4907
3.4906
3.4906
3.4906
3.4907
3.4908
