10.551
1.2398
1.7734
2.4113
3.0924
3.7336
4.1834
4.2472
3.9459
3.6693
3.6454
3.7811
3.9275
3.9865
3.9419
3.8686
3.849
3.8961
3.9704
4.028
4.0529
4.0651
3.8928
3.4338
3.0877
2.9823
3.0188
3.0882
3.1306
3.1368
3.1261
3.116
3.1105
3.1062
3.1013
3.0969
3.0946
3.0946
3.0955
3.0961
3.0959
3.0952
3.0946
3.0944
3.0944
3.0945
3.0945
3.0945
3.0945
3.0945
3.0946
3.0947
3.0947
3.0948
3.095
3.0953
3.0957
3.0962
3.0971
3.0985
3.1001
3.1016
3.1026
3.1033
3.1039
3.1043
3.1046
3.1049
3.1051
3.1054
3.1055
3.1057
3.1058
3.1059
3.1059
3.106
3.1061
3.1062
3.1062
3.1063
3.1064
3.1065
3.1066
3.1067
3.1068
3.1069
3.1071
3.1073
3.1077
3.1082
3.1088
3.1094
3.1097
3.1096
3.1095
3.1095
3.1095
3.1096
3.1097
3.1098
3.1098
