7.2598
10.838
7.8022
5.7951
4.519
3.743
3.3689
3.3968
3.745
4.0288
4.0064
3.8261
3.6642
3.5921
3.5927
3.5897
3.5203
3.3807
3.1896
2.9158
2.3685
2.2487
2.689
3.2448
3.5372
3.6176
3.655
3.7333
3.8551
3.9762
4.0736
4.1833
4.3132
4.4235
4.4967
4.54
4.5795
4.6338
4.7053
4.7841
4.8595
4.9294
4.9909
5.0386
5.0738
5.1002
5.1207
5.1368
5.1495
5.1593
5.1666
5.1721
5.1762
5.1798
5.1829
5.1854
5.1871
5.187
5.1841
5.1791
5.1737
5.1688
5.1643
5.1594
5.1544
5.151
5.1501
5.1511
5.153
5.155
5.1571
5.1594
5.1622
5.1655
5.1693
5.1736
5.1784
5.1838
5.1901
5.1974
5.2061
5.2168
5.2304
5.2486
5.2743
5.305
5.3332
5.3576
5.3799
5.3968
5.4072
5.4132
5.4173
5.4204
5.4227
5.424
5.4242
5.4236
5.422
5.4194
5.415
