10.339
11.1
7.7879
5.7687
4.5188
3.7796
3.4572
3.5409
3.8837
4.0862
4.0009
3.8033
3.6507
3.6012
3.6299
3.6576
3.6219
3.5234
3.3932
3.243
3.0421
2.663
2.3103
2.7684
3.5703
4.0117
4.0553
3.9709
3.9142
3.9154
3.9453
3.9767
4.0048
4.0337
4.0638
4.0903
4.1087
4.1188
4.1239
4.1277
4.1323
4.1379
4.1434
4.1484
4.153
4.1574
4.1617
4.166
4.1703
4.1745
4.1789
4.1834
4.1882
4.193
4.1975
4.2008
4.2027
4.2013
4.193
4.1786
4.1609
4.1424
4.1246
4.1078
4.0924
4.0784
4.0658
4.0546
4.0449
4.0367
4.0298
4.0241
4.0193
4.0155
4.0123
4.0096
4.0075
4.0058
4.0043
4.0031
4.0022
4.0014
4.0008
4.0002
3.9998
3.9995
3.9992
3.9989
3.9986
3.9984
3.9982
3.9983
3.9988
3.9994
4
4.0003
4.0006
4.0007
4.0009
4.001
4.0012
