7.1294
9.7049
7.1681
5.4613
4.3343
3.6499
3.3613
3.492
3.9094
4.174
4.1184
3.9362
3.7978
3.7657
3.8208
3.8931
3.9127
3.9696
4.1871
4.7876
5.1737
5.1925
5.0698
4.9473
4.839
4.7166
4.5887
4.4928
4.4507
4.4577
4.493
4.5336
4.5657
4.5856
4.596
4.6013
4.6055
4.6112
4.6196
4.6307
4.6465
4.6583
4.6613
4.659
4.6559
4.6539
4.6532
4.653
4.6529
4.6528
4.6526
4.6525
4.6525
4.6526
4.6528
4.653
4.6533
4.6536
4.6541
4.6547
4.6555
4.6565
4.6576
4.6588
4.6599
4.661
4.662
4.663
4.664
4.665
4.6659
4.6668
4.6677
4.6685
4.6694
4.6703
4.6712
4.6722
4.6732
4.6744
4.6757
4.6771
4.6788
4.6809
4.6835
4.6869
4.6918
4.6988
4.7067
4.7111
4.7116
4.7115
4.7127
4.715
4.7172
4.7187
4.7195
4.7199
4.7202
4.7205
4.7208
