10.23
1.6678
2.1036
2.7332
3.4301
4.1171
4.6482
4.7822
4.4172
3.9837
3.862
3.9685
4.1205
4.1978
4.167
4.081
4.0142
3.989
3.9713
3.9322
3.8889
3.8675
3.8171
3.7047
3.4807
3.2992
3.2463
3.2859
3.3427
3.3798
3.4011
3.4153
3.4231
3.424
3.4203
3.416
3.4139
3.414
3.4148
3.4151
3.4145
3.4136
3.4135
3.4144
3.4156
3.4167
3.4176
3.4183
3.4191
3.4199
3.4208
3.4218
3.4227
3.4237
3.4246
3.4255
3.4265
3.4275
3.4285
3.4295
3.4305
3.4316
3.4327
3.4338
3.4351
3.4364
3.4377
3.4392
3.4407
3.4423
3.4441
3.4459
3.4479
3.4501
3.4525
3.4551
3.4581
3.4614
3.4652
3.4696
3.4749
3.4813
3.4892
3.4996
3.5138
3.5348
3.5676
3.5913
3.5868
3.5796
3.5809
3.587
3.5931
3.5971
3.5994
3.6009
3.6021
3.6033
3.6042
3.605
3.6055
