16
11.343
7.8468
5.8278
4.5975
3.9108
3.6992
3.9668
4.4687
4.6904
4.5576
4.3298
4.1845
4.1695
4.2383
4.3015
4.3091
4.2685
4.1894
4.0926
4.0102
3.9594
3.9358
3.9256
3.9184
3.9142
3.93
4.0134
4.2605
4.7474
5.2811
5.5313
5.5156
5.3906
5.2725
5.2027
5.1743
5.1642
5.155
5.1417
5.1276
5.117
5.1116
5.1107
5.113
5.1178
5.125
5.1352
5.1492
5.1675
5.1867
5.2011
5.2119
5.2237
5.237
5.2469
5.2516
5.2532
5.2539
5.2553
5.2578
5.2609
5.2643
5.2675
5.2702
5.2724
5.274
5.2751
5.2758
5.2762
5.2764
5.2765
5.2765
5.2764
5.2763
5.2761
5.276
5.2758
5.2756
5.2754
5.2752
5.275
5.2747
5.2744
5.2741
5.2735
5.2726
5.2719
5.2724
5.2739
5.2759
5.2776
5.2787
5.2793
5.2796
5.2798
5.2799
5.2801
5.2803
5.2804
5.2804
