12.484
1.4354
1.9705
2.6351
3.3339
3.9842
4.4187
4.4005
3.9525
3.5573
3.4132
3.3661
3.3501
3.3576
3.3809
3.4018
3.4071
3.3916
3.3539
3.2642
3.1511
3.0718
3.0445
3.0677
3.113
3.1578
3.1964
3.2271
3.2466
3.2515
3.2402
3.2177
3.1966
3.1832
3.1771
3.1749
3.1729
3.1681
3.1661
3.1689
3.1734
3.1761
3.1764
3.1754
3.1741
3.1733
3.1728
3.1726
3.1728
3.1732
3.1735
3.1736
3.1735
3.1734
3.1733
3.1733
3.1732
3.1732
3.1731
3.1731
3.1731
3.1731
3.1731
3.1731
3.1731
3.173
3.173
3.173
3.1729
3.1729
3.1729
3.1728
3.1728
3.1728
3.1728
3.1727
3.1727
3.1727
3.1727
3.1727
3.1727
3.1726
3.1726
3.1726
3.1726
3.1726
3.1727
3.1727
3.1727
3.1725
3.1723
3.1722
3.1721
3.1721
3.1721
3.1721
3.1721
3.1721
3.172
3.172
3.172
