2.4705
10.576
7.8478
5.8595
4.6277
3.9451
3.7485
4.0496
4.6088
4.8898
4.7914
4.5823
4.4602
4.4881
4.6368
4.8612
5.2017
5.5334
5.5876
5.4247
5.2387
5.1286
5.0971
5.1038
5.1125
5.1108
5.1032
5.0959
5.0905
5.0873
5.0878
5.0871
5.0776
5.0645
5.0581
5.0606
5.0659
5.0665
5.0597
5.048
5.0353
5.0244
5.0156
5.0078
5
4.9918
4.9834
4.9747
4.966
4.9566
4.9456
4.9346
4.9258
4.9203
4.9175
4.9158
4.9141
4.9121
4.91
4.9082
4.9068
4.9057
4.9048
4.9041
4.9035
4.9031
4.9027
4.9025
4.9023
4.9021
4.902
4.9018
4.9017
4.9016
4.9015
4.9014
4.9014
4.9013
4.9013
4.9012
4.9011
4.9011
4.9011
4.901
4.901
4.901
4.901
4.901
4.9012
4.9013
4.9013
4.9009
4.9003
4.8997
4.8993
4.899
4.8988
4.8987
4.8987
4.8986
4.8986
