16.142
11.638
7.7839
5.7066
4.4629
3.7447
3.4585
3.6199
4.095
4.4067
4.3535
4.1536
4.0046
3.976
4.0442
4.1521
4.3751
4.8625
5.2108
5.264
5.1904
5.137
5.1362
5.1591
5.1742
5.1717
5.1579
5.1387
5.1128
5.0816
5.0507
5.0034
4.9132
4.801
4.7095
4.6586
4.6427
4.6439
4.6445
4.6357
4.6173
4.5925
4.563
4.5283
4.4876
4.4403
4.3854
4.321
4.29
4.286
4.282
4.2712
4.257
4.245
4.237
4.232
4.2285
4.2256
4.2235
4.2223
4.2218
4.2217
4.2218
4.2218
4.2218
4.2217
4.2217
4.2216
4.2215
4.2215
4.2215
4.2216
4.2217
4.2218
4.2219
4.222
4.2221
4.2223
4.2225
4.2227
4.2229
4.2231
4.2234
4.2238
4.2241
4.2246
4.2251
4.2261
4.2276
4.2296
4.2313
4.2324
4.2329
4.2329
4.2327
4.2325
4.2324
4.2323
4.2322
4.2321
4.232
