2.4523
11.652
8.1968
6.0077
4.6911
3.9436
3.6579
3.8135
4.2139
4.4188
4.3133
4.1071
3.967
3.9461
4.0049
4.0499
4.0237
3.9472
3.8753
3.8503
3.9025
4.1158
4.7481
5.7061
6.2201
6.2233
6.0579
5.9352
5.9057
5.9367
5.979
6.0087
6.0278
6.0432
6.0564
6.065
6.0684
6.0688
6.0692
6.0708
6.0732
6.0751
6.0756
6.0751
6.0743
6.0736
6.0731
6.0725
6.0719
6.071
6.0701
6.0691
6.068
6.0668
6.0654
6.0639
6.0624
6.0608
6.0589
6.057
6.0555
6.0548
6.0547
6.055
6.0553
6.0557
6.056
6.0562
6.0565
6.0568
6.057
6.0572
6.0574
6.0575
6.0576
6.0576
6.0575
6.0574
6.0573
6.057
6.0568
6.0564
6.056
6.0554
6.0547
6.0538
6.0527
6.0513
6.0492
6.0463
6.0433
6.0411
6.0398
6.0392
6.0387
6.0379
6.0371
6.0363
6.0357
6.0352
6.0349
