0.61161
9.0256
7.2608
5.5624
4.4177
3.7348
3.4692
3.6487
4.1611
4.6554
5.0548
5.3529
5.5058
5.5451
5.5483
5.5837
5.6951
5.945
6.2938
6.6202
6.7575
6.7365
6.6751
6.6243
6.5796
6.5185
6.4305
6.3194
6.2052
6.1211
6.0846
6.0883
6.1119
6.1389
6.1634
6.1891
6.2246
6.2524
6.2502
6.2296
6.2094
6.1985
6.1956
6.1963
6.1972
6.1974
6.1971
6.1968
6.1968
6.197
6.1973
6.1975
6.1977
6.1977
6.1977
6.1977
6.1977
6.1977
6.1978
6.1978
6.1978
6.1978
6.1978
6.1978
6.1978
6.1978
6.1979
6.1979
6.1979
6.1979
6.198
6.198
6.198
6.198
6.198
6.198
6.198
6.198
6.198
6.198
6.198
6.198
6.1979
6.1979
6.1979
6.1979
6.1979
6.1979
6.1978
6.1978
6.1977
6.1977
6.1976
6.1975
6.1975
6.1975
6.1975
6.1976
6.1976
6.1976
6.1976
