7.6377
10.779
7.6816
5.7248
4.5043
3.791
3.5097
3.6726
4.1288
4.4211
4.376
4.2001
4.0836
4.103
4.2509
4.5099
4.9724
5.5575
5.8246
5.7652
5.6219
5.538
5.5299
5.5558
5.5766
5.5804
5.5738
5.561
5.5355
5.5002
5.4713
5.4595
5.464
5.4834
5.5175
5.56
5.5988
5.6241
5.6342
5.634
5.6304
5.6277
5.6271
5.6278
5.6288
5.6296
5.6306
5.6321
5.6344
5.6352
5.6323
5.6277
5.6246
5.6244
5.6264
5.6288
5.6305
5.6313
5.6316
5.6318
5.6321
5.6322
5.6324
5.6324
5.6325
5.6325
5.6326
5.6326
5.6326
5.6326
5.6326
5.6326
5.6325
5.6325
5.6324
5.6324
5.6324
5.6323
5.6323
5.6323
5.6323
5.6323
5.6323
5.6323
5.6323
5.6323
5.6322
5.6324
5.6331
5.6344
5.6358
5.6367
5.6373
5.6375
5.6377
5.6379
5.6381
5.6383
5.6385
5.6386
5.6387
