11.387
1.3163
1.8181
2.432
3.1056
3.764
4.2676
4.4189
4.1789
3.9009
3.8681
4.0233
4.2217
4.3583
4.3993
4.3998
4.4541
4.6205
4.9547
5.757
6.4018
6.5338
6.2072
5.7363
5.4843
5.4934
5.6383
5.8204
6.073
6.1566
6.1616
6.1615
6.1655
6.171
6.1754
6.1782
6.1805
6.1831
6.186
6.1889
6.1921
6.196
6.2001
6.2038
6.2071
6.2099
6.2122
6.214
6.2156
6.2171
6.2185
6.2199
6.2212
6.2224
6.2236
6.2247
6.2258
6.2267
6.2275
6.228
6.2283
6.2284
6.2279
6.2284
6.2322
6.2381
6.2436
6.2471
6.2492
6.2507
6.2522
6.2539
6.2556
6.2572
6.2585
6.2598
6.2609
6.262
6.263
6.2639
6.2648
6.2656
6.2664
6.2671
6.2678
6.2685
6.2691
6.2697
6.2702
6.2706
6.271
6.2713
6.2717
6.2721
6.2726
6.2732
6.2739
6.2747
6.2756
6.2764
6.2773
