10.524
1.6402
2.0548
2.67
3.3582
4.0422
4.5824
4.7579
4.4732
4.1054
4.0157
4.1491
4.3413
4.4767
4.5174
4.5142
4.5551
4.6912
4.9386
5.36
6.337
7.5829
8.2451
8.0194
7.4786
7.1357
7.069
7.1425
7.2217
7.2487
7.2415
7.2333
7.2344
7.2375
7.2362
7.2312
7.2273
7.2272
7.2297
7.232
7.2324
7.2312
7.2297
7.229
7.2291
7.2295
7.2297
7.2298
7.2297
7.2296
7.2296
7.2296
7.2297
7.2298
7.2299
7.2301
7.2304
7.2306
7.2308
7.2309
7.2309
7.2307
7.2302
7.2296
7.2289
7.2283
7.2277
7.2272
7.2268
7.2264
7.2261
7.2258
7.2255
7.2252
7.2249
7.2247
7.2244
7.2242
7.2239
7.2236
7.2233
7.2229
7.2225
7.2219
7.2213
7.2204
7.2192
7.2174
7.2148
7.2128
7.2128
7.2144
7.216
7.2166
7.2165
7.2162
7.216
7.2161
7.2162
7.2163
7.2164
