11.927
1.3345
1.8831
2.53
3.22
3.8759
4.3465
4.4203
4.0931
3.7803
3.7395
3.8728
4.0297
4.1162
4.1066
4.0394
3.9721
3.9166
3.7997
3.6242
3.4531
3.3661
3.3329
3.269
3.1438
3.0458
3.0353
3.0751
3.12
3.143
3.1423
3.1315
3.1206
3.1124
3.1062
3.1013
3.0979
3.0958
3.0944
3.093
3.0903
3.0869
3.0851
3.085
3.0854
3.0859
3.0862
3.0864
3.0864
3.0866
3.0867
3.0868
3.0869
3.087
3.0872
3.0874
3.0879
3.0885
3.0894
3.0908
3.0925
3.0941
3.0956
3.097
3.0982
3.0993
3.1003
3.1011
3.1018
3.1023
3.1028
3.1031
3.1033
3.1035
3.1037
3.1038
3.1039
3.104
3.104
3.1041
3.1041
3.1042
3.1042
3.1043
3.1043
3.1044
3.1045
3.1046
3.1047
3.105
3.1053
3.1056
3.1057
3.1056
3.1055
3.1054
3.1055
3.1055
3.1056
3.1056
3.1056
