9.8626
1.3741
1.8846
2.5063
3.1907
3.8717
4.4177
4.6167
4.3635
3.9996
3.8902
3.9993
4.1662
4.2749
4.2885
4.258
4.2656
4.3506
4.5147
4.8119
5.4653
5.629
5.2259
4.7705
4.5659
4.5522
4.5846
4.5749
4.541
4.5292
4.551
4.5794
4.5905
4.5892
4.5884
4.5947
4.6025
4.6043
4.5971
4.5841
4.5739
4.5691
4.5665
4.5656
4.567
4.5695
4.5718
4.5731
4.5736
4.5733
4.5727
4.5717
4.5704
4.5687
4.5668
4.5645
4.562
4.5592
4.556
4.5523
4.5471
4.5388
4.5249
4.5113
4.5041
4.5016
4.4999
4.4972
4.4937
4.4904
4.4876
4.4855
4.4837
4.482
4.4804
4.4789
4.4775
4.4762
4.4749
4.4737
4.4725
4.4712
4.4699
4.4685
4.4669
4.4649
4.4634
4.4631
4.4632
4.4629
4.4626
4.4622
4.4611
4.4592
4.4563
4.4525
4.4479
4.4419
4.4338
4.421
4.403
