6.7992
1.422
1.9243
2.5596
3.2458
3.9001
4.3665
4.4255
4.0708
3.733
3.6767
3.7983
3.9382
3.9974
3.9584
3.8776
3.8305
3.8207
3.7466
3.5534
3.3474
3.2602
3.2431
3.2357
3.251
3.3102
3.4046
3.5012
3.5714
3.607
3.6173
3.6172
3.6171
3.6205
3.6279
3.6386
3.6517
3.6667
3.6832
3.7017
3.7093
3.7079
3.7074
3.7089
3.7113
3.7133
3.7147
3.7156
3.7162
3.7168
3.7173
3.7177
3.7181
3.7184
3.7187
3.719
3.7194
3.7198
3.7204
3.7211
3.7218
3.7225
3.723
3.7234
3.7238
3.7241
3.7245
3.7247
3.725
3.7252
3.7253
3.7255
3.7256
3.7257
3.7258
3.7259
3.726
3.726
3.7261
3.7261
3.7262
3.7262
3.7262
3.7262
3.7261
3.726
3.7258
3.7254
3.7248
3.725
3.7266
3.7284
3.7295
3.7298
3.7297
3.7296
3.7296
3.7297
3.7298
3.7299
3.73
