8.5656
1.4807
2.0079
2.6643
3.3686
4.0491
4.5578
4.6548
4.2609
3.8173
3.684
3.7705
3.8952
3.9414
3.884
3.7862
3.6195
3.3085
3.0877
3.0545
3.1123
3.1683
3.1871
3.1784
3.1646
3.1575
3.157
3.1582
3.1585
3.1571
3.1466
3.1284
3.1306
3.1545
3.1804
3.1951
3.1971
3.1926
3.1886
3.1883
3.1912
3.195
3.1983
3.2016
3.205
3.2087
3.2122
3.2155
3.2184
3.2209
3.225
3.231
3.2373
3.2421
3.2448
3.2459
3.2465
3.2473
3.2481
3.2489
3.2496
3.2501
3.2505
3.2509
3.2512
3.2515
3.2517
3.2519
3.252
3.2521
3.2522
3.2522
3.2523
3.2524
3.2524
3.2525
3.2525
3.2526
3.2526
3.2526
3.2527
3.2527
3.2527
3.2527
3.2528
3.2528
3.2528
3.2528
3.2527
3.2526
3.2525
3.2525
3.2527
3.253
3.2533
3.2535
3.2536
3.2536
3.2537
3.2537
3.2537
