7.5164
11.894
8.3663
6.166
4.7994
3.9974
3.6479
3.723
4.0606
4.2604
4.1718
3.9702
3.8194
3.782
3.8344
3.8959
3.9074
3.886
3.8972
4.037
4.4772
5.1147
5.557
5.6018
5.4034
5.1877
5.074
5.0577
5.039
4.9997
4.9691
4.9392
4.9132
4.8936
4.8796
4.869
4.8596
4.8505
4.8414
4.8315
4.8204
4.8088
4.7981
4.7887
4.7804
4.7734
4.7675
4.7624
4.7578
4.7536
4.7496
4.7458
4.7423
4.739
4.7359
4.7329
4.7301
4.7274
4.7248
4.7221
4.7193
4.7163
4.7122
4.7034
4.6909
4.6787
4.6696
4.6635
4.659
4.6549
4.6508
4.6468
4.6432
4.64
4.6371
4.6344
4.632
4.6297
4.6276
4.6256
4.6237
4.622
4.6204
4.6188
4.6174
4.616
4.6147
4.6135
4.6124
4.6115
4.6106
4.6096
4.6086
4.6074
4.606
4.6043
4.6024
4.6003
4.5978
4.5949
4.5903
