14.795
11.54
7.6659
5.6526
4.4448
3.7517
3.4969
3.6993
4.1816
4.4441
4.3552
4.1566
4.0313
4.036
4.1298
4.2191
4.2459
4.229
4.2199
4.255
4.3405
4.4617
4.614
4.8016
4.9524
4.9925
4.9947
5.0944
5.2846
5.4343
5.4546
5.3502
5.2023
5.0841
5.023
5.0092
5.0175
5.0267
5.0279
5.0225
5.0156
5.0108
5.0092
5.0097
5.0111
5.0127
5.0142
5.0156
5.017
5.0184
5.0195
5.02
5.0207
5.0235
5.0288
5.0346
5.0403
5.0442
5.0428
5.0377
5.0322
5.0278
5.0248
5.0235
5.024
5.0256
5.0277
5.0298
5.0317
5.0333
5.0347
5.0359
5.0369
5.0378
5.0385
5.039
5.0395
5.0399
5.0402
5.0405
5.0408
5.041
5.0412
5.0414
5.0415
5.0417
5.0419
5.0422
5.0426
5.0431
5.0435
5.0437
5.0438
5.0437
5.0437
5.0436
5.0436
5.0436
5.0436
5.0436
5.0436
