14.865
11.462
8.0622
5.9961
4.7102
3.9703
3.6912
3.8591
4.2738
4.4832
4.3713
4.1544
4.0042
3.9767
4.0375
4.1047
4.1278
4.106
4.0275
3.9066
3.7859
3.6935
3.6292
3.576
3.5157
3.4363
3.3248
3.1479
2.7936
1.9923
1.5702
2.1191
2.8454
3.1744
3.1911
3.0844
2.9732
2.8923
2.8278
2.7526
2.6448
2.5684
2.5304
2.5057
2.4901
2.4854
2.4937
2.5174
2.5611
2.6341
2.719
2.7792
2.8099
2.8254
2.8375
2.8495
2.8604
2.8689
2.8752
2.8802
2.8848
2.8894
2.8938
2.8978
2.9011
2.9038
2.9058
2.9074
2.9085
2.9094
2.9101
2.9106
2.911
2.9113
2.9115
2.9115
2.9115
2.9115
2.9114
2.9112
2.9109
2.9106
2.9101
2.9095
2.9087
2.9074
2.9057
2.9042
2.9039
2.9048
2.9067
2.909
2.9115
2.9137
2.9156
2.9171
2.9182
2.9191
2.9198
2.9203
2.9207
