9.0953
11.048
8.0955
6.0107
4.6871
3.8995
3.5486
3.6266
4.0066
4.2724
4.2265
4.0477
3.9155
3.8972
3.9661
4.0402
4.0609
4.0369
4.01
4.0104
4.0413
4.0897
4.108
4.0431
3.9091
3.7558
3.6195
3.5085
3.4006
3.2499
3.0129
2.8013
2.9844
3.3073
3.4422
3.3633
3.2048
3.0565
2.9426
2.8562
2.7847
2.7205
2.6615
2.6074
2.5581
2.5137
2.4737
2.4374
2.4041
2.373
2.3433
2.3134
2.2827
2.2528
2.2252
2.2005
2.1779
2.1564
2.1336
2.1082
2.08
2.0496
2.0173
1.9833
1.9479
1.9114
1.8738
1.8352
1.7949
1.7526
1.7077
1.6599
1.6085
1.553
1.4922
1.4247
1.3487
1.2614
1.1589
1.035
0.87969
0.6757
0.38933
0
0
0
0
0
0
0
0
0
0
0
0
0
0
0
0
0
0
