3.2842
1.4255
1.892
2.5046
3.1873
3.8721
4.4291
4.6456
4.3985
4.0162
3.8838
3.9734
4.1182
4.1978
4.1765
4.1063
4.0631
4.0735
4.1149
4.1555
4.1813
4.2008
4.2674
4.485
5.0261
6.3285
7.783
7.8668
7.1825
6.5223
5.966
5.5399
5.2608
5.1015
5.0122
4.9533
4.9048
4.8611
4.8232
4.7928
4.7697
4.7518
4.7365
4.7221
4.7083
4.6953
4.6833
4.6724
4.6624
4.6533
4.6448
4.6367
4.6287
4.6207
4.6126
4.6041
4.5953
4.5858
4.5757
4.565
4.5549
4.536
4.4634
4.4021
4.377
4.3739
4.3758
4.3752
4.372
4.3681
4.3647
4.362
4.3598
4.3576
4.3555
4.3535
4.3516
4.3497
4.3479
4.3461
4.3444
4.3426
4.3408
4.3391
4.3372
4.3354
4.3334
4.3313
4.3291
4.3265
4.3237
4.3207
4.3174
4.3137
4.3096
4.3048
4.2992
4.2924
4.2843
4.2652
4.2326
