10.49
1.4596
1.9256
2.5471
3.2273
3.8859
4.3753
4.4866
4.1929
3.8836
3.8372
3.9758
4.1505
4.2631
4.2849
4.2625
4.3024
4.4367
4.49
4.2194
3.9295
3.8208
3.8382
3.8841
3.8888
3.8756
3.8843
3.9104
3.9446
3.978
4.0014
4.0126
4.0157
4.0161
4.0171
4.0192
4.0216
4.023
4.0227
4.0207
4.0165
4.0111
4.0078
4.007
4.0074
4.0076
4.0073
4.0066
4.0059
4.0053
4.0048
4.0044
4.0041
4.0038
4.0035
4.0032
4.0029
4.0027
4.0025
4.0023
4.0021
4.0019
4.0016
4.0014
4.0013
4.0011
4.0009
4.0008
4.0006
4.0004
4.0003
4.0001
3.9998
3.9996
3.9993
3.999
3.9987
3.9983
3.9979
3.9974
3.9968
3.9961
3.9952
3.9942
3.9928
3.9909
3.9883
3.984
3.9781
3.9743
3.9744
3.9765
3.978
3.9784
3.978
3.9776
3.9773
3.9772
3.9772
3.9771
3.977
