14.431
11.319
7.8057
5.7811
4.5377
3.813
3.524
3.6781
4.1198
4.3976
4.3525
4.1912
4.0981
4.1426
4.3029
4.5261
4.8312
5.1726
5.361
5.3892
5.3758
5.3966
5.4581
5.5356
5.6105
5.684
5.7789
5.914
6.0888
6.2764
6.3621
6.3111
6.1905
6.0673
5.9822
5.9409
5.9262
5.9177
5.9048
5.8874
5.8702
5.8568
5.8479
5.8424
5.839
5.8374
5.8376
5.8402
5.845
5.8474
5.8442
5.8368
5.8288
5.8229
5.8192
5.8159
5.8121
5.8085
5.8058
5.8043
5.8035
5.803
5.8025
5.8019
5.8011
5.8003
5.7995
5.7987
5.7981
5.7975
5.7969
5.7964
5.796
5.7956
5.7951
5.7947
5.7942
5.7937
5.7932
5.7925
5.7918
5.7909
5.7899
5.7885
5.7868
5.784
5.7799
5.7757
5.7733
5.7729
5.7735
5.7743
5.7748
5.7749
5.7749
5.7749
5.7749
5.775
5.7751
5.7752
5.7752
