9.9954
1.5424
2.0395
2.6865
3.3872
4.0643
4.566
4.6535
4.2705
3.875
3.7938
3.9193
4.0759
4.1533
4.1248
4.0434
3.9814
3.9657
3.9783
3.9903
3.9865
3.9726
3.9718
3.8959
3.6657
3.4254
3.2986
3.2805
3.2865
3.2029
3.0753
3.0161
3.0271
3.0671
3.1056
3.1296
3.1404
3.1446
3.1478
3.1516
3.1554
3.1581
3.1593
3.1596
3.1595
3.1594
3.1594
3.1594
3.1594
3.1592
3.1589
3.1585
3.1579
3.1568
3.1526
3.1487
3.1472
3.1473
3.1479
3.1484
3.1485
3.1482
3.1477
3.1472
3.1468
3.1464
3.146
3.1458
3.1456
3.1454
3.1453
3.1451
3.145
3.145
3.1449
3.1449
3.1449
3.1449
3.145
3.1451
3.1452
3.1453
3.1454
3.1456
3.1459
3.1462
3.1469
3.1478
3.1486
3.1488
3.1487
3.1486
3.1485
3.1486
3.1487
3.1489
3.149
3.149
3.149
3.149
3.1491
