8.3497
1.4902
1.9929
2.6382
3.3363
4.013
4.5206
4.6251
4.2573
3.8513
3.7499
3.8602
4.005
4.0703
4.0312
3.9462
3.8882
3.878
3.8896
3.8912
3.87
3.8271
3.7172
3.5285
3.3026
3.1611
3.1376
3.1583
3.1289
3.0782
3.0632
3.0827
3.1091
3.1241
3.1254
3.1208
3.117
3.1164
3.1175
3.1184
3.1184
3.1178
3.1174
3.1173
3.1174
3.1174
3.1173
3.1171
3.1169
3.1168
3.1167
3.1167
3.1166
3.1165
3.1164
3.1164
3.1163
3.1162
3.1161
3.1161
3.116
3.1159
3.1159
3.1158
3.1158
3.1158
3.1157
3.1157
3.1156
3.1155
3.1154
3.1152
3.1151
3.1149
3.1147
3.1146
3.1143
3.1141
3.1138
3.1136
3.1133
3.1129
3.1125
3.1121
3.1118
3.1116
3.1117
3.103
3.0878
3.0772
3.0744
3.0754
3.0767
3.0769
3.0766
3.0762
3.076
3.076
3.076
3.076
3.076
