7.1024
1.5408
1.9857
2.6068
3.2864
3.9333
4.385
4.4225
4.0626
3.7481
3.7174
3.8568
4.0236
4.1394
4.1855
4.1918
4.2055
4.2527
4.3314
4.4301
4.5613
4.8099
5.4826
6.0199
6.0514
5.6053
5.0914
4.8068
4.7122
4.6775
4.6453
4.6284
4.6338
4.6481
4.6568
4.6541
4.643
4.63
4.6196
4.6128
4.6082
4.6044
4.6008
4.5975
4.5948
4.5928
4.5912
4.59
4.5893
4.589
4.5888
4.5886
4.5883
4.588
4.5875
4.5875
4.5884
4.5899
4.5913
4.5924
4.593
4.5933
4.5932
4.593
4.5927
4.5924
4.5921
4.5918
4.5914
4.591
4.5907
4.5903
4.59
4.5897
4.5894
4.5892
4.589
4.5889
4.5888
4.5888
4.5888
4.5888
4.5889
4.5891
4.5894
4.5899
4.5906
4.5917
4.5927
4.5932
4.5933
4.5933
4.5933
4.5935
4.5937
4.5939
4.594
4.5941
4.5941
4.5941
4.5941
