12.28
10.125
7.2395
5.429
4.2897
3.6183
3.3615
3.5692
4.1113
4.4587
4.4266
4.2684
4.1971
4.311
4.579
4.8191
4.9008
4.8867
4.8938
5.0068
5.2947
5.6642
5.8967
5.9977
6.0411
6.0452
6.0083
5.9441
5.88
5.8321
5.8014
5.7847
5.7818
5.7927
5.8095
5.8164
5.8107
5.8001
5.7916
5.7877
5.7874
5.7885
5.7895
5.7902
5.7906
5.7911
5.7918
5.7928
5.7939
5.7952
5.7968
5.7986
5.8008
5.8032
5.8046
5.8047
5.8044
5.8043
5.8044
5.8048
5.8055
5.8064
5.8074
5.8085
5.8097
5.8108
5.8118
5.8125
5.813
5.8131
5.8132
5.8133
5.8133
5.8135
5.8135
5.8136
5.8136
5.8136
5.8136
5.8136
5.8136
5.8136
5.8136
5.8135
5.8135
5.8135
5.8134
5.8134
5.8133
5.8133
5.8132
5.8131
5.813
5.8129
5.8128
5.8128
5.8127
5.8127
5.8127
5.8127
5.8127
