5.7022
1.3831
1.8857
2.5212
3.2085
3.8664
4.3429
4.4183
4.0649
3.6973
3.6056
3.7038
3.843
3.8686
3.6786
3.3923
3.235
3.2219
3.266
3.2961
3.2705
3.1742
3.0844
3.0701
3.1197
3.1889
3.2413
3.2613
3.2539
3.2336
3.2171
3.2097
3.2062
3.2015
3.1948
3.1881
3.1833
3.1805
3.1784
3.176
3.1742
3.1728
3.1713
3.1701
3.1694
3.169
3.1685
3.1679
3.1671
3.1662
3.1652
3.1642
3.1632
3.1619
3.1612
3.1618
3.1636
3.1664
3.1702
3.1748
3.1799
3.1849
3.1897
3.194
3.1978
3.2009
3.2031
3.2049
3.2063
3.2076
3.2088
3.2099
3.2108
3.2115
3.2121
3.2125
3.2129
3.2132
3.2135
3.2138
3.2139
3.2141
3.2143
3.2144
3.2145
3.2146
3.2147
3.2149
3.215
3.215
3.2149
3.2148
3.2147
3.2146
3.2145
3.2145
3.2144
3.2145
3.2145
3.2145
3.2146
