11.485
1.3054
1.8004
2.4166
3.087
3.724
4.1741
4.2417
3.9422
3.6568
3.6127
3.7192
3.8254
3.8173
3.6613
3.4815
3.3993
3.418
3.475
3.5143
3.5146
3.4881
3.429
3.2564
3.0768
3.0155
3.0477
3.0986
3.1243
3.1277
3.1299
3.1396
3.1522
3.1602
3.1611
3.1576
3.1542
3.153
3.1536
3.1548
3.1555
3.1554
3.1547
3.1539
3.1532
3.1525
3.1518
3.1511
3.1504
3.1497
3.1489
3.148
3.147
3.1459
3.1448
3.1443
3.1441
3.1439
3.1449
3.1476
3.1509
3.1541
3.1569
3.1593
3.1611
3.1624
3.1633
3.1641
3.1647
3.1652
3.1656
3.1659
3.1662
3.1664
3.1665
3.1667
3.1668
3.1669
3.167
3.1671
3.1671
3.1671
3.1672
3.1672
3.1672
3.1672
3.1672
3.1672
3.1671
3.1671
3.167
3.1669
3.1667
3.1666
3.1665
3.1664
3.1664
3.1664
3.1664
3.1664
3.1664
