5.9586
1.6313
2.0133
2.608
3.2827
3.9532
4.478
4.6501
4.4056
4.1013
4.0511
4.2068
4.4336
4.6476
4.8328
5.0675
5.6446
6.5402
7.168
7.0347
6.6649
6.4165
6.3344
6.3363
6.3375
6.3178
6.2954
6.2725
6.2595
6.2615
6.2674
6.2681
6.2638
6.2589
6.2566
6.2571
6.2593
6.2616
6.263
6.2633
6.261
6.2548
6.2503
6.2493
6.2503
6.2515
6.2521
6.2522
6.252
6.2519
6.2518
6.2517
6.2516
6.2516
6.2515
6.2514
6.2514
6.2513
6.2512
6.2511
6.2511
6.251
6.2508
6.2507
6.2506
6.2505
6.2504
6.2503
6.2503
6.2502
6.2501
6.25
6.2499
6.2498
6.2497
6.2495
6.2494
6.2492
6.249
6.2487
6.2484
6.2481
6.2476
6.2471
6.2464
6.2454
6.244
6.2418
6.2385
6.2361
6.2364
6.2384
6.2401
6.2407
6.2405
6.2401
6.2399
6.2399
6.2399
6.24
6.24
