2.8662
1.2148
1.7405
2.3772
3.0636
3.7253
4.2202
4.3385
4.0351
3.6937
3.6145
3.7232
3.8608
3.9221
3.8858
3.8088
3.7581
3.7484
3.7504
3.7299
3.6711
3.505
3.272
3.1538
3.1721
3.2504
3.3116
3.3168
3.2993
3.307
3.3362
3.3438
3.3098
3.2679
3.2543
3.2715
3.2986
3.3191
3.3289
3.3321
3.3345
3.3385
3.3434
3.3481
3.3525
3.3561
3.3585
3.3598
3.3602
3.3601
3.3596
3.3588
3.3577
3.3563
3.3546
3.3527
3.3505
3.3482
3.3454
3.342
3.3373
3.3301
3.3171
3.3047
3.2984
3.2965
3.2955
3.2939
3.2919
3.2899
3.2884
3.2873
3.2863
3.2853
3.2844
3.2835
3.2826
3.2818
3.2809
3.2799
3.2789
3.2778
3.2764
3.2748
3.2724
3.2692
3.2669
3.2662
3.2658
3.2653
3.2654
3.2658
3.2657
3.2649
3.2635
3.2616
3.2592
3.2562
3.2524
3.2438
3.2288
