4.7578
1.3976
1.9049
2.542
3.2273
3.8745
4.3226
4.3493
3.9658
3.6209
3.5661
3.688
3.8241
3.8728
3.8187
3.7203
3.6161
3.4741
3.3688
3.3514
3.3799
3.4037
3.4045
3.3909
3.3767
3.3673
3.3593
3.3458
3.3209
3.279
3.2155
3.1419
3.1124
3.1374
3.1753
3.1976
3.1974
3.1817
3.1627
3.1485
3.1406
3.1363
3.1331
3.1305
3.1285
3.1268
3.1249
3.1227
3.119
3.1092
3.0916
3.081
3.0789
3.0804
3.082
3.0827
3.0832
3.0838
3.0845
3.085
3.0851
3.0847
3.0841
3.0835
3.0828
3.0821
3.0816
3.0812
3.0808
3.0806
3.0804
3.0802
3.0801
3.08
3.0799
3.0798
3.0797
3.0797
3.0796
3.0796
3.0796
3.0795
3.0795
3.0795
3.0795
3.0795
3.0796
3.0797
3.0796
3.0792
3.0786
3.0781
3.0778
3.0777
3.0776
3.0776
3.0776
3.0776
3.0775
3.0775
3.0775
