10.312
1.5442
2.0043
2.6293
3.3175
3.9889
4.4964
4.6169
4.2925
3.9311
3.8515
3.97
4.1207
4.194
4.16
4.0677
3.9885
3.9504
3.935
3.9023
3.8321
3.7475
3.6871
3.6474
3.5892
3.531
3.5006
3.4839
3.4485
3.355
3.2548
3.2217
3.2432
3.2894
3.3364
3.3708
3.3907
3.4017
3.4092
3.4157
3.4211
3.4246
3.426
3.4259
3.425
3.4236
3.4217
3.4195
3.4178
3.4165
3.4152
3.4136
3.4115
3.4091
3.406
3.4033
3.402
3.4018
3.4018
3.4015
3.4009
3.4003
3.3996
3.3991
3.3987
3.3983
3.3979
3.3976
3.3972
3.3967
3.3963
3.3958
3.3953
3.3947
3.3941
3.3934
3.3926
3.3918
3.3908
3.3896
3.3882
3.3864
3.3842
3.3811
3.3764
3.3693
3.3646
3.3638
3.3647
3.3654
3.3653
3.3649
3.3644
3.3642
3.3641
3.364
3.364
3.3639
3.3638
3.3638
3.3637
