6.3288
1.298
1.8639
2.5198
3.2142
3.8715
4.3413
4.413
4.0848
3.7741
3.7368
3.8734
4.0306
4.1114
4.0908
4.0131
3.94
3.888
3.8115
3.7007
3.5918
3.5323
3.5007
3.3959
3.1908
3.0313
2.9965
3.0334
3.0843
3.1137
3.1173
3.1102
3.1025
3.0961
3.0897
3.0835
3.0786
3.0757
3.0744
3.0738
3.0727
3.0711
3.0703
3.0704
3.0708
3.0711
3.0712
3.0712
3.0712
3.0711
3.071
3.0709
3.0707
3.0705
3.0703
3.0702
3.0703
3.0705
3.0712
3.0728
3.0749
3.077
3.079
3.0809
3.0825
3.084
3.0853
3.0864
3.0873
3.088
3.0886
3.089
3.0893
3.0896
3.0897
3.0899
3.0899
3.09
3.09
3.0901
3.0901
3.0901
3.0901
3.0901
3.0901
3.0901
3.0901
3.0901
3.0902
3.0902
3.0903
3.0904
3.0903
3.0902
3.0901
3.09
3.09
3.09
3.09
3.09
3.09
