0.88904
8.5873
6.928
5.3328
4.239
3.5611
3.2616
3.3853
3.8539
4.2148
4.2252
4.0825
3.9895
4.0301
4.1937
4.4339
4.7712
5.1323
5.2886
5.2552
5.1808
5.1529
5.1798
5.2322
5.2846
5.3317
5.3825
5.45
5.5548
5.7701
6.2131
6.6097
6.7106
6.6168
6.4841
6.3946
6.3643
6.3726
6.3923
6.4084
6.42
6.4317
6.4389
6.4391
6.4351
6.4297
6.4243
6.4189
6.4135
6.4064
6.3947
6.3777
6.3607
6.349
6.3432
6.3408
6.3394
6.338
6.3366
6.3355
6.3347
6.334
6.3335
6.3328
6.3322
6.3316
6.3311
6.3307
6.3303
6.3301
6.3299
6.3298
6.3297
6.3297
6.3296
6.3296
6.3296
6.3296
6.3296
6.3296
6.3296
6.3296
6.3296
6.3296
6.3296
6.3296
6.3296
6.3296
6.3299
6.3302
6.3304
6.3304
6.3303
6.3301
6.33
6.3299
6.3299
6.3298
6.3298
6.3298
6.3298
