2.5104
1.4947
1.9809
2.6181
3.3089
3.9742
4.4644
4.5637
4.248
3.9392
3.7836
3.6337
3.498
3.4101
3.3669
3.3476
3.337
3.3257
3.2968
3.2649
3.2572
3.285
3.3255
3.3357
3.2876
3.2227
3.1893
3.1896
3.2121
3.2399
3.2584
3.2647
3.2642
3.2622
3.2613
3.2616
3.2627
3.264
3.2656
3.2674
3.2688
3.2694
3.2693
3.2691
3.269
3.269
3.2691
3.2691
3.2691
3.2691
3.269
3.2689
3.2687
3.2686
3.2685
3.2684
3.2683
3.2683
3.2681
3.268
3.2678
3.2676
3.2674
3.2673
3.2672
3.2671
3.2671
3.267
3.267
3.267
3.267
3.2671
3.2671
3.2671
3.2672
3.2672
3.2672
3.2673
3.2673
3.2673
3.2674
3.2674
3.2674
3.2674
3.2675
3.2675
3.2675
3.2675
3.2675
3.2674
3.2674
3.2674
3.2674
3.2673
3.2673
3.2674
3.2674
3.2674
3.2675
3.2675
3.2675
