9.7581
1.2603
1.7626
2.3825
3.0595
3.7174
4.2153
4.3533
4.09
3.7832
3.7208
3.8401
3.9883
4.0578
4.0227
3.9431
3.8954
3.8961
3.9071
3.8841
3.7613
3.4782
3.1982
3.0758
3.0957
3.171
3.2106
3.161
3.092
3.0744
3.0879
3.113
3.1369
3.1544
3.1653
3.1707
3.1724
3.1718
3.1702
3.1685
3.1683
3.1695
3.1708
3.1718
3.1727
3.1733
3.1735
3.1735
3.1733
3.1731
3.1729
3.1727
3.1724
3.1721
3.1718
3.1713
3.1708
3.1701
3.1692
3.1679
3.1661
3.163
3.1573
3.1538
3.1554
3.1592
3.1621
3.1631
3.1631
3.1629
3.1628
3.1629
3.1631
3.1631
3.1631
3.1631
3.163
3.163
3.1629
3.1629
3.1628
3.1628
3.1627
3.1626
3.1625
3.1624
3.1624
3.1623
3.1622
3.162
3.1616
3.1612
3.1607
3.1602
3.1596
3.1589
3.158
3.157
3.1554
3.1526
3.1489
