10.638
1.3268
1.8535
2.4914
3.1757
3.823
4.2779
4.3312
3.9967
3.6965
3.6723
3.8187
3.9799
4.0555
4.0285
3.967
3.9513
3.9979
4.0677
4.1138
4.1115
4.0652
3.9856
3.867
3.7118
3.5669
3.4833
3.454
3.4441
3.4433
3.4646
3.5018
3.5339
3.5453
3.5298
3.5052
3.4893
3.4855
3.4881
3.491
3.4916
3.4902
3.4884
3.4871
3.4864
3.4861
3.4858
3.4855
3.4852
3.4849
3.4846
3.4844
3.4842
3.4841
3.484
3.4841
3.4842
3.4843
3.4842
3.484
3.4838
3.4835
3.4833
3.4832
3.4831
3.483
3.483
3.483
3.4831
3.4831
3.4831
3.4831
3.4831
3.4831
3.4831
3.4831
3.4831
3.4831
3.4831
3.483
3.483
3.483
3.4829
3.4829
3.4828
3.4828
3.4828
3.4827
3.4827
3.4826
3.4826
3.4824
3.4821
3.4817
3.4814
3.4812
3.4811
3.4811
3.481
3.481
3.4809
