13.012
10.963
7.4146
5.5146
4.3475
3.6612
3.3857
3.5412
3.9812
4.2433
4.1706
3.9734
3.8226
3.7764
3.8159
3.8779
3.9082
3.9002
3.881
3.8798
3.9045
3.9531
4.0625
4.3592
4.7844
5.1188
5.2509
5.269
5.3168
5.4333
5.5138
5.5024
5.4408
5.3752
5.3287
5.3045
5.2943
5.2885
5.2825
5.2763
5.2717
5.2695
5.2692
5.27
5.2712
5.2725
5.2741
5.2757
5.2773
5.2791
5.2815
5.2845
5.2881
5.2926
5.2973
5.2998
5.2999
5.299
5.2982
5.2979
5.2981
5.2983
5.2986
5.2987
5.2986
5.2986
5.2985
5.2984
5.2983
5.2983
5.2982
5.2981
5.298
5.2978
5.2976
5.2974
5.2971
5.2967
5.2963
5.2957
5.2951
5.2943
5.2933
5.2921
5.2905
5.288
5.2841
5.28
5.277
5.2756
5.2751
5.2748
5.2745
5.2741
5.2737
5.2735
5.2734
5.2734
5.2734
5.2733
5.2733
