6.073
1.4489
1.9122
2.5342
3.2186
3.8873
4.3965
4.5278
4.2167
3.8528
3.7624
3.8735
4.0205
4.092
4.0622
3.9955
3.9715
4.0073
4.0677
4.1097
4.1109
4.0743
4.0262
4.018
4.0767
4.2108
4.483
4.6093
4.4347
4.1237
3.8628
3.7335
3.7192
3.768
3.834
3.8889
3.9214
3.9334
3.9351
3.9362
3.9408
3.948
3.955
3.9604
3.9641
3.9664
3.9673
3.9671
3.9656
3.9621
3.9558
3.9509
3.95
3.952
3.9554
3.9618
3.9515
3.9155
3.8716
3.829
3.7872
3.7501
3.7219
3.701
3.6846
3.6709
3.659
3.6488
3.6402
3.6331
3.6272
3.6221
3.6177
3.6139
3.6105
3.6074
3.6046
3.6019
3.5994
3.5968
3.5942
3.5914
3.5882
3.5845
3.5794
3.5727
3.5667
3.5626
3.5595
3.5568
3.555
3.5538
3.5529
3.552
3.551
3.5501
3.5494
3.5488
3.5484
3.5479
3.5476
