5.1268
1.4954
1.946
2.5676
3.2484
3.9027
4.375
4.4455
4.1001
3.7633
3.7039
3.8203
3.9507
3.9921
3.9264
3.8137
3.7221
3.6592
3.5711
3.445
3.325
3.2628
3.2086
3.0925
2.9917
2.9792
3.0415
3.1206
3.1748
3.1926
3.1858
3.173
3.1636
3.1584
3.1559
3.155
3.1556
3.1571
3.1588
3.1599
3.159
3.1564
3.1552
3.1556
3.1564
3.1572
3.1577
3.1579
3.1581
3.1582
3.1583
3.1583
3.1583
3.1582
3.1581
3.1581
3.1583
3.1587
3.1597
3.1614
3.1637
3.1662
3.1685
3.1707
3.1728
3.1748
3.1765
3.1781
3.1796
3.1808
3.1818
3.1826
3.1834
3.184
3.1845
3.185
3.1854
3.1857
3.186
3.1863
3.1865
3.1868
3.187
3.1873
3.1875
3.1878
3.1881
3.1885
3.189
3.1899
3.1911
3.1922
3.1929
3.1931
3.1931
3.1931
3.1932
3.1934
3.1935
3.1936
3.1936
