11.8
10.384
7.4165
5.55
4.3847
3.709
3.4643
3.6807
4.1843
4.4648
4.389
4.2048
4.0989
4.1288
4.2513
4.3701
4.4254
4.434
4.445
4.4917
4.5797
4.7044
4.8918
5.173
5.4184
5.4661
5.3707
5.2559
5.1851
5.1542
5.113
5.0297
4.934
4.8643
4.8351
4.838
4.8553
4.8728
4.8851
4.8932
4.9001
4.9077
4.9162
4.9249
4.9332
4.9406
4.9475
4.9541
4.9607
4.9675
4.9746
4.9823
4.9909
5.0013
5.013
5.0233
5.0312
5.0357
5.0349
5.0301
5.0237
5.0172
5.0111
5.0057
5.001
4.9969
4.9931
4.9897
4.9866
4.9839
4.9816
4.9796
4.978
4.9766
4.9754
4.9744
4.9736
4.9729
4.9724
4.9719
4.9715
4.9713
4.971
4.9708
4.9707
4.9706
4.9706
4.9706
4.9708
4.971
4.9711
4.9711
4.9708
4.9705
4.9702
4.9699
4.9697
4.9695
4.9694
4.9693
4.9692
