9.1684
1.4993
1.9913
2.6238
3.3141
3.9828
4.4794
4.5756
4.2202
3.8357
3.7369
3.8376
3.9815
4.0197
3.8508
3.5566
3.377
3.3532
3.4031
3.4488
3.4577
3.4371
3.4072
3.382
3.3795
3.4118
3.4627
3.5091
3.533
3.5333
3.5286
3.5267
3.5245
3.5175
3.5046
3.4919
3.4851
3.4842
3.486
3.4876
3.488
3.4874
3.4868
3.4865
3.4868
3.4875
3.4884
3.4894
3.4906
3.4921
3.494
3.4965
3.4995
3.499
3.4973
3.4971
3.4984
3.5005
3.5033
3.5065
3.5099
3.5132
3.5163
3.519
3.5213
3.5232
3.5247
3.526
3.5271
3.5281
3.529
3.5297
3.5302
3.5307
3.5311
3.5314
3.5317
3.5319
3.5321
3.5323
3.5325
3.5326
3.5327
3.5328
3.5328
3.5329
3.5329
3.533
3.533
3.533
3.5329
3.5329
3.5328
3.5327
3.5327
3.5327
3.5328
3.5329
3.533
3.533
3.5331
