6.8547
1.333
1.8454
2.472
3.1519
3.8078
4.2963
4.4219
4.1653
3.8901
3.8592
4.0053
4.1989
4.3594
4.4588
4.5258
4.6658
4.9432
5.0752
4.7509
4.3994
4.2289
4.1911
4.2009
4.1958
4.1612
4.0933
3.9974
3.9258
3.8936
3.8821
3.875
3.8677
3.8619
3.859
3.8585
3.859
3.8593
3.8588
3.8577
3.8561
3.8542
3.8543
3.8564
3.859
3.8612
3.8626
3.8633
3.8639
3.8643
3.8648
3.8652
3.8655
3.8658
3.866
3.8662
3.8664
3.8665
3.8667
3.8668
3.8669
3.867
3.8671
3.8672
3.8673
3.8674
3.8676
3.8677
3.8679
3.868
3.8682
3.8683
3.8685
3.8686
3.8688
3.869
3.8691
3.8693
3.8695
3.8697
3.8699
3.8702
3.8705
3.8708
3.8711
3.8715
3.8719
3.8723
3.8729
3.8744
3.8772
3.8801
3.8819
3.8827
3.8829
3.883
3.8833
3.8836
3.8838
3.884
3.8841
