6.4164
1.4879
1.9795
2.6026
3.2851
3.9473
4.4369
4.5254
4.1697
3.7994
3.7192
3.8346
3.9778
4.038
3.9901
3.8901
3.7875
3.6633
3.5758
3.57
3.6071
3.6379
3.6435
3.6326
3.6207
3.615
3.6142
3.6157
3.6251
3.6794
3.6704
3.4523
3.2793
3.257
3.2978
3.3492
3.3778
3.3777
3.3628
3.348
3.34
3.3362
3.3327
3.3313
3.3316
3.3321
3.332
3.3315
3.3315
3.3198
3.2896
3.2696
3.2633
3.2633
3.2637
3.2629
3.2615
3.2603
3.2596
3.2591
3.2584
3.2574
3.2562
3.2551
3.254
3.253
3.2522
3.2516
3.2512
3.2508
3.2505
3.2503
3.2501
3.25
3.2499
3.2498
3.2498
3.2497
3.2497
3.2497
3.2497
3.2498
3.2498
3.2499
3.2499
3.2501
3.2503
3.2507
3.2508
3.2506
3.2503
3.2498
3.2495
3.2491
3.2489
3.2487
3.2486
3.2485
3.2484
3.2483
3.2483
