4.7766
1.4261
1.9073
2.5356
3.2187
3.8722
4.344
4.4234
4.1031
3.7918
3.7498
3.8825
4.0372
4.1163
4.0953
4.018
3.946
3.9035
3.876
3.7772
3.5896
3.3686
3.2314
3.1917
3.1942
3.2103
3.2304
3.2364
3.2319
3.2364
3.2531
3.2832
3.322
3.3586
3.3845
3.3966
3.3984
3.3957
3.3931
3.392
3.3917
3.3912
3.3903
3.3891
3.3881
3.3875
3.3851
3.3817
3.3797
3.3791
3.3789
3.3787
3.3782
3.3777
3.3772
3.3769
3.377
3.3771
3.377
3.3765
3.3759
3.3753
3.3746
3.3741
3.3735
3.373
3.3724
3.3718
3.3711
3.3705
3.3697
3.369
3.3682
3.3674
3.3665
3.3655
3.3644
3.3631
3.3617
3.36
3.358
3.3555
3.3523
3.348
3.3412
3.3307
3.3238
3.3219
3.3225
3.323
3.3229
3.3223
3.3218
3.3216
3.3215
3.3215
3.3214
3.3214
3.3213
3.3213
3.3213
