2.3734
10.309
7.8546
5.9195
4.6457
3.8779
3.5419
3.645
4.063
4.3576
4.3238
4.151
4.0267
4.0208
4.1066
4.202
4.2506
4.2659
4.2986
4.3946
4.6083
4.9982
5.3361
5.4077
5.2901
5.1457
5.0644
5.0558
5.088
5.1447
5.2751
5.5721
5.9292
6.1703
6.2169
6.1556
6.0853
6.0463
6.0352
6.0351
6.0341
6.0303
6.0256
6.0212
6.0179
6.0164
6.0165
6.0176
6.019
6.0204
6.0217
6.023
6.0243
6.0259
6.0277
6.0291
6.0299
6.0299
6.0292
6.0285
6.0285
6.0292
6.0297
6.0283
6.0256
6.0241
6.0247
6.0269
6.0296
6.0323
6.035
6.0379
6.0412
6.0449
6.049
6.0535
6.0585
6.0641
6.0706
6.0781
6.0872
6.0985
6.1132
6.1336
6.163
6.1948
6.2196
6.2385
6.2553
6.2653
6.2686
6.269
6.2694
6.2702
6.2713
6.2722
6.2729
6.2735
6.2742
6.2753
6.2751
