9.1829
13.113
8.9162
6.4445
4.9882
4.1785
3.8771
4.0409
4.4472
4.6469
4.5326
4.3214
4.1867
4.1854
4.2737
4.347
4.3478
4.3173
4.3412
4.5222
5.0167
5.7257
6.2
6.2513
6.0696
5.8755
5.7692
5.7492
5.7682
5.8004
5.8305
5.8559
5.8832
5.9135
5.9437
5.9708
5.9939
6.0138
6.0311
6.0433
6.05
6.0539
6.057
6.0592
6.0609
6.0626
6.0644
6.0663
6.0679
6.0692
6.0702
6.0708
6.0712
6.0714
6.0714
6.0712
6.071
6.0709
6.0708
6.0707
6.0707
6.0706
6.0698
6.067
6.0636
6.0619
6.0627
6.0649
6.0672
6.0688
6.0698
6.0706
6.0714
6.0722
6.073
6.0737
6.0744
6.0749
6.0754
6.0759
6.0763
6.0767
6.077
6.0773
6.0776
6.0778
6.0779
6.0781
6.0784
6.0788
6.0793
6.0797
6.08
6.0802
6.0803
6.0802
6.0799
6.0794
6.0786
6.0775
6.0754
