8.1892
12.462
8.5195
6.2469
4.8603
4.0555
3.7153
3.8056
4.1501
4.3461
4.2558
4.0614
3.9278
3.915
3.9919
4.0732
4.0975
4.0703
4.0304
4.0105
4.0273
4.0793
4.1511
4.2283
4.3146
4.4311
4.5968
4.819
5.1076
5.5752
6.4579
7.3626
7.6973
7.598
7.3505
7.1257
6.9954
6.9513
6.9506
6.9587
6.9633
6.9665
6.9677
6.9662
6.9646
6.9649
6.9672
6.9711
6.9769
6.9864
6.9931
6.9876
6.9764
6.9684
6.9658
6.9664
6.9675
6.9677
6.9673
6.9671
6.9679
6.9696
6.9719
6.9743
6.9766
6.9787
6.9805
6.982
6.9833
6.9845
6.9858
6.9871
6.9884
6.9898
6.9913
6.993
6.9948
6.9968
6.9991
7.0019
7.0052
7.0095
7.0152
7.0234
7.035
7.0438
7.0445
7.0403
7.0353
7.0301
7.0248
7.0207
7.0183
7.0172
7.0168
7.0165
7.0164
7.0162
7.0161
7.0161
7.0161
