4.9927
9.8227
7.4221
5.639
4.4625
3.7547
3.4601
3.5902
3.9889
4.2134
4.1182
3.9028
3.7343
3.6752
3.6994
3.7085
3.6206
3.4368
3.1677
2.6764
2.447
2.9144
3.6483
4.0683
4.069
3.8968
3.7302
3.6281
3.5922
3.6124
3.6583
3.6981
3.7255
3.7437
3.7552
3.7597
3.7586
3.7556
3.7541
3.7551
3.7579
3.7614
3.7649
3.7683
3.7714
3.7744
3.7772
3.7798
3.7821
3.7841
3.7857
3.787
3.7881
3.7891
3.7899
3.7904
3.7911
3.7921
3.7936
3.7954
3.7975
3.7997
3.8019
3.804
3.8059
3.8086
3.8122
3.8163
3.8201
3.8231
3.8254
3.8273
3.8289
3.8305
3.8319
3.8333
3.8345
3.8356
3.8365
3.8375
3.8383
3.8391
3.8398
3.8405
3.8411
3.8417
3.8423
3.8429
3.8434
3.844
3.8445
3.8449
3.8453
3.8457
3.846
3.8464
3.8467
3.8471
3.8475
3.848
3.8484
