1.958
1.5653
2.0059
2.6202
3.3053
3.9876
4.5308
4.719
4.4521
4.0798
3.9657
4.0902
4.3639
4.5408
4.3441
3.9249
3.6166
3.5207
3.5347
3.5581
3.5456
3.4826
3.4051
3.3748
3.3952
3.4354
3.4619
3.4518
3.4071
3.3589
3.3371
3.3413
3.355
3.3646
3.3655
3.3602
3.3527
3.3454
3.3391
3.3338
3.3298
3.3267
3.323
3.3197
3.3174
3.3158
3.3143
3.3127
3.3111
3.3094
3.3073
3.3047
3.3013
3.2967
3.2909
3.2845
3.2766
3.2669
3.2582
3.2516
3.2463
3.242
3.2392
3.2372
3.2355
3.2338
3.232
3.2302
3.2288
3.2276
3.2268
3.2261
3.2255
3.225
3.2246
3.2242
3.224
3.2238
3.2236
3.2235
3.2235
3.2235
3.2235
3.2236
3.2238
3.224
3.2244
3.225
3.2256
3.226
3.2263
3.2265
3.2266
3.2267
3.2267
3.2266
3.2266
3.2266
3.2267
3.2267
3.2267
