3.1476
9.8319
7.3645
5.5527
4.3632
3.6259
3.2656
3.2962
3.653
3.9564
3.9584
3.8092
3.6911
3.6832
3.7717
3.8787
3.9379
3.951
3.9598
3.9991
4.0778
4.1789
4.27
4.3282
4.3668
4.4263
4.5594
4.8249
5.1503
5.3848
5.5328
5.6296
5.6196
5.5397
5.455
5.4002
5.3908
5.4161
5.4529
5.4844
5.5068
5.5239
5.54
5.5564
5.5739
5.5933
5.6154
5.6415
5.675
5.7228
5.7686
5.7932
5.8019
5.8057
5.8107
5.8179
5.827
5.8335
5.8324
5.8245
5.8132
5.8005
5.7881
5.7774
5.7695
5.7639
5.7602
5.7577
5.756
5.7551
5.7548
5.7551
5.756
5.7573
5.7591
5.7612
5.7637
5.7667
5.7702
5.7744
5.7794
5.7857
5.7937
5.8045
5.8198
5.8349
5.8445
5.8493
5.8524
5.8543
5.8549
5.8551
5.8557
5.8567
5.8578
5.8587
5.8594
5.8599
5.8604
5.8608
5.8611
