0.63589
10.123
7.7148
5.8027
4.5797
3.8741
3.619
3.8134
4.2493
4.4608
4.3494
4.1409
4.0049
3.9969
4.076
4.1369
4.1116
4.029
3.9549
3.9339
3.9785
4.0912
4.2964
4.5489
4.7023
4.7236
4.674
4.6166
4.5799
4.5561
4.5319
4.5116
4.5076
4.5247
4.5555
4.5822
4.5957
4.5992
4.5999
4.6021
4.6064
4.6113
4.6154
4.6183
4.6203
4.6219
4.6235
4.6251
4.6267
4.6282
4.6297
4.6312
4.6329
4.6347
4.6362
4.6371
4.6378
4.6386
4.6397
4.6411
4.6427
4.6446
4.6465
4.6484
4.6502
4.6518
4.6532
4.6545
4.6556
4.6566
4.6575
4.6583
4.659
4.6596
4.6601
4.6606
4.661
4.6614
4.6617
4.662
4.6623
4.6626
4.6628
4.6631
4.6633
4.6635
4.6638
4.664
4.6643
4.6646
4.665
4.6657
4.6666
4.6675
4.6682
4.6687
4.669
4.6692
4.6695
4.6697
4.6699
