5.6557
1.43
1.9175
2.5471
3.2259
3.8621
4.2912
4.3025
3.9396
3.6398
3.6137
3.7428
3.8884
3.9772
3.994
3.9669
3.9356
3.9173
3.9001
3.8185
3.6636
3.4879
3.3759
3.3156
3.236
3.1636
3.141
3.1676
3.212
3.2475
3.2658
3.2785
3.2951
3.3114
3.3219
3.325
3.3228
3.3195
3.3174
3.317
3.3173
3.3175
3.3172
3.3169
3.3167
3.3168
3.3161
3.3149
3.3147
3.3154
3.3164
3.3171
3.3177
3.3182
3.3187
3.3193
3.3202
3.3212
3.3219
3.3223
3.3225
3.3226
3.3227
3.3228
3.323
3.3231
3.3233
3.3234
3.3236
3.3237
3.3238
3.324
3.3241
3.3243
3.3244
3.3246
3.3248
3.3249
3.3251
3.3253
3.3255
3.3257
3.3259
3.3261
3.3263
3.3264
3.3274
3.3294
3.3313
3.3326
3.3331
3.3333
3.3334
3.3336
3.3337
3.3339
3.334
3.334
3.334
3.334
3.334
