10.365
1.3476
1.9094
2.5679
3.267
3.9327
4.4141
4.4862
4.1186
3.744
3.6616
3.7766
3.9217
3.9906
3.9668
3.9246
3.8666
3.6317
3.4149
3.3455
3.3654
3.3932
3.3956
3.3792
3.3611
3.3499
3.3434
3.3363
3.326
3.311
3.2786
3.2265
3.2099
3.2408
3.2834
3.3106
3.3154
3.3049
3.2908
3.2811
3.2773
3.2771
3.278
3.2801
3.2836
3.2882
3.2937
3.3001
3.3009
3.2927
3.2819
3.2775
3.2794
3.2833
3.2862
3.2876
3.2883
3.289
3.2896
3.29
3.29
3.2897
3.2894
3.289
3.2887
3.2884
3.2883
3.2881
3.2881
3.288
3.288
3.2879
3.2879
3.2878
3.2878
3.2878
3.2877
3.2877
3.2876
3.2876
3.2876
3.2875
3.2875
3.2874
3.2874
3.2874
3.2874
3.2874
3.2872
3.2867
3.2861
3.2856
3.2853
3.2852
3.2852
3.2852
3.2853
3.2853
3.2853
3.2853
3.2853
