9.377
10.216
7.4062
5.5476
4.3826
3.7086
3.4675
3.6898
4.197
4.4691
4.3719
4.1568
4.0092
3.9847
4.0445
4.1
4.0921
4.0256
3.9312
3.8361
3.7576
3.6979
3.646
3.5865
3.5026
3.3761
3.2006
2.9708
2.6003
2.4727
2.8925
3.2944
3.4301
3.3957
3.3234
3.2784
3.2715
3.2873
3.3079
3.3251
3.3394
3.3544
3.372
3.3918
3.4124
3.4324
3.4516
3.4699
3.4879
3.5063
3.5248
3.5419
3.559
3.5801
3.6036
3.6209
3.6297
3.6324
3.632
3.6307
3.6301
3.6306
3.6322
3.6346
3.6378
3.6413
3.6451
3.6489
3.6526
3.6561
3.6594
3.6625
3.6655
3.6682
3.6707
3.673
3.6752
3.6771
3.6789
3.6805
3.682
3.6834
3.6846
3.6858
3.6868
3.6876
3.6881
3.6889
3.6908
3.6939
3.6976
3.701
3.7038
3.7058
3.7075
3.7088
3.71
3.7111
3.7121
3.7129
3.7137
