5.2436
9.256
6.8881
5.2192
4.1226
3.4352
3.0971
3.1491
3.5692
3.961
4.0223
3.9066
3.8181
3.8524
4.0168
4.2949
4.765
5.383
5.7193
5.7276
5.6329
5.5792
5.5873
5.6208
5.6456
5.6534
5.6523
5.6512
5.6541
5.6687
5.7123
5.7361
5.6917
5.6183
5.5632
5.5422
5.5471
5.5612
5.5715
5.5744
5.5733
5.5725
5.5727
5.5731
5.5737
5.5751
5.5778
5.5819
5.5876
5.5911
5.5891
5.5829
5.5768
5.5735
5.5733
5.5745
5.5754
5.5757
5.5757
5.5756
5.5755
5.5755
5.5754
5.5752
5.5751
5.5749
5.5748
5.5748
5.5747
5.5747
5.5747
5.5747
5.5747
5.5747
5.5747
5.5747
5.5748
5.5748
5.5748
5.5748
5.5748
5.5748
5.5748
5.5748
5.5749
5.5749
5.575
5.5752
5.5755
5.5758
5.5759
5.5758
5.5753
5.5749
5.5745
5.5743
5.5741
5.574
5.574
5.5739
5.5739
