12.369
11.718
8.0859
5.9623
4.6604
3.906
3.6054
3.7623
4.2249
4.5343
4.513
4.3735
4.3213
4.4682
4.7572
4.9747
5.0063
4.9282
4.8637
4.8884
5.0603
5.4165
5.7496
5.8765
5.8327
5.7471
5.7131
5.7656
5.8611
5.9175
5.9056
5.8559
5.8057
5.7728
5.7588
5.7596
5.7705
5.787
5.8042
5.817
5.8235
5.8272
5.8297
5.8292
5.8271
5.8252
5.8244
5.8248
5.8264
5.8288
5.8322
5.8365
5.842
5.8495
5.8597
5.8742
5.8952
5.9149
5.9262
5.93
5.9298
5.9258
5.9193
5.9123
5.9063
5.902
5.8992
5.8973
5.8955
5.8938
5.8922
5.8907
5.8895
5.8884
5.8874
5.8865
5.8855
5.8846
5.8835
5.8825
5.8813
5.8799
5.8784
5.8766
5.8743
5.8713
5.8669
5.8619
5.8573
5.8533
5.85
5.8474
5.8457
5.8446
5.844
5.8434
5.8429
5.8425
5.8421
5.8417
5.8412
