4.9394
9.8246
7.4001
5.5938
4.413
3.6984
3.3816
3.4676
3.8269
4.0521
3.974
3.7678
3.5944
3.5121
3.4967
3.4711
3.3715
3.1873
2.9246
2.5362
1.7681
0.10746
0
0
0.23616
0.78367
1.1012
1.1956
1.2194
1.2586
1.3263
1.4046
1.48
1.5494
1.6117
1.6638
1.7029
1.7302
1.7496
1.7649
1.778
1.7887
1.7963
1.8009
1.8032
1.8043
1.8046
1.8045
1.8039
1.8028
1.8013
1.7995
1.7973
1.7949
1.7923
1.7894
1.7864
1.7834
1.7805
1.7777
1.7754
1.7738
1.7732
1.7735
1.7744
1.7756
1.7771
1.7787
1.7804
1.782
1.7835
1.785
1.7863
1.7874
1.7883
1.789
1.7894
1.7897
1.7897
1.7895
1.789
1.7883
1.7873
1.786
1.7843
1.7821
1.7793
1.7757
1.7706
1.7637
1.7554
1.7473
1.7406
1.7355
1.7316
1.7284
1.7253
1.7226
1.7201
1.7181
1.7164
