11.856
1.3504
1.8418
2.4517
3.1204
3.7629
4.2275
4.3149
4.0238
3.7329
3.6848
3.7943
3.9087
3.9123
3.7684
3.5989
3.524
3.5493
3.6146
3.6648
3.6793
3.6764
3.6657
3.5178
3.2931
3.1804
3.1825
3.21
3.2084
3.1909
3.1852
3.199
3.2222
3.2411
3.2489
3.2478
3.244
3.2418
3.2422
3.2441
3.2458
3.2466
3.2464
3.2455
3.2444
3.2432
3.2421
3.2408
3.2395
3.2381
3.2366
3.2348
3.2329
3.2307
3.2282
3.2255
3.2224
3.2183
3.216
3.2164
3.2182
3.2202
3.2225
3.2247
3.2263
3.2274
3.228
3.2285
3.2288
3.2291
3.2293
3.2295
3.2295
3.2296
3.2296
3.2297
3.2297
3.2297
3.2297
3.2297
3.2297
3.2297
3.2297
3.2297
3.2297
3.2297
3.2297
3.2297
3.2296
3.2296
3.2295
3.2293
3.2292
3.2291
3.2291
3.2291
3.2291
3.2291
3.2292
3.2292
3.2292
