12.623
11.37
7.8677
5.8336
4.5753
3.837
3.5286
3.6404
4.0118
4.2302
4.1586
3.9848
3.8731
3.886
4.003
4.1504
4.2687
4.363
4.4972
4.7579
5.1134
5.4142
5.5504
5.5678
5.5506
5.5474
5.6045
5.7296
5.8112
5.7971
5.7154
5.6096
5.5169
5.4588
5.4399
5.4513
5.4771
5.5039
5.5256
5.5423
5.5566
5.5702
5.5834
5.5958
5.6075
5.6187
5.6299
5.6383
5.6433
5.6464
5.649
5.6516
5.6543
5.6567
5.6587
5.6602
5.6616
5.6633
5.6656
5.6684
5.6713
5.674
5.6766
5.6791
5.6816
5.6842
5.6869
5.6898
5.6928
5.6959
5.6991
5.7026
5.7063
5.7103
5.7147
5.7195
5.7251
5.7314
5.7389
5.7479
5.759
5.7735
5.7932
5.8224
5.8676
5.9072
5.9245
5.9269
5.925
5.9239
5.9242
5.9249
5.9253
5.9252
5.9249
5.9247
5.9245
5.9244
5.9243
5.9242
5.9241
