2.5736
9.854
7.3221
5.4703
4.2943
3.5833
3.2563
3.3321
3.7309
4.0368
4.0064
3.8103
3.6301
3.5294
3.4692
3.345
3.3787
3.9386
4.3529
4.3983
4.3028
4.2403
4.2418
4.2721
4.2952
4.3014
4.2989
4.2961
4.2951
4.3027
4.3432
4.3953
4.3948
4.3513
4.3142
4.3088
4.332
4.3663
4.3952
4.4124
4.4208
4.4261
4.431
4.435
4.4381
4.4413
4.4458
4.4528
4.4659
4.4804
4.4875
4.4847
4.477
4.4705
4.4674
4.4665
4.4663
4.4661
4.466
4.4662
4.4667
4.4673
4.4678
4.4682
4.4684
4.4685
4.4686
4.4686
4.4687
4.4687
4.4688
4.4689
4.469
4.4691
4.4693
4.4694
4.4695
4.4697
4.4699
4.47
4.4703
4.4705
4.4708
4.4711
4.4714
4.4719
4.4724
4.4733
4.4747
4.4763
4.4777
4.4785
4.4787
4.4786
4.4784
4.4782
4.478
4.4779
4.4778
4.4777
4.4776
