5.9745
1.2697
1.7797
2.408
3.0921
3.7569
4.2611
4.3935
4.0963
3.7477
3.6617
3.77
3.9125
3.9812
3.952
3.8807
3.8366
3.8376
3.8568
3.8649
3.8606
3.7012
3.4164
3.2415
3.2245
3.2856
3.3396
3.3439
3.3265
3.3297
3.3524
3.3577
3.3278
3.2918
3.2804
3.2957
3.319
3.3355
3.3417
3.3418
3.3417
3.3438
3.3468
3.3501
3.3536
3.3566
3.3587
3.3598
3.3601
3.3599
3.3595
3.3587
3.3577
3.3565
3.355
3.3532
3.3514
3.3493
3.347
3.3442
3.3401
3.3338
3.3226
3.312
3.3068
3.3053
3.3044
3.3027
3.3004
3.2983
3.2966
3.2953
3.2942
3.2931
3.292
3.2909
3.2899
3.2889
3.2879
3.2868
3.2857
3.2844
3.283
3.2812
3.2787
3.2754
3.273
3.272
3.2715
3.2707
3.2705
3.2705
3.2702
3.269
3.2672
3.2649
3.2619
3.2582
3.2532
3.244
3.2298
