10.825
1.4561
1.9437
2.564
3.2448
3.9082
4.409
4.5335
4.2307
3.8803
3.7918
3.9025
4.0562
4.1477
4.1638
4.2088
4.1562
3.8047
3.5024
3.4269
3.4777
3.5394
3.5632
3.555
3.5392
3.53
3.5254
3.5164
3.5147
3.5336
3.5656
3.5943
3.6117
3.6168
3.6086
3.5882
3.5625
3.54
3.5257
3.5193
3.5177
3.5174
3.5165
3.515
3.5132
3.5116
3.5099
3.5081
3.5055
3.5021
3.5009
3.502
3.5039
3.5048
3.5043
3.5031
3.5019
3.5011
3.5007
3.5004
3.5001
3.4999
3.4997
3.4996
3.4996
3.4995
3.4995
3.4995
3.4994
3.4994
3.4994
3.4994
3.4994
3.4994
3.4994
3.4995
3.4995
3.4996
3.4996
3.4997
3.4998
3.4999
3.5
3.5001
3.5003
3.5005
3.5011
3.5019
3.5025
3.5025
3.5019
3.5011
3.5006
3.5002
3.4999
3.4997
3.4995
3.4993
3.4991
3.499
3.4988
