13.692
1.4619
1.951
2.5759
3.2601
3.9287
4.4373
4.5661
4.2555
3.9044
3.8304
3.9565
4.1187
4.2038
4.1802
4.1034
4.0469
4.0312
4.0565
4.122
4.2036
4.2745
4.3264
4.3706
4.4232
4.4929
4.5825
4.701
4.8984
5.43
6.05
6.1273
6.0172
6.0258
6.0447
6.1297
6.2173
6.2701
6.2892
6.2945
6.303
6.3179
6.3328
6.3514
6.3764
6.4086
6.4508
6.511
6.6113
6.6717
6.6454
6.6135
6.5991
6.5977
6.5998
6.6007
6.6003
6.5997
6.5999
6.601
6.6026
6.604
6.6049
6.6054
6.6056
6.6056
6.6054
6.6052
6.6051
6.605
6.6049
6.6049
6.6048
6.6047
6.6045
6.6044
6.6043
6.6042
6.6041
6.6039
6.6037
6.6035
6.6032
6.6029
6.6023
6.6015
6.6009
6.6013
6.6022
6.6029
6.6033
6.6035
6.6037
6.6036
6.6035
6.6034
6.6033
6.6032
6.6032
6.6031
6.6031
