8.1662
1.2913
1.7941
2.4168
3.0976
3.7625
4.2725
4.4203
4.1455
3.8111
3.7299
3.8407
3.9854
4.0552
4.025
3.9522
3.9083
3.9123
3.9364
3.9458
3.9241
3.8648
3.7882
3.7778
3.8616
4.0049
4.1654
4.3264
4.5167
4.8594
5.6868
6.4327
6.706
6.429
6.1294
6
6.0018
6.0451
6.0799
6.0967
6.1041
6.1102
6.1174
6.1253
6.133
6.1399
6.1455
6.1501
6.154
6.1575
6.1609
6.1646
6.1694
6.1743
6.1782
6.1808
6.1826
6.1843
6.1867
6.1907
6.1956
6.2007
6.2055
6.2103
6.2153
6.2204
6.2251
6.2296
6.2341
6.239
6.2444
6.2504
6.2568
6.2637
6.2713
6.2798
6.2895
6.3008
6.3143
6.3307
6.3517
6.3796
6.4195
6.4824
6.5385
6.5585
6.5721
6.5955
6.5947
6.5839
6.5776
6.5767
6.578
6.5792
6.5799
6.5801
6.5802
6.5803
6.5806
6.5808
6.5811
