14.849
11.079
7.7068
5.7457
4.5279
3.8234
3.5563
3.7198
4.1155
4.3027
4.1824
3.9559
3.7667
3.6601
3.6228
3.6107
3.5864
3.551
3.5351
3.5399
3.534
3.4818
3.3778
3.3566
3.6705
4.1272
4.2817
4.2017
4.0386
3.9371
3.8992
3.8942
3.9017
3.916
3.9349
3.9537
3.9671
3.9729
3.9724
3.9689
3.965
3.9613
3.9574
3.9532
3.9493
3.9459
3.9432
3.9409
3.9389
3.9371
3.9354
3.9338
3.9322
3.9304
3.9284
3.9259
3.923
3.9198
3.9162
3.9123
3.9084
3.9046
3.9011
3.8978
3.8947
3.8919
3.8893
3.8871
3.8853
3.8839
3.8827
3.8819
3.8812
3.8808
3.8805
3.8803
3.8802
3.8801
3.8802
3.8802
3.8803
3.8804
3.8805
3.8807
3.8808
3.881
3.8812
3.8814
3.8816
3.8818
3.882
3.8822
3.8823
3.8825
3.8826
3.8826
3.8826
3.8827
3.8827
3.8827
3.8828
