2.2205
1.6335
2.0994
2.7329
3.4291
4.1084
4.6166
4.7036
4.2977
3.8768
3.7836
3.9026
4.0511
4.1152
4.0717
3.9838
3.9282
3.9262
3.953
3.9764
3.9773
3.9541
3.9165
3.8686
3.8169
3.8034
3.8505
3.9434
4.0264
3.9312
3.658
3.4769
3.4428
3.4863
3.544
3.5838
3.6009
3.6048
3.6062
3.61
3.6156
3.6211
3.625
3.6274
3.6292
3.6311
3.6335
3.6366
3.6403
3.6447
3.65
3.6571
3.6666
3.6768
3.6756
3.6713
3.6692
3.6694
3.6709
3.673
3.6748
3.6756
3.6757
3.6751
3.6741
3.6728
3.6713
3.6699
3.6685
3.6672
3.6661
3.665
3.664
3.6631
3.6623
3.6615
3.6609
3.6603
3.6598
3.6593
3.6589
3.6585
3.6582
3.6579
3.6577
3.6575
3.6574
3.6575
3.6574
3.6568
3.6559
3.6549
3.6542
3.6538
3.6535
3.6533
3.6531
3.6529
3.6527
3.6526
3.6524
