4.7501
1.5362
2.0425
2.6874
3.3873
4.0656
4.5694
4.6496
4.2337
3.7944
3.675
3.763
3.8775
3.8766
3.6833
3.4167
3.2755
3.2661
3.305
3.323
3.279
3.1641
3.0684
3.0362
3.0307
3.0353
3.0455
3.0604
3.0749
3.0849
3.0919
3.0978
3.101
3.0995
3.0922
3.0856
3.0849
3.0888
3.0939
3.0975
3.0993
3.0998
3.0999
3.1
3.1002
3.1003
3.1003
3.1001
3.0997
3.0992
3.0986
3.0979
3.0971
3.0955
3.0939
3.0936
3.0942
3.0953
3.0967
3.0982
3.0997
3.1012
3.1025
3.1036
3.1045
3.1051
3.1056
3.1059
3.1063
3.1067
3.1071
3.1074
3.1076
3.1078
3.108
3.1081
3.1082
3.1083
3.1084
3.1084
3.1085
3.1085
3.1086
3.1086
3.1086
3.1086
3.1086
3.1086
3.1086
3.1086
3.1086
3.1086
3.1086
3.1087
3.1087
3.1088
3.1088
3.1088
3.1089
3.1089
3.1088
