8.6645
1.6036
2.1038
2.7458
3.4472
4.1341
4.6573
4.768
4.3755
3.9437
3.8379
3.9523
4.1016
4.1683
4.1249
4.0317
3.9666
3.9545
3.9729
3.9899
3.9864
3.9597
3.9168
3.8472
3.7443
3.6744
3.6855
3.7817
3.9016
3.8151
3.547
3.3732
3.3424
3.3881
3.4509
3.4999
3.5294
3.5467
3.5604
3.5747
3.5895
3.6029
3.6141
3.6235
3.6319
3.6403
3.6489
3.6579
3.6677
3.6782
3.6901
3.7041
3.7212
3.7395
3.7409
3.7379
3.7368
3.7377
3.7395
3.7413
3.7424
3.7426
3.7422
3.7416
3.7407
3.7399
3.7391
3.7383
3.7377
3.7371
3.7366
3.7362
3.7357
3.7354
3.7351
3.7348
3.7346
3.7344
3.7342
3.7341
3.734
3.7339
3.7339
3.734
3.734
3.7342
3.7346
3.7354
3.7359
3.7358
3.7353
3.7346
3.7342
3.734
3.734
3.734
3.7339
3.7339
3.7338
3.7337
3.7337
