12.88
11.172
7.9464
5.8999
4.6338
3.9067
3.6335
3.8045
4.2189
4.4246
4.3153
4.1082
3.9707
3.9551
4.0207
4.0751
4.0609
3.9992
3.9442
3.9347
3.9806
4.0829
4.2612
4.4741
4.6001
4.6105
4.561
4.5228
4.5257
4.5277
4.4924
4.4366
4.3924
4.3753
4.3805
4.3901
4.392
4.3868
4.3806
4.3774
4.3779
4.3802
4.3825
4.3841
4.3851
4.386
4.3868
4.3876
4.3884
4.389
4.3894
4.3897
4.3898
4.3899
4.3898
4.3895
4.3893
4.3893
4.3895
4.3897
4.3899
4.3901
4.3902
4.3901
4.3899
4.3896
4.3892
4.3888
4.3885
4.3881
4.3878
4.3876
4.3873
4.3872
4.387
4.3869
4.3868
4.3867
4.3867
4.3867
4.3866
4.3866
4.3867
4.3867
4.3867
4.3867
4.3867
4.3866
4.3865
4.3863
4.3862
4.3866
4.3873
4.3882
4.3889
4.3893
4.3895
4.3895
4.3896
4.3897
4.3898
