12.994
1.4557
1.9445
2.5928
3.2864
3.9386
4.3906
4.4272
4.0685
3.7548
3.6308
3.548
3.4585
3.3938
3.3632
3.3537
3.3536
3.3566
3.3569
3.3511
3.3471
3.3579
3.3807
3.3654
3.2696
3.1631
3.1173
3.1305
3.1682
3.2007
3.2153
3.2158
3.2116
3.2078
3.2052
3.2035
3.2026
3.2027
3.2038
3.2057
3.2075
3.2083
3.2083
3.2079
3.2077
3.2078
3.208
3.2082
3.2086
3.2089
3.2091
3.2092
3.2092
3.2092
3.2092
3.2092
3.2093
3.2093
3.2092
3.2091
3.2089
3.2087
3.2085
3.2083
3.2082
3.2081
3.208
3.208
3.208
3.2079
3.2079
3.2079
3.2079
3.2079
3.208
3.208
3.208
3.208
3.208
3.2081
3.2081
3.2081
3.2081
3.2081
3.2081
3.2081
3.2081
3.208
3.2079
3.2078
3.2076
3.2074
3.2073
3.2073
3.2073
3.2074
3.2074
3.2074
3.2073
3.2073
3.2073
