14.115
11.797
8.3067
6.1402
4.8001
4.027
3.7144
3.8242
4.1582
4.3237
4.2203
4.0126
3.8167
3.6748
3.5937
3.5654
3.5904
3.7296
4.0585
4.4529
4.6777
4.7088
4.6609
4.6264
4.6469
4.7582
5.0048
5.3146
5.4739
5.487
5.4466
5.4097
5.3888
5.378
5.3713
5.3665
5.3635
5.3622
5.3621
5.3626
5.3634
5.3639
5.3634
5.3621
5.361
5.3605
5.3604
5.3606
5.3606
5.3606
5.3605
5.3604
5.3604
5.3603
5.3602
5.3602
5.3602
5.3601
5.3601
5.3601
5.36
5.36
5.36
5.3599
5.3598
5.3598
5.3597
5.3597
5.3597
5.3596
5.3596
5.3596
5.3595
5.3595
5.3595
5.3594
5.3594
5.3593
5.3593
5.3592
5.3592
5.3591
5.359
5.3589
5.3587
5.3585
5.3582
5.3578
5.3571
5.3562
5.3553
5.3551
5.3556
5.3565
5.3571
5.3574
5.3574
5.3574
5.3574
5.3574
5.3574
