6.9908
1.5249
1.9688
2.5921
3.2814
3.9618
4.4939
4.6552
4.3518
3.9661
3.8581
3.9651
4.1157
4.1918
4.1619
4.0866
4.0473
4.0662
4.1112
4.1407
4.1327
4.0929
4.0481
4.0384
4.0858
4.2045
4.4545
4.5539
4.3443
4.0216
3.778
3.6697
3.6741
3.7395
3.8159
3.8731
3.9016
3.9067
3.9015
3.897
3.8972
3.9006
3.904
3.9055
3.9051
3.9028
3.8988
3.8928
3.8845
3.8724
3.8546
3.8387
3.828
3.82
3.8112
3.8002
3.7777
3.7401
3.7013
3.6678
3.638
3.6126
3.594
3.5804
3.5696
3.5601
3.5516
3.5442
3.5378
3.5325
3.528
3.5241
3.5208
3.5178
3.5152
3.5129
3.5107
3.5087
3.5068
3.5049
3.503
3.501
3.4987
3.496
3.4924
3.4877
3.4838
3.4815
3.48
3.4787
3.4778
3.4773
3.4768
3.4762
3.4755
3.4749
3.4743
3.4739
3.4735
3.4732
3.4729
