9.6445
1.1391
1.6346
2.2409
2.9025
3.5349
3.9953
4.1124
3.9003
3.6841
3.6779
3.8152
3.9619
4.0257
3.9945
3.9315
3.9056
3.9341
4.0149
4.148
4.3166
4.5074
4.7356
5.0619
5.6809
7.0365
8.217
8.4945
8.0665
7.4452
6.9927
6.704
6.5774
6.5648
6.5997
6.6343
6.6503
6.651
6.6474
6.6465
6.6488
6.6518
6.6535
6.6535
6.6527
6.6519
6.6515
6.6515
6.6518
6.6522
6.653
6.654
6.6551
6.6557
6.6558
6.6558
6.6564
6.6575
6.6587
6.6595
6.6597
6.6597
6.6598
6.66
6.6605
6.6611
6.6617
6.6623
6.663
6.6637
6.6645
6.6654
6.6665
6.6678
6.6694
6.6713
6.6736
6.6766
6.6804
6.6855
6.6927
6.7033
6.7203
6.7517
6.7712
6.7389
6.7043
6.6874
6.6849
6.6874
6.6895
6.6899
6.6893
6.6887
6.6883
6.6881
6.6881
6.688
6.6879
6.6878
6.6878
