3.2075
1.4629
1.9906
2.6355
3.3311
4.0012
4.4938
4.5737
4.1916
3.792
3.69
3.7834
3.9008
3.901
3.712
3.4404
3.2861
3.2698
3.3126
3.3458
3.3427
3.3132
3.2815
3.2564
3.2342
3.2297
3.2442
3.2664
3.2825
3.2874
3.2897
3.2924
3.2918
3.2843
3.2684
3.2531
3.2455
3.245
3.2475
3.2496
3.25
3.2494
3.2486
3.2482
3.2483
3.2486
3.249
3.2495
3.25
3.2506
3.2515
3.2526
3.254
3.2533
3.2519
3.2517
3.2525
3.2539
3.2555
3.2573
3.259
3.2606
3.262
3.2631
3.2639
3.2645
3.2648
3.2651
3.2654
3.2656
3.2658
3.2659
3.266
3.266
3.266
3.266
3.266
3.2661
3.2661
3.2661
3.2661
3.2661
3.2661
3.2661
3.2661
3.2661
3.266
3.266
3.266
3.266
3.2659
3.2659
3.2658
3.2658
3.2658
3.2658
3.2659
3.2659
3.266
3.266
3.266
