4.7044
1.315
1.7994
2.4215
3.0974
3.7417
4.2033
4.2823
3.9774
3.6698
3.6087
3.7124
3.8343
3.8364
3.6327
3.3903
3.2712
3.2821
3.3435
3.3905
3.3991
3.3784
3.3517
3.3416
3.355
3.3933
3.4443
3.4166
3.2831
3.143
3.0668
3.0625
3.1004
3.1455
3.1773
3.192
3.1952
3.194
3.1934
3.1947
3.1974
3.2001
3.2018
3.2024
3.2025
3.2025
3.2025
3.2025
3.2026
3.203
3.2036
3.2047
3.2065
3.2091
3.2129
3.2196
3.2223
3.2175
3.2159
3.2213
3.2245
3.2278
3.2341
3.2418
3.2492
3.2555
3.2605
3.2646
3.2681
3.271
3.2736
3.2757
3.2775
3.279
3.2803
3.2813
3.2823
3.2831
3.2838
3.2844
3.285
3.2856
3.2861
3.2866
3.2871
3.2876
3.2884
3.2893
3.2903
3.2911
3.2917
3.2923
3.2927
3.293
3.2932
3.2934
3.2936
3.2938
3.294
3.2941
3.2942
