5.6378
10.078
7.4269
5.5888
4.4221
3.7466
3.509
3.7374
4.2465
4.5189
4.4281
4.2279
4.1076
4.1334
4.2659
4.381
4.3906
4.3308
4.282
4.294
4.3711
4.4874
4.6282
4.8762
5.2154
5.4999
5.6214
5.6038
5.5242
5.439
5.373
5.3376
5.3362
5.3713
5.4357
5.4818
5.4947
5.4867
5.4748
5.4679
5.4668
5.4686
5.4704
5.4713
5.4717
5.472
5.4728
5.474
5.4755
5.4773
5.4794
5.4817
5.4845
5.4877
5.4902
5.4915
5.4923
5.4932
5.4944
5.4958
5.4975
5.4993
5.5011
5.503
5.5047
5.5064
5.508
5.5095
5.5107
5.5119
5.513
5.514
5.515
5.5158
5.5165
5.5171
5.5176
5.5181
5.5185
5.5189
5.5192
5.5194
5.5197
5.5199
5.5201
5.5203
5.5204
5.5206
5.5207
5.5208
5.521
5.5211
5.5213
5.5213
5.5213
5.5212
5.5211
5.5211
5.5212
5.5212
5.5213
