7.1758
9.4867
7.054
5.3477
4.2433
3.584
3.3273
3.5193
4.0256
4.3381
4.2861
4.1097
4.0005
4.0218
4.1387
4.2601
4.3233
4.3371
4.3448
4.379
4.4481
4.5469
4.6852
4.9051
5.1365
5.238
5.2086
5.1544
5.2029
5.3914
5.5516
5.5608
5.4802
5.3976
5.3525
5.3451
5.3585
5.3762
5.39
5.3999
5.4086
5.4179
5.428
5.4378
5.4467
5.4545
5.4615
5.4681
5.4748
5.4819
5.4896
5.4983
5.5088
5.5222
5.5356
5.5431
5.5454
5.5453
5.5443
5.5434
5.5434
5.5443
5.5458
5.5475
5.5491
5.5505
5.5516
5.5525
5.5532
5.5538
5.5543
5.5547
5.555
5.5553
5.5555
5.5556
5.5558
5.5559
5.556
5.556
5.5561
5.5561
5.5561
5.5561
5.556
5.5559
5.5557
5.5556
5.5559
5.5565
5.557
5.5573
5.5572
5.5569
5.5566
5.5564
5.5563
5.5562
5.5561
5.556
5.556
