13.051
1.5501
1.9819
2.5903
3.2688
3.9384
4.4566
4.6085
4.3226
3.9684
3.8741
3.984
4.1388
4.2288
4.2341
4.2433
4.223
3.9381
3.6535
3.5464
3.5509
3.5695
3.5601
3.5279
3.4916
3.4601
3.4247
3.3663
3.3085
3.2776
3.2776
3.3121
3.3673
3.4263
3.4724
3.4962
3.5012
3.498
3.4957
3.498
3.5038
3.5106
3.5168
3.5221
3.5273
3.5326
3.5383
3.5443
3.5469
3.5449
3.5448
3.5479
3.553
3.5578
3.5613
3.5636
3.5657
3.5678
3.5696
3.571
3.5719
3.5726
3.5732
3.5738
3.5743
3.5749
3.5754
3.5758
3.5762
3.5766
3.5769
3.5772
3.5774
3.5776
3.5779
3.5781
3.5783
3.5786
3.5788
3.5791
3.5794
3.5798
3.5802
3.5807
3.5813
3.582
3.5838
3.5866
3.5894
3.591
3.5915
3.5914
3.5911
3.591
3.591
3.5909
3.5908
3.5907
3.5905
3.5904
3.5903
