5.9309
10.314
7.4023
5.5474
4.3793
3.6901
3.4147
3.57
4.0039
4.26
4.1874
3.9944
3.8502
3.8127
3.8633
3.9384
3.9839
3.9949
4.0018
4.0411
4.1174
4.2113
4.3217
4.5271
4.8046
5.0068
5.0591
5.0264
5.0185
5.0682
5.0947
5.0548
4.9806
4.9076
4.854
4.8225
4.8056
4.7945
4.7844
4.7749
4.7675
4.7629
4.7607
4.76
4.7602
4.761
4.7625
4.7639
4.7647
4.7654
4.7663
4.7676
4.7693
4.7715
4.7738
4.7748
4.7743
4.7731
4.7723
4.772
4.7721
4.7722
4.7723
4.7721
4.7719
4.7716
4.7713
4.771
4.7707
4.7704
4.7701
4.7698
4.7695
4.7692
4.7689
4.7686
4.7682
4.7678
4.7674
4.767
4.7665
4.7659
4.7652
4.7644
4.7634
4.7616
4.7578
4.7531
4.7496
4.7477
4.7471
4.7469
4.7467
4.7465
4.7463
4.7462
4.7461
4.7462
4.7462
4.7463
4.7463
