4.5375
10.922
8.0812
6.0382
4.7289
3.9547
3.624
3.717
4.0711
4.2782
4.1903
3.99
3.8438
3.813
3.8704
3.9344
3.9424
3.894
3.8188
3.7452
3.6934
3.6688
3.6624
3.6598
3.6565
3.6612
3.6838
3.725
3.7695
3.8128
4.2957
5.3028
5.7994
5.9456
5.9284
5.8592
5.8313
5.863
5.9253
5.9872
6.0383
6.0842
6.1219
6.1491
6.1708
6.1921
6.2163
6.2456
6.2844
6.3408
6.3874
6.3981
6.3867
6.373
6.3654
6.3628
6.3619
6.3605
6.3584
6.3565
6.356
6.3569
6.3586
6.3607
6.3628
6.3647
6.3663
6.3674
6.3683
6.369
6.3696
6.3702
6.3708
6.3714
6.3719
6.3724
6.373
6.3736
6.3743
6.3751
6.3762
6.3776
6.3795
6.3822
6.3863
6.3891
6.3876
6.3829
6.3778
6.3729
6.3685
6.3649
6.3626
6.3612
6.3604
6.3598
6.3593
6.3589
6.3586
6.3584
6.3583
