6.3676
1.6263
2.1052
2.7357
3.4311
4.1113
4.6221
4.7125
4.306
3.883
3.7934
3.9213
4.084
4.1644
4.1309
4.0573
4.0505
4.1385
4.2806
4.4309
4.5741
4.7531
5.261
5.7262
5.8832
5.7462
5.4905
5.2843
5.1829
5.1649
5.1998
5.2706
5.3768
5.481
5.4787
5.4331
5.3941
5.3779
5.3778
5.3822
5.3841
5.3826
5.3794
5.3764
5.3744
5.3731
5.3721
5.371
5.3698
5.3685
5.3673
5.3659
5.3645
5.363
5.3614
5.3604
5.36
5.3597
5.3591
5.3583
5.3573
5.3562
5.3551
5.354
5.3529
5.352
5.3511
5.3503
5.3496
5.3491
5.3486
5.3482
5.3477
5.3473
5.3469
5.3465
5.3462
5.3459
5.3456
5.3454
5.3452
5.345
5.3448
5.3447
5.3445
5.3444
5.3443
5.3442
5.3441
5.344
5.3439
5.3438
5.3438
5.3437
5.3437
5.3438
5.3439
5.3439
5.3438
5.3438
5.3437
