8.9788
9.3706
6.9275
5.2603
4.1745
3.516
3.2451
3.422
3.9506
4.3165
4.3059
4.158
4.0848
4.1838
4.4296
4.6537
4.7296
4.7112
4.7064
4.7853
4.981
5.2447
5.4645
5.6939
5.9234
6.0872
6.1418
6.1107
6.0487
5.9926
5.9561
5.9426
5.954
5.9909
6.0367
6.0642
6.0693
6.0631
6.0565
6.0545
6.0564
6.0597
6.0627
6.0647
6.0661
6.0674
6.0688
6.0704
6.0722
6.074
6.076
6.0782
6.0808
6.0835
6.0852
6.0855
6.0854
6.0856
6.0861
6.087
6.0881
6.0895
6.0909
6.0923
6.0937
6.095
6.0961
6.097
6.0977
6.0982
6.0986
6.099
6.0995
6.0998
6.1002
6.1005
6.1007
6.1009
6.1011
6.1013
6.1014
6.1015
6.1016
6.1017
6.1018
6.1019
6.1019
6.102
6.102
6.102
6.102
6.102
6.1019
6.1019
6.1018
6.1018
6.1018
6.1018
6.1019
6.1019
6.1019
