11.697
1.3605
1.8288
2.4416
3.1121
3.7525
4.2103
4.2873
3.9881
3.6884
3.6037
3.6358
3.7021
3.7648
3.8036
3.8136
3.8033
3.771
3.6545
3.4801
3.3642
3.3607
3.4226
3.5009
3.5855
3.6797
3.6673
3.5121
3.3895
3.3466
3.3481
3.3587
3.3649
3.3667
3.3673
3.3681
3.3689
3.3694
3.3694
3.3693
3.369
3.3683
3.3678
3.3678
3.368
3.3682
3.3681
3.368
3.3678
3.3677
3.3677
3.3676
3.3676
3.3676
3.3676
3.3675
3.3675
3.3675
3.3675
3.3675
3.3675
3.3675
3.3675
3.3675
3.3675
3.3675
3.3675
3.3676
3.3676
3.3676
3.3676
3.3676
3.3676
3.3677
3.3677
3.3677
3.3677
3.3677
3.3677
3.3677
3.3677
3.3677
3.3677
3.3678
3.3678
3.3678
3.3679
3.3679
3.368
3.3682
3.3685
3.3686
3.3684
3.368
3.3677
3.3675
3.3674
3.3674
3.3674
3.3673
3.3673
