9.1635
1.255
1.7846
2.416
3.0947
3.7422
4.2131
4.3172
4.0562
3.7956
3.7751
3.9197
4.0992
4.2303
4.2803
4.267
4.2434
4.2291
4.0886
3.7563
3.4925
3.4082
3.4255
3.4636
3.4769
3.4636
3.416
3.3345
3.2804
3.266
3.2697
3.2744
3.2756
3.2752
3.2754
3.2764
3.2776
3.2782
3.2781
3.2776
3.2768
3.2761
3.2767
3.2784
3.2803
3.2817
3.2824
3.2828
3.283
3.2832
3.2835
3.2837
3.2839
3.2841
3.2843
3.2844
3.2845
3.2846
3.2848
3.2849
3.2849
3.285
3.2851
3.2852
3.2854
3.2855
3.2856
3.2857
3.2858
3.286
3.2861
3.2862
3.2863
3.2865
3.2866
3.2868
3.2869
3.2871
3.2873
3.2875
3.2877
3.2879
3.2882
3.2885
3.2888
3.2892
3.2896
3.2901
3.2908
3.2924
3.295
3.2975
3.299
3.2996
3.2998
3.2999
3.3001
3.3004
3.3006
3.3007
3.3008
