2.1001
1.5682
2.0365
2.6627
3.3513
4.0159
4.4976
4.5566
4.1584
3.7753
3.709
3.8403
3.9944
4.0596
4.0093
3.92
3.8945
3.9532
4.05
4.1341
4.1845
4.2248
4.3748
4.553
4.5674
4.4363
4.2923
4.2051
4.1812
4.2019
4.2518
4.3228
4.4154
4.4962
4.4936
4.4638
4.4423
4.4381
4.4443
4.4518
4.4561
4.457
4.4564
4.4558
4.4557
4.4559
4.4561
4.4561
4.4558
4.4554
4.4549
4.4543
4.4535
4.4525
4.4515
4.4511
4.4511
4.4512
4.4511
4.4508
4.4503
4.4497
4.449
4.4484
4.4477
4.4471
4.4466
4.4462
4.4458
4.4455
4.4452
4.445
4.4447
4.4445
4.4443
4.4441
4.444
4.4439
4.4439
4.4438
4.4438
4.4437
4.4437
4.4437
4.4436
4.4436
4.4436
4.4436
4.4436
4.4435
4.4435
4.4435
4.4434
4.4433
4.4433
4.4434
4.4435
4.4435
4.4436
4.4436
4.4435
