15.815
11.448
7.7907
5.7372
4.507
3.8123
3.5739
3.8086
4.3192
4.5913
4.5064
4.3201
4.2269
4.3061
4.5211
4.7147
4.7674
4.7252
4.6851
4.7007
4.7715
4.8656
4.9619
5.0943
5.2509
5.3695
5.4137
5.4002
5.3638
5.3273
5.3002
5.2919
5.3101
5.3563
5.415
5.4563
5.4716
5.4707
5.466
5.4645
5.4667
5.4705
5.4738
5.4761
5.4778
5.4794
5.4813
5.4836
5.4861
5.4889
5.492
5.4956
5.4998
5.5044
5.5075
5.5089
5.5094
5.51
5.5109
5.5122
5.5138
5.5157
5.5177
5.5199
5.522
5.5241
5.526
5.5277
5.5292
5.5306
5.5318
5.533
5.534
5.5349
5.5356
5.5363
5.5368
5.5373
5.5378
5.5381
5.5385
5.5388
5.539
5.5393
5.5395
5.5397
5.5398
5.54
5.5402
5.5403
5.5406
5.5408
5.541
5.5411
5.5412
5.5411
5.541
5.541
5.5411
5.5411
5.5412
