8.5786
1.7482
2.1096
2.7277
3.4144
4.0794
4.5618
4.6189
4.2165
3.8224
3.7129
3.7592
3.8398
3.9149
3.9814
4.0488
4.1392
4.3097
4.6939
4.87
4.8201
4.5097
4.1614
3.9778
3.9216
3.9239
3.9505
3.9843
4.0145
4.0405
4.0297
3.9819
3.9319
3.895
3.8709
3.8546
3.8429
3.8345
3.8294
3.827
3.8253
3.8228
3.8192
3.8153
3.8116
3.8081
3.8038
3.7994
3.7973
3.7971
3.7976
3.798
3.7982
3.7982
3.7982
3.7982
3.7982
3.7982
3.7982
3.7981
3.798
3.798
3.7981
3.7982
3.7983
3.7983
3.7984
3.7985
3.7985
3.7986
3.7987
3.7987
3.7988
3.7989
3.7989
3.799
3.7991
3.7992
3.7993
3.7994
3.7996
3.7997
3.7999
3.8002
3.8004
3.8008
3.8015
3.8025
3.8035
3.8039
3.8038
3.8035
3.8033
3.8033
3.8033
3.8033
3.8033
3.8033
3.8033
3.8033
3.8033
