10.722
1.2026
1.7426
2.3815
3.0683
3.7313
4.2291
4.3514
4.0488
3.7039
3.6213
3.7281
3.8648
3.9256
3.889
3.8119
3.7614
3.7524
3.7556
3.7367
3.6795
3.5217
3.3018
3.1933
3.2158
3.2923
3.3366
3.296
3.234
3.2297
3.2715
3.3123
3.3283
3.3349
3.3514
3.3799
3.4088
3.4288
3.4389
3.4437
3.448
3.454
3.4605
3.4667
3.4722
3.4767
3.48
3.482
3.4829
3.4832
3.483
3.4824
3.4814
3.48
3.4783
3.4762
3.4738
3.4709
3.4676
3.4633
3.4578
3.4492
3.4283
3.4084
3.3986
3.3964
3.3963
3.3958
3.3947
3.3937
3.3932
3.3931
3.3932
3.3934
3.3937
3.3939
3.3942
3.3946
3.3949
3.3953
3.3957
3.3962
3.3966
3.3971
3.3975
3.3978
3.3989
3.4012
3.4038
3.4062
3.4086
3.411
3.4129
3.4143
3.4154
3.4166
3.4181
3.4206
3.4258
3.4225
3.4045
