8.9104
1.4613
1.9697
2.6183
3.3197
4.004
4.5298
4.6684
4.3344
3.9402
3.8408
3.9568
4.1121
4.1883
4.1538
4.0676
4.0099
4.0056
4.0311
4.0541
4.0514
4.0181
3.9684
3.9225
3.8898
3.8645
3.8316
3.721
3.4948
3.296
3.198
3.1539
3.1671
3.2326
3.3015
3.3468
3.3622
3.3558
3.3424
3.3329
3.3302
3.332
3.3347
3.3372
3.3397
3.3426
3.3463
3.3521
3.3626
3.368
3.3487
3.3341
3.3304
3.3324
3.3347
3.3352
3.3336
3.3307
3.33
3.333
3.3383
3.3443
3.3508
3.3571
3.3622
3.3662
3.3691
3.3713
3.3732
3.3747
3.376
3.3771
3.378
3.3787
3.3793
3.3798
3.3802
3.3806
3.381
3.3813
3.3815
3.3818
3.382
3.3822
3.3824
3.3826
3.3832
3.3845
3.386
3.3872
3.3882
3.389
3.3896
3.39
3.3902
3.3905
3.3906
3.3908
3.391
3.3911
3.3912
