11.58
1.2969
1.7966
2.4217
3.1053
3.7771
4.302
4.4727
4.2101
3.864
3.7668
3.8679
4.0064
4.0691
4.0275
3.9391
3.878
3.8631
3.8632
3.8398
3.7641
3.6224
3.4945
3.4742
3.5607
3.7135
3.7664
3.4688
3.1084
2.9675
2.9698
3.0172
3.0705
3.1158
3.1479
3.1661
3.1732
3.1731
3.17
3.1666
3.164
3.162
3.1597
3.1568
3.1534
3.1497
3.1461
3.1425
3.139
3.1357
3.1326
3.1295
3.1263
3.123
3.1195
3.1157
3.1115
3.1068
3.1012
3.0944
3.0858
3.0722
3.0433
3.021
3.0138
3.0149
3.0168
3.0167
3.0152
3.0133
3.0118
3.0106
3.0095
3.0085
3.0075
3.0065
3.0055
3.0045
3.0036
3.0027
3.0017
3.0008
2.9999
2.9989
2.998
2.997
2.9959
2.9948
2.9935
2.9921
2.9904
2.9886
2.9866
2.9844
2.9819
2.9789
2.9753
2.9707
2.9645
2.953
2.9376
