16.07
12.022
8.263
6.1045
4.7595
3.9626
3.6099
3.683
4.0372
4.2696
4.2086
4.0282
3.9004
3.8926
3.9811
4.0832
4.1397
4.169
4.237
4.4278
4.8635
5.4241
5.7762
5.7859
5.6037
5.4409
5.4375
5.575
5.6738
5.6785
5.6304
5.5647
5.501
5.4479
5.4073
5.3775
5.3556
5.3384
5.3239
5.3104
5.2972
5.2851
5.2751
5.2671
5.2608
5.2558
5.2519
5.2487
5.2459
5.2434
5.2411
5.239
5.2372
5.2356
5.2343
5.2331
5.2322
5.2316
5.2313
5.2315
5.2324
5.235
5.2374
5.2324
5.2212
5.2101
5.2027
5.1986
5.1961
5.1939
5.1915
5.1892
5.1871
5.1853
5.1837
5.1823
5.181
5.1798
5.1787
5.1777
5.1767
5.1759
5.1751
5.1743
5.1737
5.173
5.1725
5.172
5.1718
5.1716
5.1715
5.1713
5.1711
5.1708
5.1704
5.17
5.1695
5.1692
5.1692
5.1698
5.1686
