4.2029
1.4474
1.9557
2.593
3.2829
3.945
4.4257
4.4977
4.1286
3.7564
3.6832
3.8084
3.9624
4.0374
4.0111
3.941
3.8981
3.9041
3.9364
3.9663
3.9848
4.0027
4.0428
4.0557
3.8059
3.4948
3.3295
3.2926
3.2644
3.2362
3.2439
3.2793
3.3142
3.332
3.3332
3.3275
3.3234
3.3232
3.3253
3.3273
3.3283
3.3285
3.3286
3.3289
3.3292
3.3295
3.3296
3.3297
3.3297
3.3299
3.33
3.3302
3.3304
3.3306
3.3307
3.3309
3.331
3.3312
3.3314
3.3316
3.3318
3.332
3.3322
3.3325
3.3327
3.333
3.3332
3.3335
3.3338
3.3341
3.3344
3.3348
3.3352
3.3357
3.3362
3.3368
3.3375
3.3383
3.3392
3.3404
3.3419
3.3437
3.3462
3.3497
3.355
3.3636
3.3755
3.3625
3.334
3.3129
3.3056
3.3057
3.3069
3.307
3.3062
3.3054
3.3049
3.3046
3.3044
3.3043
3.3041
