5.7689
1.4953
2.0005
2.6325
3.323
4.0027
4.5332
4.7006
4.4326
4.103
4.0389
4.1849
4.3992
4.5939
4.7528
4.9527
5.4692
6.2268
6.9419
6.9803
6.6577
6.4118
6.3111
6.2872
6.2794
6.2843
6.324
6.3893
6.4542
6.5012
6.5237
6.5272
6.5225
6.5186
6.5196
6.5262
6.5376
6.5529
6.5716
6.5941
6.5961
6.5858
6.5772
6.5731
6.5719
6.5718
6.5717
6.5713
6.5709
6.5706
6.5704
6.5704
6.5704
6.5704
6.5705
6.5706
6.5708
6.571
6.5713
6.5717
6.5722
6.5725
6.5727
6.5729
6.5729
6.573
6.573
6.573
6.573
6.573
6.573
6.573
6.5729
6.5729
6.5729
6.5729
6.5729
6.5729
6.5728
6.5728
6.5728
6.5727
6.5727
6.5726
6.5725
6.5723
6.572
6.5715
6.5707
6.5702
6.5709
6.5724
6.5736
6.5739
6.5737
6.5734
6.5733
6.5734
6.5735
6.5735
6.5736
