1.8862
9.6207
7.0869
5.3113
4.1753
3.4749
3.1348
3.1841
3.5825
3.9398
3.9807
3.8566
3.772
3.8789
4.2752
4.8298
5.1202
5.1044
4.9779
4.886
4.8646
4.8755
4.8547
4.7917
4.7137
4.6378
4.5774
4.5416
4.5318
4.5292
4.5171
4.4982
4.4827
4.4771
4.4804
4.4828
4.478
4.4668
4.4536
4.4416
4.4313
4.4222
4.4132
4.4038
4.3935
4.3825
4.3709
4.3583
4.3444
4.3286
4.3105
4.2888
4.2641
4.2578
4.2558
4.2514
4.2446
4.2361
4.2266
4.2164
4.2063
4.197
4.1887
4.1818
4.1762
4.1718
4.1683
4.1654
4.163
4.1609
4.1593
4.1579
4.157
4.1562
4.1556
4.1552
4.1548
4.1545
4.1542
4.154
4.1539
4.1537
4.1536
4.1535
4.1535
4.1534
4.1534
4.1533
4.1533
4.1533
4.1533
4.1532
4.153
4.1528
4.1525
4.1522
4.152
4.1518
4.1517
4.1516
4.1515
