1.6627
9.0188
7.1474
5.5044
4.3755
3.6824
3.3835
3.4957
3.8797
4.109
4.0307
3.8359
3.6907
3.6574
3.7126
3.7772
3.7908
3.7634
3.7448
3.7759
3.8663
4.0007
4.1753
4.4765
4.9415
5.4451
5.7719
5.8955
5.8865
5.8027
5.6935
5.6155
5.6072
5.6817
5.8054
5.9075
5.9605
5.9778
5.9826
5.9888
5.999
6.0102
6.0193
6.0254
6.0292
6.0319
6.0341
6.0361
6.0379
6.0393
6.0404
6.0412
6.0418
6.0423
6.0425
6.0427
6.043
6.0435
6.0442
6.045
6.0455
6.0458
6.0459
6.0458
6.0457
6.0455
6.0454
6.0453
6.0453
6.0454
6.0456
6.0458
6.046
6.0462
6.0465
6.0467
6.0469
6.0472
6.0474
6.0477
6.0479
6.0481
6.0484
6.0486
6.0488
6.049
6.0492
6.0494
6.0496
6.0497
6.0499
6.0501
6.0502
6.0501
6.0499
6.0495
6.0492
6.049
6.049
6.049
6.0491
