16.937
11.008
7.6123
5.6697
4.458
3.7404
3.4382
3.5573
3.957
4.2099
4.1552
3.9856
3.8728
3.8813
3.9899
4.123
4.218
4.2732
4.3315
4.4457
4.6109
4.7636
4.8425
4.8678
4.8785
4.8785
4.8836
4.925
4.9986
5.0719
5.0751
5.0019
4.8972
4.7954
4.7158
4.6632
4.6311
4.61
4.5938
4.5808
4.5717
4.5669
4.5657
4.5669
4.5697
4.5735
4.5782
4.5822
4.5845
4.586
4.5874
4.589
4.5908
4.5927
4.5944
4.5952
4.5953
4.5954
4.5961
4.5975
4.5992
4.6011
4.6029
4.6045
4.6062
4.6078
4.6096
4.6114
4.6132
4.6152
4.6173
4.6195
4.6218
4.6243
4.627
4.63
4.6333
4.637
4.6413
4.6463
4.6524
4.6599
4.6698
4.6835
4.7041
4.7262
4.7393
4.7441
4.7456
4.7469
4.7487
4.7504
4.7516
4.7523
4.7527
4.753
4.7533
4.7535
4.7536
4.7537
4.7538
