10.143
10.803
7.6244
5.6814
4.4548
3.7125
3.3697
3.432
3.798
4.0657
4.0271
3.8503
3.7112
3.681
3.7417
3.8159
3.8386
3.8054
3.7447
3.6845
3.6438
3.6255
3.617
3.6021
3.5765
3.5509
3.541
3.5619
3.6064
3.6559
3.8015
4.1371
4.2772
4.1125
3.9171
3.7521
3.6622
3.6416
3.6577
3.6803
3.697
3.7096
3.7211
3.732
3.7447
3.7621
3.7864
3.8199
3.8686
3.952
4.0449
4.0996
4.1199
4.1255
4.1289
4.133
4.1362
4.137
4.1347
4.1302
4.1254
4.1215
4.1186
4.1166
4.1155
4.115
4.1149
4.1149
4.1149
4.1149
4.1151
4.1155
4.116
4.1167
4.1176
4.1186
4.1197
4.1211
4.1226
4.1245
4.1267
4.1294
4.1327
4.1372
4.1433
4.1499
4.1539
4.1548
4.1543
4.1531
4.1516
4.15
4.149
4.1486
4.1485
4.1486
4.1488
4.1489
4.1491
4.1493
4.1495
