1.7003
10.228
7.6856
5.7722
4.5251
3.7638
3.4052
3.4497
3.7987
4.0653
4.0368
3.8712
3.7438
3.7271
3.8027
3.8918
3.9302
3.9197
3.8989
3.9002
3.9341
3.9896
4.0408
4.067
4.0773
4.1028
4.1725
4.3009
4.4727
4.6833
5.0491
5.5394
5.8682
5.9524
5.8836
5.7741
5.6994
5.6745
5.6793
5.6907
5.6987
5.7039
5.7086
5.7139
5.721
5.731
5.7444
5.7616
5.7848
5.8187
5.8514
5.8669
5.8701
5.8704
5.8719
5.8744
5.8763
5.876
5.8731
5.869
5.8654
5.8631
5.862
5.8621
5.8632
5.8649
5.8668
5.8688
5.8708
5.8729
5.8751
5.8776
5.8805
5.8836
5.8871
5.8911
5.8955
5.9006
5.9065
5.9135
5.9221
5.9329
5.9473
5.9674
5.9959
6.0219
6.0385
6.0486
6.0568
6.0621
6.0641
6.0649
6.0658
6.0671
6.0685
6.0697
6.0706
6.0713
6.0719
6.0723
6.0727
