17.072
12.464
8.1092
5.912
4.6254
3.9016
3.6439
3.8562
4.3484
4.6211
4.5328
4.3271
4.1959
4.1999
4.3022
4.4221
4.5288
4.6127
4.5926
4.4785
4.3579
4.2883
4.2765
4.3013
4.3412
4.3899
4.4545
4.5501
4.7098
5.0801
6.0066
6.9663
7.2847
7.1194
6.8321
6.6195
6.5264
6.5203
6.5515
6.5876
6.6216
6.6572
6.6802
6.6877
6.6868
6.6827
6.6774
6.6709
6.6626
6.6519
6.6357
6.6111
6.585
6.5659
6.5557
6.551
6.5483
6.5458
6.5434
6.5414
6.5399
6.5387
6.5376
6.5365
6.5353
6.5341
6.533
6.5321
6.5314
6.5309
6.5305
6.5302
6.53
6.5299
6.5297
6.5296
6.5296
6.5295
6.5295
6.5295
6.5295
6.5295
6.5295
6.5295
6.5295
6.5294
6.5293
6.5294
6.5299
6.5308
6.5317
6.5323
6.5327
6.5329
6.5331
6.5331
6.533
6.533
6.533
6.5329
6.5329
