8.7399
11.966
8.5323
6.2919
4.9015
4.099
3.7697
3.8735
4.2156
4.3905
4.2798
4.0712
3.9265
3.9021
3.9662
4.034
4.0443
3.9997
3.9325
3.8727
3.8418
3.8465
3.8777
3.9214
3.9744
4.047
4.1521
4.295
4.4813
4.8321
5.7877
7.0417
7.6156
7.5752
7.3481
7.1564
7.0731
7.0802
7.126
7.172
7.2085
7.2414
7.2646
7.2765
7.2831
7.2897
7.2978
7.3078
7.321
7.3407
7.3542
7.3463
7.3276
7.3126
7.3056
7.3039
7.3034
7.3025
7.3011
7.3001
7.3001
7.301
7.3023
7.3035
7.3046
7.3053
7.3057
7.3059
7.3059
7.3059
7.3058
7.3058
7.3058
7.3057
7.3057
7.3056
7.3055
7.3054
7.3054
7.3054
7.3055
7.3057
7.3062
7.3072
7.3089
7.3088
7.3043
7.2976
7.2911
7.2854
7.2805
7.2768
7.2745
7.2732
7.2724
7.2718
7.2713
7.2709
7.2705
7.2703
7.2701
