6.7933
1.627
2.0317
2.6398
3.3211
3.9947
4.5148
4.6561
4.3431
3.977
3.8962
4.0255
4.1979
4.2985
4.2941
4.2442
4.2344
4.2923
4.3902
4.487
4.5578
4.6045
4.6514
4.731
4.8993
5.3406
6.3879
7.0773
7.0799
6.7535
6.3895
6.1648
6.1151
6.1628
6.2297
6.2687
6.2703
6.2483
6.2218
6.2032
6.1947
6.1929
6.1929
6.1922
6.19
6.1869
6.1832
6.1792
6.1744
6.1684
6.1597
6.1519
6.1491
6.1506
6.1542
6.1598
6.1601
6.1436
6.1243
6.1123
6.1032
6.0958
6.0939
6.0964
6.1003
6.1039
6.1066
6.1085
6.1101
6.1115
6.1128
6.1139
6.1149
6.1157
6.1165
6.1171
6.1176
6.1182
6.1186
6.119
6.1193
6.1197
6.1199
6.1202
6.1203
6.1204
6.1206
6.1213
6.1221
6.1228
6.1233
6.1237
6.124
6.1242
6.1243
6.1244
6.1246
6.1247
6.1248
6.1249
6.1251
