5.4013
10.201
7.5202
5.6261
4.4375
3.7502
3.4985
3.7005
4.1752
4.4333
4.3512
4.166
4.0584
4.0866
4.2139
4.3491
4.4294
4.4645
4.4989
4.5639
4.67
4.8369
5.1608
5.7477
6.3261
6.5328
6.4422
6.2631
6.1204
6.0387
5.981
5.9212
5.8727
5.8525
5.8606
5.8832
5.9057
5.9206
5.9282
5.9324
5.9364
5.9414
5.947
5.9526
5.9577
5.9625
5.967
5.9714
5.976
5.9807
5.9857
5.991
5.9968
6.0033
6.0098
6.0155
6.0204
6.0226
6.0193
6.0118
6.0025
5.9929
5.9838
5.9753
5.9675
5.9604
5.9541
5.9486
5.9439
5.9399
5.9367
5.9341
5.932
5.9303
5.9289
5.9278
5.927
5.9263
5.9257
5.9253
5.925
5.9247
5.9245
5.9243
5.9242
5.9241
5.9241
5.9241
5.9242
5.9243
5.9243
5.9242
5.924
5.9237
5.9234
5.9232
5.9231
5.923
5.9229
5.9229
5.9228
