5.9975
12.093
8.4928
6.2091
4.8353
4.0641
3.7847
3.9815
4.4521
4.72
4.6513
4.4768
4.3905
4.4774
4.6802
4.8201
4.8085
4.7105
4.629
4.6273
4.7425
5.0028
5.2639
5.3763
5.3587
5.3123
5.3291
5.4699
5.6629
5.7832
5.7831
5.7054
5.6129
5.5419
5.5017
5.4889
5.4955
5.512
5.5305
5.546
5.5576
5.5682
5.5782
5.5848
5.5892
5.593
5.5972
5.6019
5.6073
5.6133
5.6202
5.628
5.6376
5.6507
5.6693
5.697
5.7368
5.7737
5.7975
5.81
5.8157
5.8131
5.8047
5.7946
5.7855
5.7784
5.7729
5.7686
5.7649
5.7615
5.7586
5.7561
5.7541
5.7524
5.7509
5.7496
5.7484
5.7473
5.7463
5.7453
5.7443
5.7432
5.7422
5.741
5.7397
5.7378
5.7347
5.7309
5.7276
5.7249
5.7226
5.7209
5.7199
5.7195
5.7193
5.7192
5.719
5.7189
5.7187
5.7187
5.7186
