4.9595
1.6365
2.0735
2.6992
3.395
4.0848
4.6289
4.801
4.4979
4.1025
3.9908
4.1263
4.4034
4.656
4.6419
4.3055
4.0311
3.96
4.0124
4.0828
4.1162
4.1102
4.094
4.0941
4.1204
4.1777
4.2517
4.3201
4.3603
4.3675
4.3675
4.372
4.3778
4.3781
4.3699
4.3587
4.3517
4.3509
4.3542
4.3582
4.3616
4.3642
4.3667
4.3697
4.3735
4.3782
4.3836
4.3898
4.3969
4.4053
4.4152
4.4272
4.4412
4.4432
4.4415
4.4411
4.4427
4.4455
4.4492
4.4539
4.4591
4.4644
4.4695
4.4741
4.4783
4.4818
4.4846
4.4871
4.4892
4.4911
4.4927
4.4941
4.4952
4.4961
4.4969
4.4976
4.4981
4.4986
4.499
4.4993
4.4996
4.4999
4.5001
4.5002
4.5004
4.5005
4.5006
4.5007
4.5007
4.5008
4.5008
4.5008
4.5007
4.5007
4.5008
4.5009
4.5011
4.5012
4.5013
4.5014
4.5015
