10.759
11.153
7.7892
5.7867
4.54
3.8008
3.4817
3.5787
3.951
4.1908
4.1385
3.9761
3.8731
3.8941
4.0141
4.1502
4.2366
4.2741
4.3059
4.3802
4.4992
4.6156
4.6817
4.7124
4.7482
4.8215
5.0017
5.3193
5.6083
5.7442
5.703
5.5585
5.391
5.2438
5.1367
5.0704
5.0332
5.0108
4.9944
4.9818
4.9733
4.9694
4.9689
4.9705
4.9731
4.9763
4.98
4.9831
4.985
4.9865
4.9881
4.9899
4.992
4.9941
4.9959
4.997
4.9975
4.9983
4.9999
5.0023
5.0051
5.0079
5.0106
5.0133
5.0159
5.0187
5.0217
5.0248
5.028
5.0314
5.0351
5.0389
5.043
5.0475
5.0524
5.0579
5.0641
5.0713
5.0797
5.0897
5.1023
5.1185
5.1406
5.1735
5.2243
5.2705
5.2937
5.3
5.3
5.2998
5.3005
5.3016
5.3023
5.3025
5.3024
5.3023
5.3022
5.3021
5.302
5.3019
5.3018
