8.0129
10.295
7.596
5.7251
4.5381
3.8631
3.6428
3.8752
4.3246
4.5199
4.394
4.1729
4.0029
3.9236
3.9164
3.9364
3.9482
3.9511
3.9759
4.0682
4.2239
4.4017
4.5872
4.8805
5.2298
5.4546
5.4772
5.3856
5.2882
5.2301
5.1975
5.1661
5.1366
5.1201
5.1208
5.1343
5.1522
5.1676
5.1783
5.1853
5.1907
5.1957
5.2003
5.2041
5.2071
5.2097
5.2121
5.2133
5.2129
5.2117
5.2103
5.209
5.2077
5.2063
5.2045
5.2021
5.1995
5.1973
5.1957
5.1948
5.1943
5.194
5.1936
5.1933
5.1929
5.1925
5.1921
5.1917
5.1913
5.1909
5.1905
5.1901
5.1897
5.1892
5.1888
5.1883
5.1878
5.1872
5.1867
5.186
5.1853
5.1844
5.1834
5.1822
5.1806
5.1783
5.175
5.1715
5.1688
5.1674
5.1667
5.1663
5.1658
5.1653
5.1649
5.1646
5.1645
5.1644
5.1643
5.1643
5.1642
