5.635
1.4382
1.9673
2.6102
3.2989
3.9539
4.4183
4.4696
4.1076
3.775
3.7322
3.8701
4.0364
4.1416
4.1628
4.1352
4.1131
4.122
4.1516
4.1737
4.1749
4.1831
4.2712
4.323
4.1516
3.8584
3.6289
3.5314
3.5076
3.4796
3.4408
3.4273
3.4418
3.466
3.4847
3.492
3.4905
3.4859
3.4821
3.4802
3.4792
3.4781
3.4764
3.4746
3.4729
3.4714
3.4701
3.4689
3.4681
3.4676
3.4672
3.4666
3.4659
3.4649
3.4637
3.463
3.4632
3.4642
3.4651
3.4657
3.4659
3.4659
3.4658
3.4657
3.4655
3.4654
3.4652
3.4651
3.465
3.4648
3.4647
3.4645
3.4644
3.4643
3.4643
3.4642
3.4642
3.4643
3.4643
3.4644
3.4645
3.4647
3.4649
3.4652
3.4655
3.466
3.467
3.4687
3.4702
3.4711
3.4715
3.4716
3.4717
3.4719
3.4721
3.4723
3.4724
3.4724
3.4725
3.4725
3.4725
