12.524
10.699
7.5532
5.6634
4.4844
3.8084
3.5748
3.7856
4.2219
4.419
4.2965
4.0729
3.8928
3.7968
3.7674
3.7599
3.7367
3.692
3.6443
3.6183
3.6141
3.6132
3.6093
3.7589
4.115
4.4946
4.735
4.8265
4.8502
4.8718
4.8921
4.8929
4.8814
4.8753
4.8837
4.9046
4.9296
4.9515
4.9674
4.9785
4.9871
4.9945
5.0009
5.006
5.0098
5.0126
5.0147
5.0159
5.016
5.0154
5.0146
5.0137
5.0127
5.0113
5.0096
5.007
5.0039
5.001
4.9988
4.9975
4.9968
4.9965
4.9964
4.9964
4.9965
4.9965
4.9967
4.9968
4.997
4.9972
4.9974
4.9976
4.9977
4.9978
4.9978
4.9978
4.9978
4.9977
4.9975
4.9972
4.9969
4.9965
4.9959
4.9952
4.9942
4.9927
4.9905
4.9881
4.9864
4.9854
4.9849
4.9846
4.9841
4.9836
4.9832
4.9829
4.9827
4.9825
4.9824
4.9824
4.9823
