9.9687
1.3063
1.8274
2.4595
3.1411
3.793
4.2682
4.3684
4.0875
3.8053
3.7758
3.9174
4.0802
4.1625
4.1419
4.0885
4.0887
4.1663
4.2942
4.4449
4.636
5.0332
5.4956
5.26
4.6797
4.3202
4.2501
4.304
4.3624
4.3863
4.3862
4.3853
4.3896
4.3933
4.3918
4.3861
4.3805
4.3777
4.3778
4.379
4.3798
4.3796
4.3787
4.3776
4.3764
4.3752
4.374
4.3728
4.3716
4.3704
4.3692
4.368
4.3667
4.3652
4.3635
4.3618
4.3602
4.3576
4.3563
4.358
4.3618
4.3664
4.371
4.3752
4.379
4.3824
4.3855
4.3883
4.3908
4.393
4.3949
4.3966
4.3979
4.3991
4.4
4.4009
4.4015
4.4021
4.4026
4.403
4.4033
4.4036
4.4038
4.404
4.4042
4.4043
4.4044
4.4045
4.4046
4.4047
4.4048
4.4047
4.4045
4.4042
4.4039
4.4036
4.4036
4.4035
4.4035
4.4034
4.4034
