9.446
1.2537
1.7728
2.4087
3.0895
3.7293
4.1717
4.2105
3.863
3.5423
3.4854
3.5896
3.6982
3.695
3.5462
3.3658
3.2847
3.3012
3.3474
3.3691
3.3033
3.113
2.933
2.8697
2.9083
2.9858
3.0509
3.0819
3.0841
3.0711
3.0555
3.0452
3.0382
3.0313
3.024
3.0177
3.0133
3.0102
3.0073
3.0042
3.002
3.0008
2.9996
2.9988
2.9985
2.9983
2.9981
2.9977
2.9973
2.9968
2.9964
2.9961
2.9957
2.9954
2.9953
2.9958
2.9967
2.9979
2.9995
3.0013
3.0031
3.0048
3.0063
3.0078
3.0092
3.0103
3.0108
3.0108
3.0108
3.0108
3.011
3.0112
3.0114
3.0116
3.0117
3.0117
3.0118
3.0119
3.0119
3.0119
3.012
3.012
3.012
3.012
3.0121
3.0121
3.0122
3.0123
3.0124
3.0124
3.0123
3.0122
3.0121
3.012
3.012
3.0119
3.0119
3.012
3.0121
3.0122
3.0123
