4.8378
10.805
7.783
5.8004
4.5801
3.8967
3.6853
3.9515
4.4515
4.6718
4.5388
4.3104
4.1634
4.1464
4.2141
4.2778
4.2872
4.2493
4.1739
4.0813
4.0028
3.9545
3.9313
3.9188
3.9081
3.9017
3.9156
3.9815
4.1544
4.462
4.7577
4.8914
4.8801
4.8145
4.7714
4.7747
4.8139
4.866
4.9121
4.9454
4.9686
4.9872
5.0048
5.0222
5.0398
5.0583
5.0789
5.1035
5.1354
5.1792
5.2221
5.2479
5.26
5.2668
5.2727
5.2768
5.2783
5.2783
5.2777
5.2777
5.2789
5.2812
5.2842
5.2875
5.2908
5.2938
5.2965
5.2986
5.3003
5.3016
5.3027
5.3036
5.3044
5.305
5.3055
5.3059
5.3063
5.3066
5.3069
5.3072
5.3074
5.3076
5.3079
5.3081
5.3084
5.3086
5.3088
5.3093
5.3104
5.3119
5.3135
5.3148
5.3156
5.316
5.3163
5.3165
5.3167
5.3168
5.317
5.3171
5.3172
