9.0794
1.477
1.964
2.5839
3.267
3.9375
4.4535
4.6047
4.3352
4.0211
3.9699
4.1152
4.3018
4.4199
4.4358
4.4079
4.4271
4.5348
4.7262
5.0079
5.4898
6.6164
7.647
8.0752
7.7533
7.3285
7.1462
7.15
7.2072
7.2425
7.2477
7.2554
7.2768
7.3031
7.3213
7.3274
7.3259
7.3236
7.3247
7.3293
7.3355
7.3415
7.3466
7.351
7.3551
7.3591
7.3632
7.3675
7.372
7.3767
7.3818
7.3874
7.3934
7.3992
7.4044
7.4092
7.4114
7.4003
7.385
7.3715
7.3607
7.3517
7.3439
7.337
7.3309
7.3255
7.3209
7.3171
7.3141
7.3117
7.3099
7.3084
7.3071
7.3061
7.3053
7.3046
7.304
7.3036
7.3032
7.3029
7.3026
7.3024
7.3022
7.3021
7.3019
7.3018
7.3017
7.3016
7.3015
7.3014
7.3013
7.3012
7.3011
7.3009
7.3007
7.3005
7.3005
7.3004
7.3004
7.3004
7.3003
