6.1843
9.987
7.4486
5.6431
4.474
3.7917
3.5481
3.7641
4.2484
4.5072
4.4193
4.2218
4.0965
4.1022
4.2033
4.32
4.4177
4.4996
4.5232
4.4901
4.4507
4.4391
4.4546
4.4796
4.5015
4.5208
4.5461
4.5851
4.6401
4.72
4.8654
5.0305
5.0966
5.0786
5.0536
5.0564
5.0936
5.149
5.202
5.2419
5.2697
5.2919
5.3122
5.331
5.3491
5.3686
5.3912
5.4196
5.4588
5.5164
5.5694
5.5956
5.6017
5.6008
5.5997
5.5993
5.5988
5.5979
5.5971
5.5969
5.5978
5.5998
5.6025
5.6054
5.6083
5.6109
5.6132
5.615
5.6164
5.6176
5.6185
5.6193
5.62
5.6205
5.6209
5.6213
5.6216
5.6218
5.622
5.6221
5.6223
5.6223
5.6224
5.6224
5.6224
5.6223
5.6221
5.622
5.6225
5.6234
5.6244
5.6251
5.6256
5.6259
5.6261
5.6262
5.6263
5.6263
5.6263
5.6264
5.6264
