4.5257
1.7007
2.1081
2.7397
3.4324
4.1014
4.5867
4.6413
4.2218
3.7974
3.6217
3.5544
3.5126
3.4861
3.4764
3.474
3.4724
3.4734
3.4877
3.4189
3.2875
3.1471
3.0589
3.0464
3.0709
3.1046
3.1402
3.172
3.1924
3.1973
3.1819
3.1519
3.1249
3.1076
3.0983
3.0935
3.0907
3.089
3.0887
3.0898
3.0907
3.0902
3.0885
3.0862
3.0841
3.0823
3.0805
3.0789
3.0783
3.0785
3.0788
3.0789
3.0788
3.0787
3.0786
3.0786
3.0785
3.0785
3.0784
3.0783
3.0782
3.0782
3.0782
3.0782
3.0782
3.0783
3.0783
3.0783
3.0783
3.0783
3.0783
3.0784
3.0784
3.0784
3.0784
3.0784
3.0785
3.0785
3.0785
3.0786
3.0786
3.0787
3.0787
3.0788
3.0789
3.0791
3.0794
3.0798
3.08
3.08
3.0798
3.0796
3.0795
3.0794
3.0795
3.0795
3.0794
3.0794
3.0794
3.0794
3.0794
