2.7826
1.5021
1.9585
2.5668
3.241
3.8967
4.3809
4.4731
4.1439
3.813
3.7658
3.9097
4.0857
4.1845
4.1724
4.1225
4.1488
4.2981
4.5922
5.2494
5.7705
5.5652
4.9734
4.5036
4.3508
4.3915
4.4865
4.5658
4.6107
4.6228
4.6031
4.5795
4.5625
4.5507
4.5416
4.5357
4.5341
4.5357
4.5378
4.5387
4.5382
4.5371
4.5359
4.5347
4.5337
4.5326
4.5316
4.5305
4.5295
4.5286
4.5279
4.5274
4.5269
4.5265
4.5261
4.526
4.5261
4.526
4.5257
4.5252
4.5245
4.5236
4.5226
4.5218
4.5212
4.5206
4.5194
4.5175
4.5155
4.5138
4.5126
4.5117
4.511
4.5103
4.5097
4.5091
4.5086
4.5081
4.5077
4.5073
4.5069
4.5066
4.5063
4.506
4.5057
4.5055
4.5052
4.505
4.5048
4.5045
4.5042
4.504
4.5038
4.5037
4.5036
4.5034
4.5033
4.5032
4.5031
4.503
4.5029
