2.4236
1.6135
2.056
2.6818
3.3752
4.0589
4.5895
4.7343
4.3944
3.9747
3.8489
3.9495
4.1009
4.1858
4.1787
4.1606
4.1269
3.8548
3.5957
3.513
3.5359
3.5686
3.5707
3.5488
3.523
3.5038
3.4896
3.4748
3.4559
3.4323
3.3509
3.2001
3.114
3.1156
3.1523
3.1842
3.1949
3.1868
3.1712
3.1571
3.1472
3.1389
3.1302
3.1225
3.1158
3.1093
3.1022
3.0944
3.0843
3.0712
3.0591
3.0535
3.0538
3.0556
3.0564
3.0559
3.055
3.0542
3.0538
3.0535
3.0531
3.0526
3.0522
3.0519
3.0517
3.0516
3.0516
3.0515
3.0515
3.0515
3.0515
3.0515
3.0514
3.0514
3.0514
3.0514
3.0513
3.0513
3.0513
3.0513
3.0513
3.0512
3.0512
3.0512
3.0511
3.0511
3.0511
3.051
3.0509
3.0505
3.0501
3.0498
3.0496
3.0496
3.0497
3.0497
3.0497
3.0498
3.0498
3.0498
3.0498
