13.496
1.4692
1.9264
2.5632
3.2499
3.894
4.3328
4.3514
3.9776
3.6441
3.51
3.4354
3.3675
3.3181
3.2907
3.2781
3.275
3.2775
3.2783
3.2772
3.2846
3.3115
3.3568
3.3496
3.2247
3.0768
3.0072
3.0142
3.0554
3.0934
3.113
3.1181
3.1179
3.1169
3.1158
3.1145
3.1136
3.1135
3.1146
3.1164
3.1181
3.1191
3.1195
3.1197
3.1199
3.1204
3.1208
3.1213
3.1217
3.1221
3.1224
3.1225
3.1226
3.1227
3.1228
3.123
3.1232
3.1234
3.1234
3.1233
3.1232
3.1229
3.1227
3.1224
3.1222
3.122
3.1218
3.1216
3.1214
3.1213
3.1211
3.121
3.1209
3.1208
3.1207
3.1206
3.1206
3.1205
3.1205
3.1204
3.1204
3.1203
3.1203
3.1203
3.1202
3.1202
3.1201
3.1201
3.12
3.1198
3.1196
3.1195
3.1194
3.1194
3.1194
3.1194
3.1195
3.1194
3.1194
3.1194
3.1194
