6.2084
1.3519
1.8878
2.5307
3.2189
3.8714
4.3342
4.3967
4.0656
3.7614
3.7309
3.8719
4.0368
4.1349
4.1417
4.0941
4.047
4.0176
3.9665
3.8842
3.8069
3.7862
3.8335
3.8233
3.6175
3.3759
3.2787
3.2918
3.3495
3.3929
3.4075
3.4065
3.4021
3.3971
3.3909
3.3838
3.3777
3.374
3.3726
3.3726
3.3726
3.3722
3.3724
3.3731
3.3741
3.3749
3.3754
3.3758
3.3761
3.3763
3.3765
3.3767
3.3768
3.3769
3.3771
3.3774
3.378
3.3788
3.3801
3.3819
3.3842
3.3865
3.3886
3.3906
3.3924
3.394
3.3955
3.3968
3.3978
3.3987
3.3994
3.3999
3.4003
3.4006
3.4008
3.401
3.4011
3.4012
3.4013
3.4013
3.4013
3.4013
3.4013
3.4013
3.4013
3.4013
3.4013
3.4013
3.4012
3.4012
3.4012
3.4011
3.401
3.4009
3.4008
3.4007
3.4007
3.4007
3.4007
3.4007
3.4007
