10.881
1.4253
1.9367
2.5708
3.2568
3.9119
4.3796
4.4359
4.0651
3.7071
3.6455
3.7756
3.9312
4.0073
3.9833
3.9172
3.8792
3.8908
3.9306
3.9718
4.0087
4.0616
4.1988
4.3152
4.0367
3.6336
3.4031
3.3482
3.3332
3.3253
3.3476
3.3897
3.4257
3.4417
3.4404
3.4328
3.4274
3.4265
3.428
3.4294
3.4298
3.4293
3.4287
3.4282
3.4278
3.4273
3.4266
3.4259
3.4252
3.4246
3.4241
3.4235
3.423
3.4224
3.4218
3.4213
3.4207
3.4201
3.4195
3.4189
3.4183
3.4176
3.417
3.4163
3.4156
3.4149
3.4141
3.4133
3.4125
3.4116
3.4107
3.4097
3.4087
3.4075
3.4064
3.4051
3.4037
3.4021
3.4005
3.3986
3.3965
3.3942
3.3916
3.3887
3.3854
3.382
3.3777
3.354
3.3191
3.2947
3.2863
3.2862
3.2874
3.2873
3.2864
3.2853
3.2846
3.2842
3.2839
3.2836
3.2834
