7.319
10.301
7.5326
5.6549
4.4687
3.782
3.5354
3.7485
4.2338
4.4932
4.4
4.1939
4.0566
4.0433
4.1143
4.1815
4.1902
4.1442
4.0563
3.9488
3.8523
3.7829
3.7363
3.6983
3.6536
3.5877
3.4866
3.2961
3.1413
3.6591
4.3946
4.7275
4.6682
4.4589
4.2564
4.1129
4.023
3.9633
3.9152
3.8721
3.8352
3.8074
3.7891
3.7785
3.7734
3.7722
3.7741
3.7791
3.7872
3.798
3.8096
3.8203
3.8314
3.8463
3.864
3.8766
3.8821
3.8833
3.8833
3.8839
3.8855
3.8879
3.8902
3.8921
3.8935
3.8942
3.8944
3.894
3.8934
3.8924
3.8914
3.8902
3.8891
3.8879
3.8867
3.8855
3.8843
3.8831
3.8819
3.8807
3.8794
3.8781
3.8766
3.8749
3.8728
3.87
3.8659
3.8617
3.8589
3.858
3.8584
3.859
3.8592
3.859
3.8586
3.8581
3.8578
3.8575
3.8572
3.857
3.8567
