13.452
10.902
7.3717
5.4733
4.3171
3.6418
3.3792
3.5621
4.0847
4.5649
4.9322
5.2686
5.4945
5.5841
5.5984
5.6128
5.6678
5.792
5.9667
6.1296
6.1817
6.1251
6.0359
5.9594
5.9022
5.848
5.7808
5.7014
5.6248
5.5709
5.549
5.5525
5.5664
5.5809
5.5941
5.6103
5.637
5.6637
5.6708
5.6628
5.6527
5.6476
5.6477
5.6499
5.6518
5.6528
5.653
5.6531
5.6532
5.6534
5.6539
5.6544
5.6549
5.6552
5.6554
5.6555
5.6556
5.6556
5.6557
5.6557
5.6557
5.6556
5.6556
5.6555
5.6555
5.6555
5.6555
5.6555
5.6555
5.6556
5.6556
5.6556
5.6556
5.6557
5.6557
5.6558
5.6558
5.6558
5.6559
5.6559
5.6559
5.656
5.656
5.656
5.6561
5.6561
5.6561
5.6562
5.6562
5.6563
5.6563
5.6562
5.6561
5.656
5.656
5.6559
5.6559
5.6559
5.656
5.656
5.656
