12.616
1.2314
1.7426
2.3712
3.0523
3.7081
4.1967
4.3208
4.0525
3.7526
3.692
3.8
3.9247
3.9663
3.912
3.8273
3.7804
3.784
3.809
3.8239
3.8175
3.7999
3.7874
3.7888
3.8059
3.8396
3.8868
3.8222
3.4528
3.1062
2.9822
2.9992
3.0589
3.1016
3.1117
3.1034
3.0944
3.0922
3.0945
3.0974
3.0985
3.0981
3.0972
3.0966
3.0964
3.0963
3.0962
3.096
3.0958
3.0956
3.0954
3.0953
3.0952
3.0951
3.095
3.0949
3.0948
3.0947
3.0946
3.0946
3.0945
3.0945
3.0945
3.0944
3.0944
3.0944
3.0943
3.0943
3.0942
3.0942
3.0941
3.0941
3.0941
3.0941
3.0941
3.0941
3.0941
3.0941
3.0941
3.0941
3.0941
3.0941
3.0942
3.0942
3.0942
3.0942
3.0942
3.0942
3.0943
3.0944
3.0945
3.0943
3.0938
3.0931
3.0926
3.0924
3.0925
3.0926
3.0927
3.0928
3.0928
