3.3742
1.4798
2.0059
2.6533
3.349
4.0142
4.4902
4.5367
4.1295
3.7485
3.6865
3.8209
3.9783
4.0519
4.0224
3.9527
3.9165
3.9338
3.9833
4.0379
4.0765
4.0915
4.0905
4.0874
4.0952
4.1326
4.207
4.3056
4.3945
4.3058
3.9744
3.7347
3.6695
3.7033
3.7587
3.7936
3.8
3.7895
3.7762
3.7671
3.7624
3.7589
3.7543
3.7484
3.7418
3.7353
3.7292
3.7233
3.7175
3.7112
3.7039
3.6983
3.6954
3.6928
3.6857
3.6782
3.6739
3.6727
3.6736
3.6754
3.6772
3.6781
3.6783
3.6777
3.6767
3.6752
3.6735
3.6719
3.6703
3.6689
3.6676
3.6664
3.6653
3.6644
3.6635
3.6627
3.662
3.6613
3.6608
3.6602
3.6598
3.6593
3.6589
3.6586
3.6583
3.658
3.6578
3.6577
3.6574
3.6566
3.6555
3.6542
3.6533
3.6526
3.6522
3.6518
3.6515
3.6512
3.6509
3.6507
3.6505
