0.87941
9.4532
7.386
5.582
4.3879
3.6543
3.3075
3.3619
3.7382
4.0369
4.0231
3.8621
3.7381
3.7272
3.8127
3.9144
3.9659
3.9677
3.9586
3.9722
4.0221
4.0989
4.1782
4.2403
4.291
4.3585
4.4817
4.706
4.9852
5.2152
5.454
5.6784
5.7337
5.6539
5.5415
5.4576
5.428
5.4407
5.4684
5.4913
5.5047
5.513
5.5207
5.5289
5.5385
5.5507
5.5664
5.5866
5.6146
5.6668
5.7286
5.7627
5.7734
5.7756
5.7775
5.7807
5.7842
5.785
5.7804
5.7715
5.7609
5.7501
5.74
5.7316
5.7251
5.7205
5.7171
5.7145
5.7126
5.7111
5.7101
5.7096
5.7095
5.7097
5.7102
5.711
5.712
5.7132
5.7148
5.7166
5.7189
5.7217
5.7254
5.7302
5.737
5.7438
5.7474
5.748
5.7474
5.7465
5.7453
5.7443
5.7439
5.744
5.7443
5.7447
5.745
5.7452
5.7455
5.7457
5.7459
