4.6283
11.071
7.9755
5.947
4.6687
3.9204
3.6144
3.7321
4.094
4.2916
4.206
4.0261
3.9152
3.9401
4.0644
4.1628
4.1566
4.0767
3.9936
3.9559
3.9787
4.0685
4.2956
4.7298
5.2075
5.4031
5.3804
5.3449
5.3653
5.3974
5.3967
5.3604
5.3153
5.2869
5.2819
5.2907
5.3004
5.304
5.3018
5.2977
5.2949
5.2949
5.2975
5.3015
5.3062
5.3111
5.3162
5.3216
5.3273
5.3334
5.3401
5.3474
5.3557
5.3652
5.3759
5.3881
5.4025
5.4156
5.4214
5.4211
5.4187
5.4159
5.413
5.4109
5.4098
5.4097
5.4099
5.4103
5.4106
5.411
5.4114
5.4118
5.4122
5.4125
5.4128
5.4131
5.4133
5.4134
5.4136
5.4137
5.4138
5.4139
5.414
5.414
5.4141
5.4142
5.4143
5.4144
5.4145
5.4147
5.4149
5.4151
5.4152
5.4153
5.4152
5.4151
5.415
5.4149
5.4149
5.4149
5.4149
