11.778
10.869
7.7028
5.7523
4.5234
3.8002
3.5082
3.659
4.1026
4.3809
4.3299
4.161
4.0576
4.0818
4.1962
4.309
4.3624
4.3742
4.3955
4.462
4.5825
4.7715
5.0604
5.3437
5.4574
5.4329
5.4388
5.6475
6.0196
6.2741
6.3075
6.2316
6.1594
6.1305
6.1335
6.1428
6.144
6.1379
6.1311
6.1276
6.1272
6.1278
6.1277
6.1268
6.1256
6.1245
6.1238
6.1232
6.1227
6.1221
6.1215
6.121
6.1204
6.12
6.1195
6.1191
6.1188
6.1185
6.1182
6.1178
6.1175
6.117
6.1165
6.116
6.1155
6.115
6.1146
6.1142
6.1139
6.1137
6.1135
6.1133
6.1131
6.1129
6.1127
6.1125
6.1122
6.112
6.1117
6.1114
6.111
6.1106
6.11
6.1094
6.1086
6.1077
6.1065
6.1048
6.1022
6.0985
6.0951
6.093
6.0925
6.0927
6.0928
6.0925
6.092
6.0915
6.0911
6.0909
6.0908
