8.5473
1.4207
1.9639
2.6116
3.3057
3.9693
4.4472
4.5072
4.1258
3.762
3.7029
3.833
3.9817
4.0426
3.9982
3.9155
3.8702
3.8774
3.9043
3.9122
3.882
3.8185
3.7321
3.6093
3.4722
3.404
3.4099
3.4021
3.3106
3.1908
3.1101
3.1064
3.1601
3.226
3.2722
3.2899
3.2876
3.2788
3.2727
3.2714
3.2729
3.2746
3.2751
3.2744
3.273
3.2715
3.2701
3.2689
3.2678
3.2666
3.2654
3.2646
3.2643
3.2637
3.2614
3.2582
3.2551
3.2513
3.2495
3.2508
3.2535
3.2564
3.2592
3.2615
3.2631
3.2639
3.2642
3.2643
3.2643
3.2643
3.2643
3.2642
3.2642
3.2642
3.2641
3.2641
3.2641
3.2641
3.2641
3.2641
3.2641
3.2641
3.2641
3.2641
3.2641
3.2641
3.2641
3.2641
3.2641
3.2639
3.2637
3.2635
3.2634
3.2634
3.2635
3.2635
3.2636
3.2636
3.2636
3.2636
3.2636
