9.1394
1.4407
1.9059
2.515
3.1966
3.8819
4.4406
4.6584
4.409
4.0217
3.8863
3.9751
4.1208
4.2027
4.1851
4.1194
4.0808
4.0965
4.145
4.1956
4.236
4.2753
4.3603
4.6028
5.2032
6.7633
7.9932
8.0961
7.3392
6.7092
6.4035
6.2529
6.1848
6.1704
6.1838
6.2038
6.219
6.2273
6.2318
6.2365
6.2434
6.2525
6.2622
6.2711
6.2791
6.2864
6.2936
6.3009
6.3087
6.3172
6.3265
6.3368
6.3483
6.3614
6.3765
6.3946
6.417
6.4459
6.4855
6.5447
6.6457
6.7529
6.7269
6.6765
6.6509
6.6487
6.6549
6.6599
6.6618
6.6621
6.6623
6.663
6.6639
6.6648
6.6657
6.6666
6.6674
6.6683
6.6693
6.6702
6.6713
6.6723
6.6735
6.6747
6.6761
6.6776
6.6793
6.6814
6.6836
6.6862
6.689
6.6923
6.6963
6.7014
6.708
6.717
6.7301
6.7507
6.7879
6.8046
6.7763
