3.9995
9.3413
7.0578
5.3633
4.2348
3.5277
3.1791
3.208
3.554
3.844
3.8182
3.5914
3.2674
3.0296
3.1447
3.6794
4.0564
4.1625
4.1364
4.0986
4.1026
4.1589
4.182
4.1254
4.028
3.9454
3.9144
3.9439
4.0138
4.0841
4.1257
4.1437
4.1564
4.1746
4.1973
4.2183
4.2338
4.2448
4.254
4.2631
4.2716
4.2796
4.2872
4.2938
4.2992
4.3041
4.3089
4.3139
4.3189
4.3242
4.3297
4.3352
4.3405
4.3442
4.3426
4.3345
4.3211
4.3034
4.2817
4.2572
4.2321
4.2079
4.1857
4.1663
4.1502
4.1373
4.127
4.1188
4.1119
4.1061
4.1014
4.0975
4.0945
4.092
4.0901
4.0885
4.0873
4.0862
4.0854
4.0848
4.0842
4.0838
4.0835
4.0833
4.0832
4.0831
4.0831
4.0831
4.0834
4.0838
4.0844
4.0849
4.0854
4.0859
4.0863
4.0865
4.0868
4.087
4.0871
4.0873
4.0874
