7.3823
1.2728
1.7418
2.3499
3.0165
3.6536
4.1125
4.2057
3.9428
3.6861
3.6694
3.8152
3.9791
4.0618
4.0423
3.9803
3.9489
3.9708
4.0348
4.1263
4.2227
4.3034
4.3639
4.4167
4.4782
4.5583
4.6668
4.8402
5.2342
6.2526
6.8151
5.9892
5.0671
4.6355
4.5351
4.5775
4.6341
4.6505
4.6309
4.6005
4.5767
4.5535
4.5303
4.5157
4.5081
4.5033
4.4989
4.494
4.4887
4.4805
4.4643
4.4566
4.4614
4.4706
4.4773
4.4801
4.4807
4.4811
4.4817
4.4826
4.4831
4.4831
4.4827
4.4822
4.4818
4.4814
4.4811
4.481
4.481
4.481
4.481
4.481
4.4811
4.4811
4.4811
4.4811
4.4812
4.4812
4.4813
4.4813
4.4813
4.4812
4.4811
4.4808
4.4803
4.4796
4.4802
4.4823
4.4849
4.4872
4.4892
4.4908
4.4921
4.4928
4.4932
4.4936
4.4938
4.4941
4.4943
4.4944
4.4945
