4.004
8.9322
6.687
5.0629
3.9903
3.296
2.895
2.7618
2.7957
2.6423
2.796
3.2361
3.6599
3.8947
3.9671
3.9784
3.9918
4.0278
4.082
4.131
4.1307
4.0653
3.97
3.8811
3.8088
3.741
3.6651
3.583
3.5058
3.45
3.4259
3.4284
3.4419
3.4535
3.4592
3.4613
3.4648
3.4714
3.474
3.4704
3.4655
3.4638
3.4662
3.4708
3.4755
3.4793
3.4819
3.4839
3.4853
3.4866
3.4879
3.4892
3.4905
3.4915
3.4923
3.493
3.4935
3.4939
3.4942
3.4944
3.4945
3.4945
3.4944
3.4944
3.4943
3.4943
3.4943
3.4944
3.4944
3.4945
3.4946
3.4948
3.4949
3.4951
3.4952
3.4954
3.4955
3.4957
3.4958
3.496
3.4961
3.4963
3.4964
3.4965
3.4967
3.4968
3.497
3.4971
3.4973
3.4976
3.4978
3.4979
3.4979
3.4978
3.4977
3.4977
3.4977
3.4978
3.4978
3.4979
3.4979
