8.3743
10.121
7.3392
5.534
4.3718
3.6734
3.3798
3.5154
3.9497
4.2261
4.1673
3.9783
3.8397
3.8173
3.8847
3.9598
3.9813
3.9468
3.8744
3.7889
3.7172
3.6716
3.646
3.6269
3.6081
3.5952
3.6039
3.6563
3.7547
3.8758
4.0712
4.3094
4.4054
4.3334
4.2066
4.0917
4.016
3.9748
3.9494
3.9238
3.8917
3.8542
3.8124
3.764
3.7059
3.634
3.5404
3.4091
3.2025
3.0601
3.0229
3.0047
2.9828
2.9587
2.9371
2.9191
2.9034
2.8887
2.8738
2.8587
2.8444
2.832
2.8215
2.8131
2.8066
2.8019
2.7985
2.796
2.794
2.7925
2.7913
2.7904
2.7897
2.7891
2.7885
2.788
2.7875
2.787
2.7864
2.7858
2.7851
2.7842
2.7831
2.7818
2.7802
2.7779
2.7749
2.7713
2.768
2.7654
2.7635
2.7621
2.7611
2.7603
2.7596
2.759
2.7584
2.7579
2.7574
2.757
2.7566
