3.4243
1.4013
1.898
2.5235
3.2055
3.8635
4.3494
4.4544
4.1559
3.8494
3.8082
3.947
4.1101
4.1917
4.167
4.1068
4.0999
4.1696
4.2861
4.4155
4.5607
4.8322
5.2953
5.3314
4.9034
4.5558
4.45
4.4395
4.4037
4.3488
4.3166
4.328
4.3699
4.4145
4.4426
4.4519
4.4512
4.4504
4.454
4.4616
4.4706
4.4785
4.4847
4.4894
4.4934
4.497
4.5005
4.5041
4.5077
4.5113
4.5151
4.5191
4.5233
4.5276
4.532
4.5369
4.5402
4.5339
4.5286
4.5278
4.5298
4.5327
4.536
4.539
4.5412
4.5428
4.5438
4.5445
4.5451
4.5457
4.5461
4.5464
4.5466
4.5467
4.5468
4.5469
4.5469
4.547
4.547
4.547
4.547
4.547
4.547
4.547
4.547
4.547
4.547
4.547
4.5469
4.5469
4.5468
4.5467
4.5466
4.5466
4.5466
4.5467
4.5467
4.5468
4.5468
4.5468
4.5468
