11.45
1.2384
1.7465
2.3661
3.0415
3.6932
4.1777
4.2987
4.034
3.7456
3.701
3.8313
3.9875
4.0649
4.0381
3.9692
3.9379
3.9617
4.0032
4.0288
3.9274
3.606
3.2766
3.1186
3.125
3.2056
3.2733
3.2836
3.2728
3.2762
3.2805
3.2891
3.2968
3.3007
3.3007
3.2984
3.2953
3.292
3.2889
3.2862
3.2853
3.2858
3.2868
3.2877
3.2886
3.2893
3.2898
3.29
3.2901
3.2902
3.2904
3.2906
3.2908
3.291
3.2912
3.2914
3.2916
3.2917
3.2917
3.2916
3.2913
3.2905
3.289
3.2889
3.2918
3.2958
3.2986
3.2997
3.2999
3.2999
3.3001
3.3004
3.3008
3.3011
3.3013
3.3014
3.3016
3.3017
3.3018
3.302
3.3021
3.3022
3.3023
3.3024
3.3025
3.3026
3.3027
3.3029
3.303
3.303
3.3029
3.3028
3.3027
3.3026
3.3025
3.3024
3.3024
3.3023
3.3022
3.3017
3.301
