15.837
12.069
7.9028
5.7635
4.5009
3.7766
3.4924
3.6621
4.1397
4.4398
4.3834
4.1994
4.0816
4.0939
4.1993
4.3059
4.3536
4.3586
4.373
4.4371
4.5762
4.8736
5.4364
6.0114
6.2344
6.1498
5.9998
5.9591
6.0477
6.1347
6.1432
6.1029
6.0645
6.0491
6.0507
6.0552
6.0549
6.0511
6.048
6.0478
6.0497
6.0518
6.0529
6.0531
6.0531
6.0533
6.0538
6.0544
6.0549
6.0553
6.0556
6.0559
6.0562
6.0565
6.0567
6.057
6.0573
6.0576
6.058
6.0583
6.0586
6.0587
6.0586
6.0584
6.058
6.0575
6.0569
6.0562
6.0556
6.055
6.0545
6.054
6.0535
6.0531
6.0526
6.0523
6.0519
6.0516
6.0514
6.0512
6.051
6.0508
6.0507
6.0506
6.0506
6.0507
6.0511
6.0516
6.0507
6.0471
6.0425
6.0392
6.038
6.0382
6.0386
6.0387
6.0385
6.0383
6.0382
6.0382
6.0383
