13.42
1.4464
1.9032
2.52
3.2
3.8646
4.3703
4.5065
4.2231
3.8989
3.834
3.9562
4.1069
4.1771
4.1423
4.0631
4.015
4.0182
4.0438
4.0558
4.0387
4.0011
3.9526
3.9047
3.8991
3.9708
4.1319
4.2899
4.1665
3.882
3.7014
3.6617
3.6881
3.7161
3.7209
3.7097
3.6985
3.6949
3.697
3.7002
3.7017
3.7014
3.7006
3.7001
3.7
3.7001
3.7002
3.7003
3.7002
3.7002
3.7001
3.7002
3.7002
3.7002
3.7002
3.7003
3.7003
3.7003
3.7003
3.7003
3.7004
3.7005
3.7006
3.7007
3.7008
3.701
3.7011
3.7012
3.7012
3.7013
3.7013
3.7014
3.7014
3.7014
3.7014
3.7014
3.7015
3.7015
3.7016
3.7016
3.7017
3.7018
3.7019
3.702
3.7022
3.7024
3.7026
3.7029
3.7034
3.7043
3.7053
3.7061
3.7063
3.7059
3.7053
3.705
3.7049
3.705
3.7051
3.7051
3.705
