4.217
1.5075
1.9961
2.6298
3.319
3.9833
4.4698
4.5537
4.2039
3.851
3.7881
3.917
4.0767
4.1663
4.1585
4.0952
4.0393
4.0176
4.0147
3.9935
3.9344
3.8594
3.8048
3.7394
3.5958
3.4434
3.3596
3.3456
3.3482
3.3061
3.2449
3.2249
3.245
3.2812
3.315
3.3372
3.3483
3.3534
3.3571
3.3611
3.3646
3.3669
3.3677
3.3675
3.3668
3.3659
3.3646
3.3631
3.362
3.3613
3.3605
3.3595
3.3581
3.3563
3.354
3.3522
3.3516
3.352
3.3524
3.3527
3.3526
3.3524
3.3521
3.352
3.3518
3.3518
3.3518
3.3517
3.3517
3.3517
3.3516
3.3516
3.3515
3.3514
3.3514
3.3513
3.3512
3.3511
3.351
3.3509
3.3508
3.3505
3.3503
3.3498
3.3491
3.3479
3.3479
3.3494
3.3512
3.3523
3.3527
3.3527
3.3526
3.3526
3.3527
3.3528
3.3528
3.3528
3.3528
3.3528
3.3528
