6.6307
11.759
8.2781
6.0831
4.7565
4.0086
3.7371
3.9258
4.3798
4.6727
4.7218
4.6894
4.6587
4.6636
4.7145
4.8068
4.9425
5.1841
5.5402
5.8443
5.9474
5.8977
5.822
5.7962
5.8421
5.9755
6.1865
6.3569
6.3993
6.3649
6.3211
6.2943
6.2821
6.2759
6.2709
6.2665
6.2633
6.2615
6.2607
6.2605
6.2608
6.2609
6.2599
6.2583
6.2569
6.2561
6.2558
6.2557
6.2556
6.2555
6.2555
6.2554
6.2554
6.2553
6.2553
6.2553
6.2553
6.2554
6.2554
6.2554
6.2554
6.2554
6.2554
6.2554
6.2553
6.2552
6.2552
6.2551
6.255
6.255
6.2549
6.2549
6.2548
6.2548
6.2548
6.2548
6.2548
6.2548
6.2548
6.2548
6.2548
6.2549
6.2549
6.2549
6.255
6.255
6.255
6.2551
6.255
6.2549
6.255
6.2555
6.2563
6.2571
6.2577
6.2579
6.258
6.258
6.2581
6.2581
6.2582
