4.9389
1.3995
1.8904
2.5092
3.1792
3.814
4.2553
4.2983
3.9605
3.6344
3.5006
3.442
3.4354
3.4809
3.5556
3.6312
3.7071
3.738
3.6556
3.4357
3.235
3.1662
3.1623
3.1647
3.1545
3.1358
3.1192
3.1178
3.145
3.1889
3.226
3.2429
3.2405
3.2268
3.2087
3.1893
3.1626
3.1187
3.0877
3.078
3.0797
3.0826
3.0828
3.0808
3.0783
3.0763
3.075
3.0741
3.0734
3.0728
3.0722
3.0717
3.0713
3.071
3.0707
3.0706
3.0704
3.0703
3.0702
3.0701
3.07
3.07
3.0699
3.0699
3.0698
3.0698
3.0697
3.0697
3.0697
3.0697
3.0696
3.0696
3.0696
3.0696
3.0696
3.0696
3.0696
3.0696
3.0696
3.0696
3.0696
3.0696
3.0696
3.0696
3.0696
3.0697
3.0697
3.0697
3.0697
3.0697
3.0697
3.0697
3.0697
3.0697
3.0697
3.0697
3.0697
3.0697
3.0697
3.0697
3.0697
