15.647
11.886
8.2811
6.1232
4.8046
4.0666
3.8196
4.0446
4.5031
4.7191
4.6062
4.4015
4.2805
4.2938
4.395
4.4923
4.5315
4.5294
4.5321
4.5708
4.651
4.7673
4.9339
5.2251
5.5957
5.8317
5.9233
6.0712
6.2986
6.3684
6.2517
6.0892
5.9797
5.9427
5.9512
5.9698
5.98
5.9806
5.9779
5.9763
5.9767
5.9781
5.9792
5.9797
5.9799
5.9801
5.9804
5.9806
5.9807
5.9808
5.9809
5.981
5.9811
5.9813
5.9815
5.9817
5.9819
5.9821
5.9823
5.9826
5.9829
5.9831
5.9834
5.9838
5.9841
5.9845
5.9849
5.9853
5.9857
5.9862
5.9867
5.9872
5.9878
5.9884
5.9891
5.9899
5.9908
5.9918
5.993
5.9943
5.996
5.9979
6.0004
6.0035
6.0076
6.0135
6.0223
6.034
6.0401
6.0358
6.0261
6.0179
6.0138
6.0127
6.0127
6.0127
6.0126
6.0125
6.0125
6.0126
6.0127
