6.8768
9.8056
7.0737
5.3221
4.2102
3.5447
3.2742
3.4496
3.9587
4.286
4.2343
4.0435
3.9106
3.9094
4.0104
4.0951
4.0763
3.9897
3.9197
3.9368
4.112
4.4316
4.75
5.0881
5.4357
5.728
5.9016
5.9613
5.9563
5.9323
5.9152
5.9167
5.9429
5.9983
6.0669
6.1136
6.1302
6.1291
6.1247
6.1239
6.127
6.1314
6.135
6.1373
6.1386
6.1395
6.1404
6.1413
6.1422
6.143
6.1437
6.1445
6.1453
6.1461
6.1463
6.1461
6.1458
6.1459
6.1466
6.1475
6.1485
6.1495
6.1505
6.1514
6.1522
6.1529
6.1534
6.1537
6.1539
6.1539
6.1538
6.1538
6.1539
6.154
6.1541
6.1542
6.1542
6.1543
6.1543
6.1544
6.1545
6.1545
6.1546
6.1546
6.1546
6.1547
6.1547
6.1547
6.1547
6.1548
6.1547
6.1547
6.1547
6.1546
6.1546
6.1545
6.1546
6.1546
6.1547
6.1548
6.1548
