9.8664
9.748
6.9043
5.2186
4.1383
3.4794
3.1968
3.3453
3.8342
4.1668
4.1281
3.9428
3.8042
3.7846
3.8566
3.9128
3.8714
3.7575
3.64
3.5684
3.5681
3.6169
3.5957
3.6335
3.9046
4.34
4.7521
5.0004
5.0915
5.1013
5.0902
5.0898
5.113
5.1704
5.2651
5.3437
5.3824
5.3913
5.3899
5.3903
5.3951
5.4022
5.4086
5.4132
5.4163
5.4186
5.4208
5.4229
5.425
5.4269
5.4288
5.4306
5.4324
5.4342
5.4356
5.4362
5.4368
5.4376
5.4389
5.4405
5.4422
5.4438
5.4454
5.4468
5.448
5.4492
5.4502
5.451
5.4517
5.4522
5.4527
5.4532
5.4538
5.4544
5.4549
5.4553
5.4558
5.4562
5.4566
5.4569
5.4573
5.4576
5.4579
5.4581
5.4584
5.4586
5.4588
5.459
5.4592
5.4593
5.4594
5.4595
5.4595
5.4595
5.4595
5.4595
5.4595
5.4597
5.4598
5.46
5.4601
