15.177
11.937
8.0142
5.8984
4.6369
3.9271
3.6848
3.9125
4.4233
4.7964
4.9736
5.0582
5.0456
4.9689
4.8916
4.8644
4.9189
5.105
5.3975
5.699
5.8611
5.8833
5.8624
5.8496
5.8486
5.8545
5.8689
5.849
5.7754
5.6899
5.6333
5.615
5.6221
5.6385
5.6556
5.6731
5.6962
5.7152
5.7117
5.6931
5.6744
5.6633
5.659
5.6583
5.6582
5.6579
5.6573
5.6569
5.6567
5.6567
5.6567
5.6568
5.6569
5.6569
5.6569
5.6569
5.6569
5.6569
5.657
5.657
5.6571
5.6571
5.6572
5.6572
5.6573
5.6573
5.6574
5.6574
5.6575
5.6575
5.6575
5.6576
5.6576
5.6576
5.6576
5.6576
5.6576
5.6575
5.6575
5.6575
5.6575
5.6575
5.6575
5.6574
5.6574
5.6574
5.6574
5.6573
5.6573
5.6573
5.6573
5.6572
5.6572
5.6572
5.6571
5.6571
5.6571
5.6571
5.6571
5.6571
5.6571
