3.3257
1.555
1.9843
2.5973
3.2743
3.9233
4.3845
4.441
4.1
3.7937
3.7681
3.9171
4.0979
4.2272
4.283
4.2967
4.3203
4.383
4.4806
4.6136
4.8297
5.2924
6.4163
7.1891
7.2962
6.936
6.5743
6.395
6.3888
6.4288
6.4552
6.4675
6.4804
6.4948
6.5042
6.505
6.4994
6.4922
6.487
6.4846
6.4839
6.4834
6.4827
6.4821
6.4815
6.481
6.4804
6.4797
6.479
6.4782
6.4773
6.4764
6.4753
6.4741
6.4728
6.4716
6.471
6.471
6.4716
6.4729
6.4747
6.4767
6.4788
6.4808
6.4829
6.4849
6.4869
6.4888
6.4906
6.4922
6.4936
6.4949
6.496
6.497
6.4978
6.4986
6.4992
6.4998
6.5003
6.5007
6.5011
6.5014
6.5017
6.5019
6.5021
6.5022
6.5024
6.5025
6.5026
6.5025
6.5023
6.502
6.5018
6.5017
6.5016
6.5017
6.5017
6.5017
6.5017
6.5017
6.5017
