15.494
11.235
7.592
5.6144
4.3926
3.6576
3.3189
3.3903
3.7871
4.0931
4.0752
3.9109
3.7882
3.7828
3.8752
3.9826
4.0385
4.0467
4.0493
4.0815
4.1553
4.2578
4.3615
4.4471
4.5235
4.6257
4.8163
5.1776
5.5981
5.8654
5.99
6.0327
5.9652
5.8512
5.7666
5.7335
5.7499
5.7926
5.8349
5.8635
5.8796
5.8904
5.9013
5.9135
5.9276
5.9442
5.9643
5.9899
6.0259
6.0814
6.1305
6.1518
6.1543
6.1521
6.1522
6.1558
6.162
6.1659
6.1619
6.1509
6.1368
6.1217
6.1068
6.0941
6.0842
6.077
6.0717
6.0676
6.0643
6.0618
6.0598
6.0584
6.0574
6.0567
6.0562
6.0559
6.0558
6.0558
6.056
6.0562
6.0566
6.0572
6.058
6.0591
6.0607
6.0619
6.0611
6.0588
6.0564
6.0543
6.0524
6.0511
6.0503
6.05
6.05
6.05
6.05
6.05
6.0501
6.0501
6.0502
