8.7475
1.307
1.8332
2.4722
3.1563
3.8037
4.2619
4.3245
3.9926
3.6614
3.5422
3.522
3.5302
3.5386
3.5336
3.5147
3.4967
3.4773
3.3474
3.1554
3.0164
2.9843
3.0094
3.0381
3.0443
3.0325
3.0015
2.9584
2.9388
2.9447
2.9578
2.9664
2.9698
2.9711
2.9727
2.9746
2.9764
2.9777
2.9784
2.9785
2.9782
2.9775
2.9774
2.978
2.9789
2.9795
2.9798
2.9799
2.98
2.98
2.98
2.98
2.98
2.98
2.98
2.98
2.98
2.98
2.98
2.9799
2.9799
2.9798
2.9798
2.9797
2.9797
2.9797
2.9797
2.9797
2.9797
2.9798
2.9798
2.9798
2.9798
2.9798
2.9798
2.9799
2.9799
2.9799
2.9799
2.9799
2.9799
2.9799
2.9799
2.98
2.98
2.98
2.98
2.9801
2.9802
2.9803
2.9805
2.9806
2.9805
2.9802
2.9799
2.9798
2.9797
2.9797
2.9797
2.9797
2.9797
