3.1267
10.544
8.0122
6.0038
4.6973
3.9097
3.5485
3.5939
3.9056
4.1033
4.0229
3.823
3.6616
3.6032
3.6307
3.6711
3.6633
3.6116
3.5604
3.555
3.79
4.2314
4.5313
4.5109
4.3017
4.0771
3.9272
3.85
3.7242
3.6256
3.5674
3.5013
3.429
3.3574
3.2906
3.2299
3.1751
3.1258
3.081
3.0397
3.0009
2.9646
2.9316
2.9022
2.8762
2.8533
2.8332
2.8155
2.7998
2.7856
2.7727
2.761
2.7504
2.7406
2.7317
2.7235
2.7159
2.7088
2.7021
2.6956
2.6893
2.683
2.6763
2.6651
2.6475
2.6263
2.6055
2.5871
2.571
2.5565
2.5429
2.5301
2.5182
2.5072
2.4971
2.4878
2.4791
2.4711
2.4635
2.4565
2.4499
2.4437
2.4379
2.4324
2.4272
2.4222
2.4175
2.4131
2.409
2.4051
2.4014
2.3977
2.394
2.3902
2.3862
2.3818
2.377
2.3718
2.3659
2.3594
2.3511
