10.029
9.9498
7.1654
5.4127
4.2615
3.5324
3.1479
3.1041
3.3362
3.5316
3.4497
3.143
2.5704
2.2427
2.627
3.4742
4.0516
4.1643
4.0925
4.0349
4.0389
4.0731
4.0837
4.049
3.9863
3.9298
3.9212
3.9921
4.1186
4.2182
4.2468
4.2213
4.1788
4.1453
4.1279
4.1215
4.1182
4.1138
4.1083
4.1027
4.0983
4.0958
4.0953
4.0959
4.0973
4.0995
4.1026
4.1066
4.1115
4.1173
4.126
4.1392
4.1583
4.1849
4.2185
4.2596
4.3111
4.372
4.4362
4.4997
4.561
4.6168
4.6649
4.7059
4.7409
4.7709
4.7963
4.8177
4.8353
4.8498
4.8618
4.8718
4.8801
4.887
4.8927
4.8975
4.9015
4.9048
4.9075
4.9098
4.9118
4.9134
4.9148
4.9159
4.9169
4.9177
4.9184
4.919
4.9196
4.9204
4.9213
4.9221
4.9229
4.9237
4.9243
4.9248
4.9252
4.9256
4.9259
4.9263
4.9266
