4.2604
1.8962
2.1898
2.7898
3.4818
4.1882
4.787
5.0975
5.0803
5.215
5.237
5.0052
4.7299
4.5493
4.4716
4.4492
4.4438
4.438
4.4203
4.4021
4.4096
4.4562
4.5211
4.5623
4.5504
4.5048
4.4586
4.4268
4.4249
4.4465
4.4693
4.4803
4.4807
4.4775
4.4754
4.4754
4.4767
4.4781
4.4798
4.4823
4.4847
4.4856
4.4851
4.4838
4.4827
4.4819
4.4815
4.4813
4.4811
4.481
4.4807
4.4804
4.4801
4.4799
4.4797
4.4796
4.4794
4.4793
4.4792
4.479
4.4788
4.4787
4.4786
4.4786
4.4785
4.4786
4.4786
4.4787
4.4787
4.4788
4.4789
4.479
4.4791
4.4791
4.4792
4.4793
4.4794
4.4794
4.4795
4.4796
4.4796
4.4797
4.4797
4.4797
4.4798
4.4798
4.4798
4.4798
4.4798
4.4798
4.4798
4.4797
4.4797
4.4797
4.4797
4.4798
4.4798
4.4799
4.4799
4.4799
4.4799
