5.4665
1.6905
2.145
2.7671
3.4616
4.1544
4.7035
4.869
4.5276
4.0925
3.9664
4.0793
4.2495
4.3538
4.3514
4.289
4.2441
4.25
4.2848
4.3265
4.4002
4.571
4.9998
5.6429
5.5946
5.1568
4.8078
4.7098
4.7451
4.8034
4.8528
4.8913
4.9167
4.9276
4.9276
4.924
4.9228
4.9257
4.9311
4.9367
4.9414
4.9453
4.9495
4.9545
4.9598
4.9649
4.9695
4.9739
4.9782
4.9826
4.9871
4.9916
4.9962
5.0008
5.0055
5.0102
5.015
5.0199
5.0249
5.03
5.0354
5.0409
5.0466
5.0526
5.0589
5.0655
5.0725
5.0799
5.0878
5.0962
5.1053
5.1151
5.1257
5.1374
5.1504
5.1648
5.1811
5.1997
5.2212
5.2466
5.2771
5.3147
5.3626
5.4261
5.5155
5.6525
5.8644
6.0071
5.9991
5.9769
5.9685
5.9714
5.977
5.9809
5.9827
5.9834
5.9839
5.9845
5.9851
5.9855
5.9858
