12.541
11.322
8.0108
5.9503
4.6435
3.8583
3.5017
3.5778
3.9817
4.2893
4.2726
4.1085
3.9858
3.9769
4.0558
4.1407
4.1731
4.1628
4.1533
4.1772
4.2484
4.3744
4.4626
4.425
4.3299
4.3588
4.7797
5.5577
6.1362
6.2489
6.1162
5.9214
5.7333
5.5726
5.4457
5.3524
5.2875
5.2423
5.2078
5.1779
5.15
5.1247
5.1032
5.0855
5.0706
5.0579
5.0468
5.0366
5.0269
5.0173
5.0078
4.9982
4.9883
4.9781
4.9674
4.9557
4.9428
4.9282
4.911
4.8895
4.8607
4.8396
4.8647
4.8784
4.8667
4.8443
4.8241
4.8099
4.7999
4.7913
4.7832
4.7752
4.7677
4.7607
4.7541
4.7478
4.7417
4.7357
4.7298
4.7239
4.718
4.712
4.7058
4.6995
4.6928
4.6856
4.6778
4.6694
4.6604
4.6508
4.6401
4.6278
4.6136
4.5965
4.5751
4.5475
4.5097
4.454
4.3644
4.3921
4.4563
