10.659
1.5129
2.0177
2.6625
3.3631
4.0508
4.5857
4.7384
4.4113
4.0078
3.8982
4.0114
4.1716
4.2606
4.2458
4.1824
4.1491
4.1759
4.2455
4.3404
4.5077
4.871
4.982
4.6169
4.1728
3.9794
3.9914
4.0607
4.0821
4.056
4.0361
4.0426
4.0621
4.0774
4.0827
4.0821
4.0819
4.0842
4.0875
4.0895
4.0895
4.0884
4.0872
4.0866
4.0865
4.0863
4.0859
4.0852
4.0845
4.0838
4.0831
4.0825
4.082
4.0814
4.0808
4.0802
4.0796
4.079
4.0784
4.0777
4.077
4.0764
4.0758
4.0753
4.0749
4.0747
4.0746
4.0746
4.0746
4.0746
4.0746
4.0745
4.0744
4.0742
4.074
4.0737
4.0733
4.0728
4.0722
4.0714
4.0705
4.0694
4.0681
4.0665
4.0644
4.0618
4.0581
4.0526
4.0458
4.0409
4.0393
4.0394
4.0393
4.0385
4.0371
4.036
4.0351
4.0346
4.0342
4.0339
4.0336
