17.594
13.369
8.6503
6.2492
4.8608
4.0952
3.8254
4.0112
4.4166
4.5956
4.4671
4.2529
4.1181
4.113
4.1894
4.2409
4.2086
4.125
4.0559
4.0505
4.1404
4.4035
5.0195
5.7937
6.1519
6.1033
5.9276
5.7997
5.762
5.7819
5.8129
5.8343
5.8483
5.8608
5.8716
5.8778
5.8786
5.8767
5.8752
5.8757
5.8775
5.8791
5.8797
5.8794
5.8787
5.878
5.8774
5.8769
5.8762
5.8754
5.8745
5.8735
5.8724
5.8712
5.8698
5.8683
5.8669
5.8657
5.8648
5.8642
5.8644
5.8656
5.8675
5.8699
5.8723
5.8746
5.8768
5.8787
5.8804
5.8819
5.8833
5.8845
5.8855
5.8864
5.8872
5.8878
5.8883
5.8887
5.889
5.8893
5.8895
5.8896
5.8897
5.8897
5.8897
5.8896
5.8894
5.889
5.8884
5.8875
5.8866
5.8864
5.8869
5.8877
5.8884
5.8887
5.8889
5.8889
5.889
5.8891
5.8892
