5.5626
1.4524
1.9724
2.6131
3.3049
3.9689
4.4511
4.5228
4.1578
3.8025
3.7428
3.8692
4.0131
4.0676
4.0139
3.9179
3.8555
3.8451
3.8579
3.8605
3.8418
3.8187
3.7867
3.6269
3.3331
3.1584
3.1476
3.2092
3.2679
3.2998
3.3182
3.3488
3.3916
3.4297
3.4511
3.4559
3.4521
3.4478
3.4469
3.449
3.4523
3.4552
3.4573
3.4589
3.4603
3.4619
3.4637
3.4657
3.4678
3.47
3.4723
3.4748
3.4776
3.4803
3.4832
3.487
3.4915
3.4908
3.4911
3.4943
3.4994
3.5052
3.5109
3.5161
3.5209
3.5251
3.5288
3.5322
3.5352
3.5378
3.5401
3.542
3.5436
3.5448
3.5459
3.5468
3.5475
3.5481
3.5486
3.549
3.5493
3.5495
3.5497
3.5499
3.55
3.5501
3.5502
3.5502
3.5502
3.5502
3.5501
3.5501
3.5502
3.5503
3.5505
3.5506
3.5508
3.5509
3.551
3.551
3.5511
