9.8013
1.4049
1.91
2.5328
3.2172
3.8937
4.4252
4.5962
4.3156
3.9449
3.8354
3.937
4.0861
4.1638
4.1294
4.0568
4.0467
4.1277
4.274
4.4849
4.8694
4.9948
4.7313
4.3935
4.21
4.1785
4.2083
4.236
4.2365
4.2057
4.1932
4.2045
4.2214
4.2382
4.2584
4.2846
4.3125
4.3356
4.3518
4.3646
4.3835
4.4048
4.4065
4.4055
4.4059
4.4072
4.4083
4.4086
4.4082
4.4072
4.4059
4.4043
4.4024
4.3999
4.3961
4.391
4.3834
4.3735
4.3656
4.3617
4.3606
4.3612
4.363
4.3654
4.3681
4.3702
4.3713
4.3713
4.3708
4.3702
4.3697
4.3693
4.3689
4.3683
4.3675
4.3667
4.3657
4.3647
4.3635
4.3621
4.3605
4.3585
4.356
4.3528
4.3483
4.342
4.3359
4.3315
4.3279
4.3247
4.3227
4.322
4.3217
4.3214
4.321
4.3207
4.3206
4.3206
4.3207
4.321
4.3213
