9.228
1.3118
1.841
2.476
3.1605
3.8168
4.2974
4.3964
4.0983
3.7973
3.7589
3.8959
4.0523
4.1238
4.0895
4.0131
3.9709
3.9806
4.009
4.0161
3.9854
3.9284
3.8624
3.7927
3.7225
3.6686
3.6511
3.6404
3.5736
3.4829
3.4519
3.4806
3.5266
3.5567
3.5604
3.5503
3.5436
3.5457
3.5529
3.5597
3.5636
3.5651
3.5654
3.5657
3.5663
3.567
3.5675
3.5678
3.5679
3.568
3.5681
3.5682
3.5682
3.5683
3.5683
3.5684
3.5685
3.5685
3.5685
3.5684
3.5683
3.5682
3.5682
3.5683
3.5683
3.5685
3.5686
3.5686
3.5687
3.5688
3.5688
3.5688
3.5688
3.5687
3.5687
3.5687
3.5686
3.5686
3.5686
3.5685
3.5685
3.5684
3.5684
3.5683
3.5683
3.5682
3.5682
3.5682
3.5682
3.5682
3.5683
3.5681
3.5677
3.5672
3.5667
3.5665
3.5664
3.5664
3.5664
3.5664
3.5663
