8.2789
11.03
7.7965
5.7826
4.5365
3.8055
3.5017
3.6212
4.009
4.2432
4.1784
4.0068
3.8965
3.9105
4.0268
4.1695
4.2775
4.3531
4.45
4.6391
4.9031
5.1336
5.2398
5.2553
5.2432
5.2325
5.2566
5.336
5.4055
5.4177
5.3613
5.2607
5.1573
5.0767
5.0284
5.0085
5.0056
5.0083
5.0106
5.0121
5.0143
5.0185
5.0243
5.0309
5.038
5.0454
5.0532
5.0591
5.0626
5.0647
5.0666
5.0686
5.0706
5.0725
5.074
5.0748
5.0753
5.0762
5.0778
5.08
5.0825
5.085
5.0874
5.0897
5.0921
5.0946
5.0971
5.0998
5.1026
5.1055
5.1085
5.1117
5.1151
5.1188
5.1228
5.1272
5.1322
5.1378
5.1443
5.1521
5.1615
5.1735
5.1895
5.2124
5.2473
5.2815
5.2999
5.3057
5.307
5.308
5.3096
5.3112
5.3122
5.3127
5.3129
5.3131
5.3132
5.3133
5.3133
5.3134
5.3134
