14.716
10.604
7.306
5.4633
4.326
3.67
3.4424
3.6862
4.2689
4.7673
5.1054
5.3751
5.5635
5.6615
5.6927
5.7001
5.7089
5.7305
5.7796
5.8723
5.9556
5.9879
5.9646
5.9327
5.9168
5.886
5.8246
5.7548
5.7063
5.6948
5.7174
5.7523
5.7791
5.7928
5.7973
5.7969
5.7942
5.7901
5.7845
5.7793
5.7766
5.7769
5.779
5.7809
5.782
5.7823
5.7822
5.7818
5.781
5.7802
5.7799
5.78
5.7803
5.7806
5.7808
5.781
5.7812
5.7816
5.782
5.7824
5.7827
5.7829
5.783
5.783
5.783
5.783
5.7829
5.7829
5.7828
5.7828
5.7827
5.7826
5.7826
5.7825
5.7825
5.7824
5.7824
5.7824
5.7824
5.7824
5.7824
5.7825
5.7825
5.7826
5.7826
5.7827
5.7827
5.7829
5.7834
5.784
5.7847
5.7851
5.7853
5.7854
5.7854
5.7855
5.7856
5.7857
5.7858
5.7859
5.7859
