1.3594
10.138
7.6454
5.7756
4.5508
3.8141
3.4949
3.5935
3.9699
4.2128
4.1592
3.9904
3.8764
3.8812
3.9776
4.087
4.1638
4.2072
4.1972
4.1467
4.1043
4.1052
4.1573
4.2541
4.3946
4.6043
4.9806
5.5786
6.2691
6.8482
7.0846
7.0009
6.7639
6.5184
6.3426
6.2467
6.2041
6.1845
6.1707
6.1587
6.1503
6.1466
6.1467
6.1487
6.1509
6.1529
6.1547
6.1566
6.1588
6.1604
6.1605
6.1596
6.1591
6.16
6.1616
6.1616
6.1593
6.1566
6.1548
6.1541
6.154
6.154
6.1539
6.1535
6.153
6.1525
6.152
6.1516
6.1512
6.1509
6.1507
6.1505
6.1503
6.1502
6.1501
6.15
6.1499
6.1499
6.1499
6.15
6.1501
6.1505
6.1511
6.1523
6.1548
6.1554
6.1498
6.1413
6.1347
6.1317
6.1313
6.1318
6.1322
6.1324
6.1324
6.1325
6.1326
6.1328
6.1329
6.133
6.1331
