6.1589
1.4463
1.9169
2.5445
3.2268
3.8787
4.3479
4.4247
4.1006
3.7762
3.5967
3.4367
3.3344
3.3056
3.3223
3.3459
3.353
3.3327
3.2778
3.2124
3.1753
3.1911
3.23
3.259
3.2673
3.26
3.2149
3.1395
3.0999
3.1028
3.12
3.1304
3.1304
3.1253
3.1202
3.1167
3.1134
3.1085
3.1078
3.1129
3.1198
3.1246
3.1266
3.1269
3.1268
3.1268
3.1271
3.1274
3.1277
3.1278
3.1279
3.128
3.128
3.1281
3.1281
3.1282
3.1282
3.1283
3.1283
3.1283
3.1283
3.1284
3.1284
3.1284
3.1284
3.1284
3.1284
3.1283
3.1283
3.1283
3.1283
3.1283
3.1282
3.1282
3.1282
3.1282
3.1282
3.1282
3.1282
3.1282
3.1282
3.1282
3.1282
3.1282
3.1282
3.1282
3.1282
3.1282
3.1282
3.1282
3.1282
3.1282
3.1282
3.1282
3.1283
3.1283
3.1284
3.1284
3.1284
3.1284
3.1284
