1.198
9.6133
7.3283
5.5233
4.3612
3.6726
3.3983
3.5668
4.0344
4.3153
4.2425
4.0423
3.9001
3.8788
3.9478
4.0221
4.041
4.0113
3.9717
3.9548
3.9759
4.0296
4.097
4.1603
4.2147
4.2766
4.4101
4.7249
5.1619
5.5019
5.6274
5.5568
5.3913
5.2347
5.1456
5.1269
5.1521
5.1894
5.2179
5.2324
5.2378
5.2407
5.2448
5.2509
5.2583
5.2671
5.2776
5.2914
5.311
5.3416
5.3725
5.3878
5.3902
5.3879
5.3855
5.3835
5.3814
5.3772
5.3684
5.356
5.3431
5.3309
5.3197
5.3104
5.3032
5.2978
5.2936
5.29
5.2867
5.2838
5.2812
5.2788
5.2768
5.2749
5.2733
5.2718
5.2705
5.2693
5.2682
5.2672
5.2663
5.2654
5.2646
5.2637
5.2628
5.2618
5.2607
5.2595
5.2588
5.2585
5.2583
5.2581
5.2578
5.2575
5.2571
5.2567
5.2563
5.256
5.2557
5.2554
5.2552
