5.7258
1.6089
2.0024
2.6156
3.2961
3.9553
4.4428
4.5474
4.2454
3.9413
3.7819
3.6127
3.4899
3.4429
3.4483
3.4644
3.4648
3.4223
3.3086
3.1504
3.0252
2.9905
3.0025
3.0197
3.0284
3.0328
3.0408
3.0589
3.0931
3.1337
3.1638
3.1758
3.1735
3.1652
3.1566
3.1494
3.139
3.1181
3.1059
3.1075
3.1152
3.1217
3.1247
3.125
3.1246
3.1244
3.1245
3.1247
3.1249
3.125
3.125
3.1249
3.1249
3.1249
3.1249
3.1249
3.1249
3.125
3.125
3.125
3.125
3.125
3.1251
3.1251
3.1251
3.1251
3.1251
3.1251
3.1252
3.1252
3.1252
3.1252
3.1252
3.1252
3.1252
3.1251
3.1251
3.1251
3.1251
3.1251
3.1251
3.1251
3.1251
3.1251
3.1251
3.1251
3.1251
3.1251
3.1251
3.1251
3.1251
3.1251
3.1251
3.1252
3.1252
3.1252
3.1252
3.1252
3.1252
3.1252
3.1252
