7.8944
1.4908
1.9499
2.5652
3.2462
3.9149
4.4291
4.576
4.2908
3.9484
3.8677
3.9806
4.1232
4.1831
4.1331
4.0325
3.9594
3.9407
3.958
3.9804
3.9861
3.9795
3.9813
3.9973
4.011
4.0157
3.9885
3.8344
3.5927
3.3281
3.1443
3.0926
3.1165
3.1714
3.2257
3.2617
3.2777
3.2819
3.2827
3.2838
3.2851
3.2854
3.2844
3.2825
3.2804
3.2785
3.2767
3.2751
3.2738
3.2728
3.2716
3.2703
3.2686
3.2664
3.2637
3.2613
3.2605
3.2605
3.2607
3.2605
3.2599
3.2591
3.2584
3.2578
3.2573
3.2568
3.2563
3.2557
3.2551
3.2545
3.2537
3.253
3.2522
3.2513
3.2503
3.2493
3.2481
3.2468
3.2453
3.2436
3.2416
3.2392
3.2364
3.2329
3.2242
3.2061
3.1936
3.1897
3.1899
3.1906
3.1905
3.1898
3.1891
3.1887
3.1885
3.1884
3.1883
3.1882
3.1881
3.188
3.188
