6.4637
1.3983
1.9173
2.5607
3.2489
3.901
4.3622
4.4199
4.0833
3.7795
3.755
3.907
4.0961
4.2451
4.3358
4.3991
4.4946
4.7113
5.2306
5.7229
5.9744
5.7128
5.3814
5.2151
5.1614
5.1679
5.2148
5.2926
5.4046
5.5775
5.7095
5.7888
5.8496
5.9057
5.9565
5.9974
6.0275
6.0502
6.0703
6.091
6.1128
6.1351
6.1578
6.1818
6.2086
6.2379
6.2396
6.2348
6.2314
6.2305
6.2308
6.2311
6.2313
6.2312
6.2311
6.2311
6.2313
6.2314
6.2314
6.2312
6.2308
6.2305
6.2302
6.23
6.2298
6.2297
6.2294
6.2292
6.229
6.2287
6.2284
6.2282
6.2279
6.2276
6.2272
6.2268
6.2264
6.2259
6.2254
6.2247
6.2239
6.2229
6.2215
6.2197
6.217
6.2125
6.2094
6.2093
6.2109
6.2122
6.2126
6.2123
6.212
6.2118
6.2118
6.2118
6.2119
6.2118
6.2118
6.2118
6.2118
