4.8799
1.4579
1.9531
2.5859
3.2741
3.9362
4.4207
4.5089
4.178
3.849
3.8008
3.9364
4.0951
4.1715
4.1392
4.051
3.9795
3.9496
3.9365
3.9159
3.8902
3.8803
3.8665
3.6926
3.3386
3.0933
3.0356
3.0763
3.1387
3.179
3.191
3.1942
3.1972
3.1974
3.1919
3.1826
3.1735
3.1673
3.1645
3.1637
3.1631
3.1622
3.1612
3.1602
3.1592
3.1582
3.1571
3.156
3.1549
3.1537
3.1525
3.1512
3.1497
3.1479
3.1455
3.1427
3.1394
3.1349
3.1311
3.1288
3.1274
3.1263
3.1253
3.1243
3.1234
3.1225
3.1218
3.1212
3.1207
3.1203
3.1199
3.1195
3.1192
3.1189
3.1186
3.1184
3.1182
3.118
3.1179
3.1177
3.1176
3.1175
3.1174
3.1173
3.1173
3.1172
3.1171
3.1171
3.117
3.1169
3.1168
3.1167
3.1167
3.1166
3.1165
3.1165
3.1165
3.1165
3.1165
3.1165
3.1165
