12.535
1.3998
1.8902
2.515
3.2014
3.8785
4.4093
4.578
4.294
3.9221
3.8142
3.9181
4.0699
4.1545
4.1388
4.0849
4.0776
4.1412
4.2482
4.3777
4.5807
4.5573
4.2282
3.8994
3.7419
3.7142
3.7213
3.7021
3.6454
3.5819
3.5467
3.528
3.5025
3.4782
3.4723
3.4854
3.503
3.5129
3.5128
3.507
3.5025
3.5007
3.4961
3.4923
3.4903
3.4894
3.4885
3.4874
3.4861
3.4846
3.4831
3.4817
3.4803
3.4784
3.4755
3.4715
3.4655
3.4578
3.4522
3.4499
3.4498
3.4508
3.4527
3.4549
3.4571
3.4587
3.4593
3.4591
3.4584
3.4577
3.4571
3.4564
3.4556
3.4546
3.4535
3.4523
3.4509
3.4493
3.4475
3.4454
3.4429
3.44
3.4363
3.4315
3.4243
3.4138
3.4045
3.3982
3.3929
3.3883
3.386
3.3854
3.3854
3.3853
3.385
3.3848
3.3848
3.3849
3.3851
3.3854
3.3859
