5.0877
1.3414
1.8396
2.4612
3.1449
3.8174
4.3408
4.5018
4.2194
3.8591
3.7608
3.8692
4.0218
4.1065
4.093
4.0351
4.0072
4.0343
4.096
4.1798
4.3402
4.2575
3.9036
3.6197
3.5324
3.5652
3.616
3.6321
3.62
3.606
3.5997
3.5676
3.4941
3.4192
3.3814
3.382
3.3963
3.4043
3.4005
3.3891
3.3774
3.3684
3.3608
3.3551
3.3515
3.3492
3.3474
3.3456
3.3439
3.3424
3.3412
3.3402
3.3393
3.3385
3.3375
3.3367
3.3359
3.3355
3.3354
3.3356
3.3354
3.3342
3.3314
3.3289
3.3287
3.3296
3.33
3.3292
3.3278
3.3263
3.325
3.3239
3.3228
3.3216
3.3203
3.319
3.3176
3.3162
3.3146
3.3128
3.3108
3.3084
3.3055
3.3019
3.2965
3.289
3.2824
3.2782
3.2744
3.2708
3.2689
3.2682
3.2676
3.2666
3.2653
3.2637
3.262
3.2599
3.2573
3.2532
3.2475
