6.2599
11.218
8.0557
5.9739
4.6637
3.8825
3.5378
3.6348
4.0554
4.3612
4.336
4.1674
4.0448
4.0381
4.1187
4.2038
4.2369
4.2292
4.2252
4.2575
4.3411
4.4885
4.6001
4.573
4.4707
4.4527
4.7317
5.269
5.6443
5.6765
5.5437
5.3849
5.2399
5.1122
5.0025
4.9144
4.8492
4.8024
4.7667
4.7355
4.7059
4.678
4.6533
4.6321
4.6138
4.598
4.5844
4.5722
4.5609
4.5502
4.5399
4.5299
4.5199
4.5098
4.4995
4.4887
4.4771
4.4644
4.4501
4.4332
4.4118
4.3943
4.3998
4.393
4.3669
4.3328
4.3003
4.2725
4.2486
4.2267
4.2058
4.1857
4.1666
4.1482
4.1306
4.1135
4.0969
4.0804
4.0641
4.0478
4.0314
4.0147
3.9975
3.9796
3.9607
3.9405
3.9182
3.8937
3.867
3.838
3.8059
3.7701
3.7295
3.6821
3.6249
3.5528
3.4569
3.319
3.0993
2.9644
2.9184
