6.7686
12.298
8.6056
6.29
4.9001
4.1251
3.8479
4.0334
4.455
4.6674
4.5756
4.4012
4.3279
4.4499
4.7017
4.8747
4.8697
4.7619
4.6591
4.6145
4.6256
4.6599
4.6825
4.678
4.6451
4.609
4.6734
4.9831
5.4193
5.7454
5.8408
5.758
5.6155
5.4969
5.4296
5.4052
5.4031
5.4056
5.4039
5.3974
5.3893
5.383
5.3799
5.3793
5.3801
5.3815
5.383
5.3843
5.3853
5.3859
5.3858
5.3846
5.3828
5.3816
5.3822
5.386
5.3947
5.3944
5.3743
5.3351
5.3006
5.2695
5.2371
5.2061
5.1793
5.1572
5.1392
5.1244
5.1119
5.1013
5.0924
5.085
5.0788
5.0737
5.0693
5.0656
5.0623
5.0595
5.0571
5.0549
5.0529
5.051
5.0492
5.0474
5.0455
5.0433
5.0406
5.0377
5.0351
5.0329
5.0311
5.0296
5.0284
5.0275
5.0267
5.0259
5.0252
5.0246
5.024
5.0236
5.0232
