7.8055
9.9592
7.0629
5.2973
4.1702
3.4704
3.1234
3.1501
3.498
3.7904
3.7817
3.6209
3.4814
3.439
3.4883
3.5652
3.605
3.5933
3.5531
3.5105
3.4791
3.4562
3.4352
3.4262
3.4303
3.3984
3.2618
2.8866
2.7891
3.3477
4.1321
4.5203
4.5078
4.331
4.1504
4.0213
3.9409
3.8889
3.8495
3.8169
3.7918
3.7752
3.7665
3.7635
3.764
3.7665
3.7706
3.7762
3.7836
3.7929
3.8047
3.8195
3.8383
3.8631
3.8897
3.9082
3.9173
3.9205
3.9216
3.9226
3.924
3.9256
3.9268
3.9275
3.9277
3.9274
3.9268
3.926
3.9251
3.9242
3.9233
3.9223
3.9215
3.9206
3.9198
3.919
3.9182
3.9175
3.9167
3.916
3.9153
3.9147
3.914
3.9134
3.9129
3.9115
3.9073
3.9017
3.8973
3.8953
3.8951
3.8955
3.8958
3.8957
3.8955
3.8953
3.8952
3.8952
3.8952
3.8952
3.8952
