5.9936
10.609
8.0008
6.0093
4.6985
3.9031
3.5306
3.5614
3.8697
4.0879
4.0381
3.8689
3.7389
3.7119
3.766
3.8274
3.8402
3.808
3.7669
3.7463
3.7532
3.7779
3.8084
3.8426
3.8901
3.9762
4.207
4.7852
5.6374
6.1521
6.1928
6.0396
5.9023
5.8505
5.8648
5.8983
5.9208
5.9275
5.9264
5.925
5.9258
5.9278
5.9294
5.9301
5.9301
5.9299
5.9297
5.9296
5.9294
5.9293
5.929
5.9288
5.9286
5.9284
5.9282
5.928
5.9279
5.9277
5.9275
5.9274
5.9273
5.9271
5.927
5.9269
5.9268
5.9267
5.9266
5.9265
5.9263
5.9262
5.9261
5.9259
5.9258
5.9256
5.9255
5.9253
5.9251
5.9249
5.9247
5.9245
5.9242
5.9239
5.9236
5.9231
5.9225
5.9218
5.9208
5.9195
5.9173
5.9146
5.9126
5.9124
5.9139
5.916
5.9179
5.919
5.9197
5.9202
5.9206
5.9211
5.9216
