6.5053
11.854
8.4615
6.2383
4.8617
4.0652
3.7345
3.8339
4.1826
4.3818
4.3005
4.1208
4.0086
4.0272
4.1551
4.3393
4.5933
4.8706
5.0016
4.9888
4.9469
4.9514
5.0137
5.1149
5.2443
5.4365
5.8109
6.2814
6.5513
6.5414
6.3759
6.1693
5.9852
5.8553
5.7862
5.7636
5.7634
5.7662
5.7639
5.7576
5.7516
5.7484
5.7483
5.7499
5.7522
5.755
5.7585
5.7631
5.7691
5.7741
5.7762
5.7763
5.7763
5.777
5.7782
5.7791
5.7793
5.7793
5.7795
5.7799
5.7803
5.7805
5.7804
5.7801
5.7798
5.7796
5.7793
5.7791
5.779
5.7788
5.7786
5.7784
5.7782
5.778
5.7778
5.7775
5.7773
5.7771
5.7769
5.7767
5.7766
5.7766
5.7769
5.7778
5.7798
5.7803
5.7741
5.7641
5.7558
5.7514
5.7502
5.7504
5.7509
5.7512
5.7515
5.7517
5.752
5.7522
5.7525
5.7527
5.7529
