1.9487
9.0582
7.0608
5.3899
4.2703
3.5835
3.2778
3.3794
3.7854
4.0685
4.0319
3.8613
3.7324
3.7131
3.7888
3.891
3.9575
3.9801
3.9886
4.0149
4.064
4.1208
4.1845
4.3084
4.4972
4.6567
4.7325
4.7777
4.9085
5.1343
5.2951
5.3152
5.2452
5.1452
5.0551
4.9902
4.9471
4.9164
4.8916
4.8713
4.856
4.8462
4.8408
4.8385
4.8381
4.839
4.841
4.8436
4.8464
4.8498
4.8539
4.8589
4.8651
4.8727
4.881
4.8869
4.8896
4.8904
4.8909
4.8916
4.8925
4.8933
4.8939
4.8942
4.8942
4.8941
4.894
4.8938
4.8936
4.8935
4.8933
4.8932
4.8931
4.893
4.8929
4.8929
4.8928
4.8928
4.8929
4.8929
4.893
4.8932
4.8935
4.894
4.8949
4.8953
4.8929
4.889
4.886
4.8847
4.8847
4.885
4.8852
4.8853
4.8853
4.8853
4.8854
4.8855
4.8856
4.8857
4.8857
