7.813
1.423
1.8909
2.4991
3.1731
3.8311
4.3286
4.4609
4.1868
3.8746
3.8126
3.9296
4.0685
4.1221
4.0678
3.9673
3.8964
3.8787
3.894
3.9085
3.8995
3.8756
3.8645
3.8743
3.8877
3.8981
3.8717
3.6561
3.3437
3.0999
2.9887
2.992
3.0531
3.1324
3.2033
3.2517
3.2781
3.2912
3.2993
3.3064
3.3125
3.3168
3.3192
3.3202
3.3207
3.3211
3.3213
3.3215
3.3221
3.323
3.3237
3.3243
3.3245
3.3244
3.3241
3.3241
3.3249
3.3261
3.3272
3.3277
3.328
3.328
3.3282
3.3284
3.3287
3.329
3.3292
3.3295
3.3297
3.3299
3.3301
3.3304
3.3306
3.331
3.3313
3.3318
3.3323
3.333
3.3339
3.3351
3.3368
3.3393
3.3436
3.3518
3.351
3.3281
3.3109
3.3051
3.3055
3.3069
3.3074
3.307
3.3064
3.3061
3.306
3.3059
3.3059
3.3059
3.3059
3.3059
3.3059
