2.9497
1.471
1.9387
2.5534
3.2292
3.8815
4.3566
4.4394
4.1146
3.7941
3.7472
3.8811
4.0382
4.1124
4.0786
4.0068
3.9876
4.0432
4.1377
4.2304
4.3176
4.4587
4.4909
4.14
3.8096
3.7155
3.7761
3.8773
3.9488
3.9775
3.9895
4.004
4.0196
4.0287
4.0298
4.0281
4.0299
4.036
4.0434
4.049
4.0518
4.0527
4.053
4.0537
4.0546
4.0555
4.0562
4.0565
4.0567
4.0568
4.0568
4.0568
4.0568
4.0566
4.0565
4.0565
4.0568
4.057
4.0569
4.0566
4.056
4.0551
4.0539
4.0526
4.0514
4.0502
4.0491
4.0483
4.0475
4.0469
4.0463
4.0459
4.0455
4.0452
4.0449
4.0448
4.0446
4.0445
4.0445
4.0445
4.0445
4.0446
4.0447
4.0448
4.045
4.0452
4.0455
4.0459
4.0464
4.0474
4.0486
4.0498
4.0504
4.0503
4.0499
4.0495
4.0493
4.0492
4.0491
4.0491
4.049
