12.642
10.6
7.7006
5.7781
4.529
3.7648
3.4048
3.456
3.8276
4.121
4.1074
3.9478
3.8234
3.8079
3.8812
3.9646
3.9989
3.9937
3.996
4.0453
4.1657
4.3802
4.5876
4.6556
4.601
4.5166
4.4687
4.4759
4.5143
4.5542
4.638
4.8711
5.1711
5.3906
5.4139
5.3001
5.1601
5.0514
4.9793
4.9289
4.8871
4.849
4.8145
4.7834
4.7555
4.731
4.7094
4.6901
4.6726
4.6562
4.6404
4.6244
4.609
4.5955
4.5844
4.5752
4.5675
4.5593
4.5484
4.5346
4.519
4.5024
4.4851
4.4676
4.4501
4.433
4.4163
4.3996
4.3826
4.3648
4.3464
4.3271
4.3069
4.2856
4.2627
4.2379
4.2106
4.18
4.1451
4.1041
4.0547
3.9925
3.91
3.7915
3.6501
3.5237
3.3977
3.2627
3.1894
3.1499
3.1204
3.0965
3.0776
3.0634
3.0527
3.0445
3.038
3.0326
3.0282
3.0244
3.0211
