6.0239
1.4202
1.8736
2.476
3.1507
3.821
4.3485
4.5206
4.2505
3.8928
3.7899
3.8918
4.037
4.1118
4.0858
4.0147
3.9743
3.9869
4.0251
4.0587
4.1001
3.9628
3.6628
3.4585
3.415
3.4503
3.4514
3.3454
3.2265
3.1929
3.2227
3.2678
3.3047
3.3301
3.3471
3.358
3.3626
3.361
3.3552
3.3481
3.344
3.3433
3.3438
3.3448
3.3462
3.3476
3.3485
3.3487
3.3483
3.3475
3.3466
3.3454
3.344
3.3424
3.3406
3.3385
3.3361
3.3333
3.33
3.3258
3.3203
3.3114
3.2927
3.2769
3.2708
3.2706
3.2711
3.2702
3.2684
3.2665
3.265
3.2639
3.263
3.2622
3.2613
3.2605
3.2598
3.2591
3.2585
3.2579
3.2573
3.2568
3.2563
3.2558
3.2555
3.2552
3.2552
3.2555
3.2558
3.2559
3.2556
3.2551
3.2541
3.2527
3.2508
3.2486
3.2459
3.2427
3.2387
3.2281
3.2105
