2.9947
1.4525
1.9243
2.5384
3.2146
3.875
4.3745
4.5005
4.2049
3.8674
3.7881
3.8965
4.0338
4.0901
4.0412
3.9478
3.8323
3.6152
3.4336
3.377
3.3905
3.4039
3.389
3.3525
3.3094
3.2665
3.2095
3.1087
2.9989
2.916
2.8741
2.8889
2.938
2.9969
3.0449
3.0719
3.0811
3.0822
3.0832
3.087
3.0925
3.0977
3.1013
3.1037
3.1053
3.1067
3.1077
3.1084
3.1076
3.1051
3.1043
3.1058
3.1085
3.1109
3.1123
3.1132
3.1143
3.1156
3.1168
3.1176
3.118
3.1183
3.1185
3.1188
3.1191
3.1194
3.1197
3.12
3.1203
3.1205
3.1207
3.1209
3.121
3.1212
3.1213
3.1214
3.1216
3.1217
3.1218
3.122
3.1221
3.1223
3.1224
3.1226
3.1225
3.1224
3.1236
3.1264
3.1291
3.1308
3.1313
3.1311
3.1309
3.1308
3.1307
3.1307
3.1306
3.1305
3.1304
3.1303
3.1302
