4.5961
1.5566
1.9691
2.5661
3.2394
3.9087
4.4322
4.5954
4.3238
3.9842
3.9022
4.0192
4.1766
4.2629
4.2484
4.1876
4.1554
4.1779
4.2341
4.2925
4.3383
4.3785
4.4288
4.5144
4.7041
5.1982
6.3017
7.2516
7.3466
6.9736
6.6313
6.5115
6.5362
6.5962
6.6287
6.6287
6.616
6.6073
6.6066
6.61
6.6133
6.6147
6.615
6.6151
6.6156
6.6163
6.6169
6.6175
6.6179
6.6182
6.6186
6.6189
6.6191
6.6194
6.6196
6.6197
6.6199
6.62
6.6201
6.6202
6.6203
6.6204
6.6205
6.6206
6.6206
6.6207
6.6207
6.6207
6.6207
6.6206
6.6206
6.6205
6.6204
6.6203
6.6202
6.6201
6.6199
6.6198
6.6196
6.6194
6.6192
6.619
6.6187
6.6183
6.6179
6.6172
6.6163
6.6148
6.6129
6.6126
6.6146
6.6175
6.6197
6.6204
6.6204
6.6201
6.6201
6.6203
6.6205
6.6207
6.6207
