14.048
1.4672
1.8753
2.4667
3.1349
3.7967
4.3084
4.4552
4.1677
3.8171
3.7259
3.8309
3.9716
4.0381
4.0044
3.9265
3.8747
3.8666
3.8737
3.8601
3.8079
3.6905
3.5334
3.4664
3.5171
3.6295
3.7425
3.8263
3.8914
3.9843
4.2015
4.2609
4.0704
3.7305
3.4894
3.4098
3.4156
3.4372
3.4469
3.445
3.4397
3.436
3.4344
3.4336
3.433
3.432
3.4304
3.4283
3.4262
3.4241
3.4222
3.4205
3.4189
3.4171
3.4148
3.4124
3.4101
3.4084
3.4073
3.4067
3.4059
3.4046
3.4026
3.4008
3.3996
3.3985
3.3969
3.3946
3.392
3.3894
3.3868
3.3841
3.3813
3.3782
3.3748
3.3712
3.3672
3.3629
3.358
3.3525
3.3462
3.3386
3.3295
3.318
3.3004
3.2745
3.2523
3.2377
3.2248
3.214
3.2092
3.2083
3.2084
3.2083
3.2078
3.2073
3.2068
3.2064
3.2061
3.2056
3.205
