1.666
8.4385
6.8865
5.3501
4.2566
3.5597
3.218
3.2449
3.549
3.7676
3.7133
3.5283
3.3638
3.2844
3.2822
3.2959
3.264
3.1709
3.0294
2.8323
2.5078
1.7614
0.74124
0
0
0.047737
0.17756
0.16899
0.0090072
0
0
0
0
0
0
0
0
0
0
0
0
0
0
0
0
0
0
0
0
0
0
0
0.004281
0.021136
0.054139
0.10743
0.1854
0.28992
0.41395
0.54651
0.67877
0.80517
0.92231
1.0281
1.1214
1.202
1.2703
1.3274
1.3745
1.4132
1.4448
1.4707
1.4918
1.5091
1.5232
1.5348
1.5443
1.5521
1.5585
1.5638
1.5682
1.5718
1.5748
1.5773
1.5795
1.5812
1.5828
1.5841
1.5852
1.5862
1.5871
1.588
1.5889
1.5898
1.5906
1.5912
1.5917
1.5921
1.5924
1.5927
1.593
