5.8008
1.3358
1.8354
2.4529
3.1258
3.7691
4.2291
4.2996
3.9828
3.6825
3.6473
3.7834
3.9378
4.0048
3.9565
3.8721
3.8582
3.9403
4.0979
4.3886
4.5222
4.2435
3.8026
3.5064
3.4455
3.5149
3.607
3.6685
3.6934
3.6903
3.6645
3.6396
3.6209
3.6062
3.5937
3.5837
3.577
3.5724
3.5686
3.5646
3.561
3.558
3.5554
3.5531
3.5511
3.5494
3.5477
3.5461
3.5446
3.5433
3.5422
3.5413
3.5406
3.5399
3.5394
3.5391
3.539
3.5388
3.5385
3.5382
3.5377
3.5372
3.5366
3.5363
3.5364
3.5364
3.5356
3.5341
3.5324
3.5309
3.5298
3.529
3.5282
3.5275
3.5268
3.5262
3.5256
3.5251
3.5246
3.5241
3.5237
3.5233
3.5229
3.5226
3.5223
3.522
3.5217
3.5214
3.5211
3.5207
3.5204
3.5201
3.5198
3.5195
3.5193
3.5192
3.519
3.5189
3.5188
3.5188
3.5188
