10.004
1.4334
1.9904
2.6396
3.3358
4.005
4.4933
4.5602
4.1627
3.772
3.6984
3.8252
3.9771
4.0376
3.9714
3.8621
3.8296
3.8946
4.0076
4.1404
4.1738
3.8952
3.5398
3.3186
3.2296
3.2124
3.222
3.2422
3.2628
3.2769
3.2819
3.284
3.2855
3.2849
3.2805
3.2773
3.2797
3.2864
3.2937
3.299
3.3022
3.304
3.3052
3.3062
3.3072
3.3081
3.3088
3.3093
3.3097
3.31
3.3103
3.3106
3.3107
3.3107
3.3108
3.3112
3.3117
3.3122
3.3124
3.3125
3.3124
3.3121
3.3118
3.3114
3.3111
3.3106
3.3101
3.3094
3.3088
3.3085
3.3085
3.3085
3.3086
3.3087
3.3088
3.3089
3.309
3.3091
3.3092
3.3093
3.3094
3.3095
3.3096
3.3096
3.3097
3.3098
3.3099
3.3099
3.31
3.31
3.3101
3.3102
3.3102
3.3103
3.3104
3.3105
3.3105
3.3106
3.3106
3.3106
3.3106
