9.6046
1.3288
1.8624
2.5043
3.1942
3.8578
4.349
4.45
4.1156
3.7445
3.6409
3.7274
3.8478
3.849
3.6459
3.3784
3.2357
3.227
3.2702
3.2985
3.2809
3.1784
3.0528
3.0015
3.0267
3.0841
3.1316
3.1503
3.1439
3.1247
3.1131
3.1119
3.113
3.1109
3.1051
3.0984
3.0925
3.0877
3.0829
3.0777
3.074
3.0719
3.0694
3.0677
3.0673
3.0675
3.0677
3.0677
3.0676
3.0673
3.067
3.0667
3.0664
3.0661
3.066
3.0668
3.0683
3.0704
3.0734
3.0775
3.082
3.0865
3.0906
3.0944
3.0977
3.1002
3.102
3.1031
3.104
3.1048
3.1057
3.1065
3.1071
3.1077
3.1081
3.1085
3.1089
3.1092
3.1095
3.1098
3.1101
3.1104
3.1106
3.111
3.1113
3.1117
3.1122
3.1129
3.1136
3.1142
3.1147
3.1151
3.1154
3.1156
3.1157
3.1158
3.116
3.1162
3.1164
3.1166
3.1169
