5.2542
10.851
7.9779
5.9382
4.6498
3.8943
3.5858
3.7282
4.1726
4.4601
4.4083
4.2244
4.0951
4.0827
4.1473
4.1924
4.1644
4.0923
4.0362
4.0415
4.1369
4.3491
4.5817
4.6996
4.7062
4.6921
4.7542
4.979
5.2754
5.471
5.5031
5.4337
5.3364
5.2428
5.1628
5.1074
5.0829
5.0836
5.097
5.1124
5.1255
5.1376
5.1503
5.1622
5.1729
5.183
5.1926
5.2018
5.2106
5.2189
5.2265
5.2329
5.24
5.2509
5.2687
5.2967
5.3375
5.3751
5.3987
5.4099
5.414
5.412
5.4062
5.4001
5.3958
5.3939
5.3938
5.3949
5.3965
5.3984
5.4006
5.4033
5.4063
5.4097
5.4135
5.4176
5.4221
5.4271
5.4328
5.4393
5.4471
5.4566
5.4686
5.485
5.508
5.5328
5.5523
5.5669
5.5791
5.5874
5.5913
5.5929
5.594
5.595
5.5961
5.5969
5.5974
5.5979
5.5982
5.5985
5.5988
