5.6928
1.4755
1.9627
2.5873
3.2716
3.9363
4.4342
4.5511
4.2494
3.9256
3.8695
4.0016
4.1791
4.3148
4.3835
4.4231
4.5379
4.7788
4.8774
4.7484
4.4443
4.2536
4.1731
4.1289
4.0723
4.0278
4.0316
4.0673
4.1038
4.1211
4.1153
4.0956
4.0733
4.0549
4.0417
4.0328
4.0267
4.022
4.0174
4.0123
4.0023
3.9895
3.9806
3.9761
3.9741
3.9731
3.9722
3.9714
3.9707
3.9703
3.97
3.9699
3.9698
3.9698
3.9699
3.9701
3.9703
3.9707
3.9711
3.9716
3.9721
3.9725
3.9728
3.9729
3.973
3.9731
3.9731
3.9731
3.9731
3.9731
3.9731
3.9731
3.9731
3.9731
3.9732
3.9732
3.9733
3.9733
3.9734
3.9735
3.9736
3.9737
3.9739
3.974
3.9742
3.9744
3.9747
3.9751
3.9755
3.9763
3.9775
3.9788
3.9794
3.9795
3.9794
3.9793
3.9793
3.9794
3.9795
3.9796
3.9796
