6.4607
9.2997
7.3154
5.601
4.4376
3.7299
3.428
3.5489
3.96
4.2284
4.1822
4.0141
3.9004
3.9059
4.0022
4.1083
4.1759
4.2052
4.1839
4.1267
4.0773
4.0662
4.0972
4.1599
4.2462
4.3615
4.5513
4.8774
5.3734
5.9914
6.4126
6.4574
6.3014
6.1144
5.9797
5.9116
5.8888
5.8841
5.8811
5.8762
5.8722
5.8713
5.8738
5.8781
5.8827
5.8871
5.8913
5.8957
5.9005
5.9048
5.9072
5.9083
5.9099
5.9138
5.9196
5.9225
5.9214
5.9186
5.9162
5.9148
5.9143
5.9141
5.9138
5.9131
5.9122
5.9111
5.9099
5.9086
5.9073
5.9061
5.9049
5.9038
5.9027
5.9017
5.9006
5.8996
5.8985
5.8975
5.8964
5.8952
5.894
5.8927
5.8912
5.8896
5.8878
5.8845
5.8776
5.8694
5.863
5.8595
5.858
5.8573
5.8565
5.8556
5.8548
5.8541
5.8536
5.8532
5.8528
5.8526
5.8523
