14.389
11.767
8.0347
5.8867
4.5955
3.8507
3.5493
3.6893
4.1269
4.4322
4.4278
4.3137
4.3167
4.6262
5.1907
5.6743
5.8195
5.73
5.6031
5.5376
5.5388
5.5714
5.6068
5.6167
5.5558
5.436
5.3158
5.2343
5.2007
5.1973
5.1861
5.1664
5.1525
5.1525
5.1627
5.174
5.1799
5.1803
5.1785
5.1775
5.1782
5.1803
5.1829
5.1853
5.1875
5.1897
5.1921
5.195
5.1984
5.2023
5.2068
5.212
5.2175
5.2224
5.2226
5.2168
5.2057
5.1902
5.1706
5.1481
5.1251
5.103
5.0826
5.0647
5.0495
5.0369
5.0265
5.0177
5.0104
5.0043
4.9993
4.9952
4.9919
4.9893
4.9871
4.9852
4.9838
4.9825
4.9815
4.9807
4.98
4.9795
4.979
4.9787
4.9784
4.9782
4.9781
4.978
4.978
4.9781
4.9783
4.9784
4.9785
4.9785
4.9784
4.9782
4.9779
4.9777
4.9775
4.9774
4.9772
