4.6588
1.4517
1.9414
2.5619
3.2421
3.8987
4.3789
4.4656
4.1394
3.8191
3.78
3.9251
4.0941
4.1804
4.1603
4.0972
4.0726
4.1077
4.1669
4.2039
4.1959
4.1543
4.1177
4.0845
3.9575
3.7299
3.5515
3.462
3.4316
3.4379
3.4776
3.5327
3.5776
3.5954
3.5722
3.5351
3.5103
3.5023
3.5039
3.5068
3.5073
3.5057
3.5036
3.5022
3.5015
3.5014
3.5013
3.5013
3.5012
3.5012
3.5012
3.5013
3.5014
3.5016
3.5018
3.5021
3.5025
3.5027
3.5028
3.5028
3.5028
3.5028
3.5029
3.503
3.5032
3.5034
3.5037
3.5039
3.5041
3.5043
3.5045
3.5046
3.5047
3.5047
3.5048
3.5049
3.5049
3.505
3.505
3.505
3.505
3.505
3.505
3.505
3.505
3.505
3.505
3.5049
3.5049
3.5048
3.5048
3.5046
3.5044
3.5042
3.5042
3.5042
3.5043
3.5044
3.5045
3.5045
3.5045
