4.3071
11.097
8.1452
6.0653
4.7587
4.008
3.7222
3.8798
4.2858
4.5288
4.5205
4.4263
4.337
4.2866
4.2853
4.3282
4.412
4.5786
4.8547
5.1071
5.1876
5.129
5.0431
5.0029
5.0365
5.1812
5.4722
5.772
5.9067
5.9132
5.8809
5.8562
5.8459
5.8427
5.8411
5.8396
5.8387
5.8387
5.8392
5.8401
5.8415
5.8429
5.8435
5.8435
5.8434
5.8437
5.8441
5.8446
5.845
5.8453
5.8455
5.8456
5.8457
5.8458
5.8459
5.846
5.8461
5.8461
5.8462
5.8463
5.8463
5.8463
5.8463
5.8463
5.8463
5.8463
5.8463
5.8462
5.8462
5.8462
5.8462
5.8462
5.8462
5.8462
5.8463
5.8463
5.8463
5.8463
5.8464
5.8464
5.8465
5.8465
5.8466
5.8467
5.8468
5.8469
5.8469
5.847
5.8471
5.8471
5.8474
5.8481
5.8491
5.8501
5.8508
5.8512
5.8513
5.8514
5.8515
5.8517
5.8518
