8.619
1.5109
1.9612
2.5747
3.2588
3.9388
4.4782
4.6607
4.3876
4.0185
3.9139
4.0232
4.178
4.2576
4.2256
4.1381
4.0769
4.0703
4.0964
4.1233
4.129
4.1084
4.0745
4.0495
4.0423
4.0404
4.0219
3.9621
3.8617
3.797
3.7529
3.5446
3.3766
3.3523
3.3971
3.4658
3.5184
3.5387
3.5352
3.5243
3.5161
3.5117
3.5085
3.5062
3.5044
3.5025
3.5001
3.4977
3.4969
3.4876
3.4552
3.4315
3.4224
3.4208
3.4205
3.4192
3.4172
3.4154
3.4153
3.4173
3.4203
3.4234
3.4262
3.4286
3.4303
3.4314
3.432
3.4323
3.4325
3.4326
3.4326
3.4324
3.4321
3.4317
3.4311
3.4304
3.4296
3.4287
3.4276
3.4263
3.4248
3.4229
3.4206
3.4175
3.4128
3.4062
3.4012
3.3987
3.3976
3.3969
3.3969
3.3973
3.3976
3.3977
3.3975
3.3973
3.3971
3.397
3.3969
3.3968
3.3967
