8.6234
11.535
8.21
6.0612
4.7487
4.012
3.7594
3.9812
4.4564
4.6964
4.594
4.3902
4.2665
4.2756
4.3715
4.4618
4.4916
4.477
4.4634
4.481
4.5331
4.611
4.7182
4.8907
5.1088
5.2553
5.3679
5.6311
6.0264
6.25
6.2196
6.0828
5.9691
5.9203
5.9193
5.9326
5.9399
5.9382
5.9334
5.9302
5.9297
5.9308
5.932
5.9328
5.9333
5.934
5.9347
5.9355
5.9362
5.9369
5.9375
5.9381
5.9387
5.9393
5.9399
5.9405
5.941
5.9416
5.9421
5.9426
5.9432
5.9437
5.9443
5.9449
5.9455
5.9462
5.9469
5.9476
5.9483
5.9491
5.9499
5.9508
5.9517
5.9527
5.9538
5.955
5.9564
5.9579
5.9596
5.9616
5.964
5.9668
5.9703
5.9747
5.9805
5.9886
6.0008
6.0167
6.0275
6.0281
6.0227
6.0176
6.0155
6.0155
6.0161
6.0165
6.0166
6.0166
6.0166
6.0167
6.0169
