8.3548
11.776
8.2006
6.0372
4.7021
3.9135
3.5629
3.6345
3.9916
4.2317
4.1754
3.9964
3.8677
3.8555
3.9338
4.0189
4.0485
4.028
3.9975
3.9893
4.0136
4.0601
4.1057
4.1324
4.1503
4.1899
4.2774
4.4213
4.6133
4.8819
5.3814
6.032
6.4421
6.5319
6.4283
6.2741
6.1632
6.1151
6.1059
6.1082
6.1093
6.1087
6.1078
6.1073
6.1083
6.1116
6.1172
6.1248
6.1351
6.1504
6.1645
6.1677
6.1642
6.1612
6.1611
6.1628
6.1643
6.1643
6.1628
6.1611
6.1605
6.1614
6.1635
6.1665
6.17
6.1736
6.1772
6.1805
6.1837
6.1867
6.1898
6.193
6.1964
6.2001
6.204
6.2083
6.2131
6.2185
6.2247
6.2321
6.241
6.2523
6.2672
6.2882
6.3186
6.3473
6.3656
6.3765
6.3852
6.3901
6.3911
6.3909
6.3911
6.392
6.3932
6.3942
6.3951
6.3957
6.3962
6.3967
6.3971
