1.1531
10.605
7.7494
5.7522
4.4803
3.6998
3.3076
3.2978
3.6001
3.8603
3.8332
3.6443
3.4573
3.3402
3.2798
3.2065
3.0523
2.7847
2.3519
1.4904
0
0
0
0
0
0
0
0
0
0
0
0
0
0.049839
0.19697
0.37229
0.5419
0.70966
0.8877
1.0751
1.2583
1.4264
1.5727
1.6903
1.7795
1.8454
1.8943
1.931
1.9586
1.9793
1.9944
2.0054
2.0132
2.0186
2.0224
2.0245
2.025
2.0232
2.0183
2.0111
2.0028
1.9947
1.9869
1.9783
1.9687
1.96
1.954
1.9511
1.9505
1.951
1.9521
1.9536
1.9557
1.9583
1.9615
1.9653
1.9696
1.9745
1.9801
1.9865
1.9941
2.0031
2.0143
2.0287
2.0483
2.0737
2.1009
2.1266
2.1507
2.172
2.1881
2.1991
2.2067
2.2122
2.2162
2.2189
2.2204
2.2207
2.22
2.2182
2.2145
