9.5198
1.3067
1.8573
2.499
3.1811
3.8223
4.2647
4.2974
3.9404
3.6167
3.5651
3.685
3.8223
3.8756
3.8238
3.7189
3.5605
3.3056
3.1428
3.1492
3.2373
3.3196
3.3598
3.3657
3.3611
3.3609
3.3664
3.3734
3.3826
3.3963
3.4105
3.4185
3.4195
3.4154
3.4061
3.3917
3.3764
3.3656
3.3618
3.3641
3.3693
3.3744
3.378
3.3803
3.3818
3.3831
3.3843
3.3852
3.3858
3.3863
3.3878
3.3904
3.3929
3.3939
3.3935
3.3923
3.3911
3.3904
3.39
3.3898
3.3896
3.3894
3.3892
3.389
3.3889
3.3887
3.3885
3.3883
3.3882
3.388
3.3879
3.3877
3.3876
3.3875
3.3874
3.3874
3.3873
3.3872
3.3871
3.387
3.387
3.3869
3.3868
3.3867
3.3867
3.3866
3.3866
3.3866
3.3864
3.3859
3.3854
3.3849
3.3847
3.3847
3.3847
3.3847
3.3847
3.3847
3.3847
3.3847
3.3847
