8.8613
11.441
7.835
5.7777
4.5354
3.8264
3.5667
3.7627
4.2245
4.4664
4.3669
4.1624
4.0315
4.0288
4.1125
4.1873
4.1962
4.161
4.1368
4.1632
4.2505
4.392
4.6047
4.9091
5.1813
5.3044
5.3834
5.5914
5.8762
6.0555
6.0537
5.9199
5.7587
5.6453
5.5981
5.5977
5.6138
5.6252
5.6255
5.6186
5.6106
5.6054
5.6036
5.604
5.6052
5.6065
5.6076
5.6086
5.6095
5.6104
5.6109
5.6108
5.611
5.6131
5.6178
5.6244
5.6331
5.6404
5.6413
5.6375
5.6332
5.6295
5.6264
5.6247
5.6247
5.6259
5.6275
5.6292
5.6307
5.6319
5.633
5.6339
5.6348
5.6354
5.636
5.6365
5.6369
5.6373
5.6376
5.6378
5.6381
5.6383
5.6384
5.6386
5.6388
5.6389
5.639
5.6392
5.6395
5.6399
5.6402
5.6405
5.6406
5.6406
5.6406
5.6406
5.6407
5.6407
5.6408
5.6409
5.6409
