2.2389
9.0389
6.9837
5.3345
4.2243
3.5348
3.2138
3.2931
3.7062
4.0465
4.0671
3.9341
3.8533
3.9851
4.3589
4.853
5.0916
5.0444
4.9
4.794
4.7568
4.7547
4.7376
4.6828
4.5906
4.4774
4.3744
4.3079
4.2861
4.2853
4.2822
4.2746
4.2705
4.2762
4.2903
4.3037
4.3101
4.3094
4.3054
4.3011
4.2975
4.2941
4.29
4.2845
4.2777
4.2694
4.2598
4.2488
4.236
4.2209
4.203
4.1811
4.1558
4.149
4.1466
4.1418
4.1343
4.1248
4.1136
4.1013
4.0888
4.0768
4.0657
4.0559
4.0475
4.0404
4.0345
4.0293
4.0248
4.021
4.0177
4.015
4.0127
4.0109
4.0093
4.0079
4.0067
4.0057
4.0048
4.0041
4.0035
4.0029
4.0025
4.0021
4.0017
4.0015
4.0012
4.001
4.0009
4.0008
4.0006
4.0005
4.0004
4.0002
3.9999
3.9995
3.9991
3.9988
3.9986
3.9983
3.9981
