10.509
11.275
7.8833
5.8636
4.6229
3.9146
3.6621
3.8604
4.3171
4.6232
4.7217
4.7378
4.6862
4.5932
4.511
4.4891
4.5759
4.8773
5.363
5.9248
6.2588
6.3265
6.2905
6.2363
6.1745
6.0932
5.9908
5.866
5.7316
5.6234
5.5667
5.5606
5.5878
5.6298
5.678
5.7348
5.8121
5.8827
5.9095
5.9047
5.8927
5.8868
5.888
5.8925
5.8968
5.8998
5.9019
5.9035
5.905
5.9063
5.9075
5.9084
5.9092
5.9097
5.9102
5.9105
5.9108
5.9111
5.9113
5.9115
5.9117
5.9118
5.912
5.9121
5.9122
5.9123
5.9124
5.9124
5.9125
5.9125
5.9125
5.9125
5.9125
5.9126
5.9126
5.9125
5.9125
5.9125
5.9125
5.9125
5.9125
5.9125
5.9125
5.9125
5.9124
5.9124
5.9124
5.9124
5.9124
5.9124
5.9124
5.9123
5.9123
5.9123
5.9123
5.9123
5.9124
5.9124
5.9124
5.9125
5.9125
