14.093
10.967
7.4011
5.4596
4.2835
3.5887
3.2976
3.4519
3.9668
4.3611
4.395
4.2916
4.2963
4.5947
5.2169
5.8047
6.0083
5.9365
5.8199
5.7809
5.8355
5.9162
5.9235
5.8593
5.7783
5.7102
5.6664
5.6476
5.6488
5.6547
5.6528
5.6457
5.6421
5.646
5.6533
5.6543
5.6457
5.6325
5.6206
5.6127
5.6086
5.6067
5.6059
5.6054
5.6053
5.6058
5.6072
5.6095
5.6127
5.6166
5.6214
5.6273
5.6342
5.6411
5.6441
5.6427
5.6383
5.6322
5.6247
5.6165
5.6082
5.6004
5.5933
5.5871
5.582
5.5779
5.5745
5.5715
5.5689
5.5666
5.5646
5.5629
5.5617
5.5607
5.5598
5.5592
5.5586
5.5581
5.5577
5.5574
5.5572
5.557
5.5568
5.5566
5.5565
5.5564
5.5564
5.5563
5.5563
5.5563
5.5563
5.5562
5.5561
5.556
5.5558
5.5556
5.5554
5.5553
5.5552
5.5552
5.5552
