3.7856
1.5974
2.0847
2.7287
3.4315
4.1187
4.6432
4.7618
4.3855
3.9639
3.861
3.9781
4.1327
4.2074
4.1717
4.0809
4.0118
3.9927
4.004
4.0147
4.006
3.9769
3.9351
3.8445
3.6731
3.5208
3.466
3.512
3.5766
3.4587
3.2328
3.1077
3.0981
3.1449
3.2013
3.2442
3.2702
3.2859
3.2986
3.311
3.3228
3.3328
3.3404
3.3463
3.3512
3.3557
3.3603
3.3648
3.3694
3.3742
3.3792
3.3849
3.3917
3.3983
3.3951
3.3905
3.3887
3.3891
3.3901
3.3909
3.3912
3.3909
3.3904
3.3898
3.3893
3.389
3.3887
3.3885
3.3884
3.3884
3.3884
3.3884
3.3884
3.3885
3.3885
3.3886
3.3887
3.3889
3.389
3.3892
3.3893
3.3895
3.3898
3.3901
3.3904
3.3908
3.3917
3.3929
3.3941
3.3945
3.3944
3.3942
3.3941
3.3941
3.3943
3.3944
3.3945
3.3946
3.3946
3.3946
3.3947
