13.716
1.4954
1.9811
2.6213
3.3118
3.97
4.439
4.4939
4.1292
3.7922
3.7495
3.8914
4.064
4.1761
4.2041
4.1845
4.1742
4.2014
4.2592
4.3283
4.4066
4.5397
4.8934
5.187
5.0724
4.6379
4.2284
4.0243
3.9573
3.9105
3.8579
3.8355
3.8474
3.8723
3.8916
3.8979
3.8941
3.8867
3.8806
3.8769
3.8745
3.8721
3.8694
3.8666
3.8641
3.862
3.8602
3.8587
3.8575
3.8565
3.8555
3.8544
3.853
3.8514
3.8494
3.8479
3.8477
3.8485
3.8494
3.8501
3.8504
3.8503
3.85
3.8497
3.8493
3.8489
3.8485
3.8481
3.8477
3.8473
3.8469
3.8465
3.8462
3.8459
3.8457
3.8455
3.8453
3.8452
3.8452
3.8452
3.8452
3.8453
3.8455
3.8457
3.846
3.8465
3.8474
3.8486
3.8498
3.8503
3.8505
3.8505
3.8506
3.8507
3.851
3.8511
3.8513
3.8513
3.8514
3.8514
3.8514
