6.304
1.474
1.9744
2.6107
3.3076
3.998
4.5481
4.7351
4.4436
4.0436
3.9203
4.0209
4.1697
4.2429
4.2045
4.1122
4.0487
4.0394
4.0557
4.0589
4.0278
3.9666
3.8982
3.8518
3.8362
3.8365
3.8363
3.7397
3.5056
3.2899
3.1748
3.1213
3.1243
3.1742
3.2335
3.2776
3.2967
3.2936
3.2805
3.2683
3.261
3.2572
3.2541
3.2505
3.2461
3.241
3.2352
3.2286
3.2213
3.2096
3.1881
3.172
3.1642
3.1603
3.1559
3.1491
3.1384
3.1242
3.113
3.1069
3.1042
3.1034
3.1045
3.1062
3.1076
3.1082
3.1081
3.1076
3.1071
3.1065
3.1059
3.1052
3.1045
3.1038
3.103
3.1022
3.1013
3.1004
3.0994
3.0983
3.0971
3.0957
3.0939
3.0916
3.0884
3.0839
3.0805
3.0788
3.0779
3.0771
3.0769
3.0769
3.0769
3.0768
3.0765
3.0762
3.076
3.0758
3.0756
3.0755
3.0754
