8.3603
12.14
8.4709
6.1989
4.8144
4.0118
3.6684
3.7489
4.0769
4.2508
4.1366
3.9125
3.7354
3.662
3.6664
3.6671
3.601
3.4725
3.3129
3.1066
3.076
3.4019
3.8981
4.2302
4.2749
4.1634
4.0318
3.9202
3.779
3.7222
3.736
3.7595
3.7858
3.815
3.8456
3.8744
3.8993
3.92
3.9373
3.9514
3.962
3.9698
3.976
3.9814
3.9861
3.9903
3.9943
3.9979
4.0009
4.0034
4.0054
4.007
4.0083
4.0093
4.0101
4.0106
4.011
4.0114
4.0117
4.0118
4.0116
4.0109
4.0091
4.0046
3.9987
3.9946
3.9938
3.9957
3.9984
4.0009
4.0028
4.0044
4.0059
4.0074
4.009
4.0104
4.0117
4.013
4.0141
4.0152
4.0162
4.0171
4.0179
4.0188
4.0195
4.0202
4.0209
4.0216
4.0223
4.023
4.0237
4.0243
4.0247
4.025
4.0251
4.0251
4.0249
4.0245
4.0239
4.023
4.0211
