11.274
11.465
7.9771
5.8821
4.6237
3.9222
3.6955
3.9477
4.4738
4.824
4.9478
5.0107
5.0695
5.1281
5.1842
5.2328
5.2754
5.3367
5.4342
5.5164
5.5398
5.5233
5.5525
5.7266
5.9972
6.173
6.1856
6.1084
6.0222
5.9712
5.9564
5.96
5.9669
5.9713
5.973
5.9727
5.9706
5.9674
5.9635
5.96
5.9575
5.9556
5.9536
5.9517
5.95
5.9487
5.948
5.9475
5.9473
5.9473
5.9474
5.9475
5.9476
5.9477
5.9478
5.9478
5.9479
5.9481
5.9485
5.9491
5.9497
5.9504
5.9511
5.9517
5.9523
5.9528
5.9533
5.9538
5.9541
5.9545
5.9548
5.955
5.9552
5.9553
5.9554
5.9555
5.9556
5.9556
5.9557
5.9557
5.9558
5.9558
5.9558
5.9558
5.9559
5.9559
5.9559
5.956
5.956
5.9561
5.9562
5.9562
5.9563
5.9563
5.9563
5.9562
5.9561
5.9561
5.9561
5.9561
5.9561
