2.5607
1.4323
1.8766
2.488
3.1701
3.8505
4.396
4.5916
4.3264
3.9455
3.8208
3.9127
4.0545
4.1291
4.1044
4.034
3.9911
3.9991
4.0342
4.064
4.0742
4.0649
4.0711
4.1893
4.5057
5.2506
5.9254
5.6083
4.7429
4.2689
4.1635
4.1968
4.2777
4.3746
4.4704
4.5544
4.6222
4.6755
4.7191
4.7581
4.7958
4.8329
4.8683
4.9012
4.9319
4.9609
4.9887
5.0162
5.0437
5.072
5.1017
5.1332
5.1673
5.205
5.2479
5.298
5.3587
5.4358
5.5399
5.6933
5.9539
6.1675
6.1649
6.1324
6.1187
6.1247
6.1374
6.1483
6.1558
6.1613
6.1663
6.1714
6.1766
6.1816
6.1864
6.1911
6.1957
6.2003
6.2049
6.2096
6.2144
6.2192
6.2243
6.2296
6.2353
6.2414
6.2481
6.2556
6.2641
6.2734
6.2839
6.296
6.3102
6.3274
6.3491
6.3775
6.4174
6.4784
6.5845
6.6254
6.6006
