6.8408
1.3608
1.8642
2.4888
3.1655
3.8098
4.2669
4.3307
4.009
3.7074
3.6698
3.7995
3.9424
3.9931
3.9265
3.8235
3.7842
3.8263
3.9064
3.9792
4.0361
4.1225
4.0846
3.7609
3.4884
3.4227
3.4846
3.5744
3.6334
3.6513
3.6502
3.6487
3.6488
3.6464
3.6408
3.6356
3.6343
3.6369
3.6406
3.6431
3.6437
3.6432
3.6426
3.6425
3.6428
3.6431
3.6433
3.6433
3.6432
3.6431
3.6429
3.6428
3.6425
3.6421
3.6418
3.6419
3.6423
3.6428
3.6431
3.6432
3.643
3.6424
3.6415
3.6403
3.6389
3.6376
3.6363
3.6351
3.6341
3.6332
3.6323
3.6316
3.6309
3.6304
3.6299
3.6295
3.6291
3.6288
3.6286
3.6284
3.6282
3.6281
3.628
3.6279
3.6279
3.6279
3.6279
3.628
3.6281
3.6284
3.6289
3.6292
3.6291
3.6286
3.6279
3.6273
3.6269
3.6266
3.6264
3.6262
3.6259
