13.32
1.5834
2.0446
2.68
3.3781
4.0647
4.5996
4.7577
4.4448
4.0456
3.931
4.0527
4.2496
4.4208
4.578
4.9346
5.2046
4.8814
4.4923
4.3653
4.4135
4.492
4.5296
4.5258
4.5087
4.4985
4.498
4.5009
4.5049
4.5117
4.5173
4.5165
4.5213
4.5378
4.555
4.5608
4.5539
4.5417
4.5322
4.529
4.5309
4.5345
4.5375
4.5394
4.541
4.5425
4.5438
4.5448
4.5445
4.5423
4.5426
4.5468
4.5528
4.5579
4.5607
4.5616
4.5619
4.5623
4.563
4.5637
4.5644
4.5649
4.5654
4.5658
4.5662
4.5665
4.5668
4.567
4.5672
4.5674
4.5675
4.5676
4.5677
4.5678
4.5679
4.568
4.5681
4.5682
4.5682
4.5683
4.5684
4.5684
4.5684
4.5685
4.5685
4.5685
4.5685
4.5686
4.5685
4.5681
4.5677
4.5673
4.5673
4.5675
4.5678
4.568
4.5682
4.5683
4.5684
4.5684
4.5685
