8.7009
10.207
7.3249
5.4926
4.3413
3.6666
3.4135
3.6236
4.1543
4.4928
4.4681
4.3293
4.293
4.4767
4.8518
5.1853
5.3018
5.2764
5.2415
5.2637
5.34
5.4306
5.5064
5.6071
5.7287
5.8208
5.8539
5.8412
5.8126
5.7861
5.7675
5.7644
5.7832
5.8254
5.8748
5.9058
5.914
5.9095
5.9036
5.9018
5.9038
5.9073
5.9105
5.9128
5.9147
5.9166
5.9188
5.9215
5.9245
5.9279
5.9317
5.9362
5.9414
5.9468
5.9496
5.95
5.9495
5.949
5.9489
5.9492
5.9499
5.9511
5.9526
5.9543
5.9561
5.958
5.9597
5.9613
5.9627
5.964
5.9651
5.9662
5.9672
5.968
5.9687
5.9694
5.9699
5.9703
5.9707
5.9711
5.9714
5.9716
5.9719
5.972
5.9722
5.9724
5.9725
5.9726
5.9727
5.9728
5.9729
5.9729
5.973
5.9729
5.9728
5.9727
5.9725
5.9725
5.9725
5.9725
5.9725
