7.9272
1.3741
1.8992
2.5402
3.2284
3.8813
4.3433
4.3965
4.0438
3.7231
3.6917
3.8396
4.0061
4.0882
4.0664
4.009
4.0002
4.0591
4.1463
4.2131
4.2342
4.2182
4.2068
4.194
4.0779
3.8648
3.6956
3.6129
3.593
3.6094
3.6514
3.705
3.7533
3.7834
3.7698
3.7389
3.7178
3.7126
3.7165
3.7218
3.7243
3.7243
3.7234
3.7228
3.7228
3.7232
3.7236
3.724
3.7242
3.7244
3.7246
3.7248
3.7251
3.7252
3.7255
3.7259
3.7264
3.7269
3.7272
3.7273
3.7273
3.7273
3.7273
3.7273
3.7274
3.7276
3.7277
3.728
3.7282
3.7284
3.7286
3.7287
3.7289
3.729
3.7292
3.7293
3.7294
3.7296
3.7297
3.7298
3.7299
3.7299
3.73
3.7301
3.7301
3.7302
3.7302
3.7302
3.7302
3.7302
3.7302
3.73
3.7299
3.7297
3.7296
3.7296
3.7297
3.7297
3.7298
3.7298
3.7298
