8.0073
1.4711
1.9149
2.5212
3.1942
3.8518
4.3476
4.4712
4.1796
3.8536
3.7858
3.9015
4.042
4.0994
4.0507
3.9551
3.875
3.8126
3.7887
3.8217
3.8807
3.9268
3.9435
3.9359
3.9143
3.8881
3.8341
3.6737
3.4479
3.2035
3.0141
2.9517
2.9651
3.0113
3.0565
3.0821
3.0878
3.0834
3.078
3.0754
3.0745
3.0736
3.0717
3.0691
3.0663
3.0639
3.0618
3.0597
3.0575
3.0552
3.0536
3.0528
3.0524
3.0515
3.0497
3.048
3.0476
3.0482
3.0489
3.0492
3.0492
3.0489
3.0487
3.0485
3.0484
3.0484
3.0485
3.0485
3.0484
3.0484
3.0483
3.0482
3.0481
3.0479
3.0477
3.0475
3.0472
3.0468
3.0464
3.0458
3.0451
3.0442
3.043
3.0412
3.0383
3.0339
3.0323
3.0344
3.0374
3.0395
3.0401
3.0401
3.0398
3.0397
3.0397
3.0397
3.0397
3.0397
3.0396
3.0396
3.0395
