8.7348
1.523
1.9629
2.5674
3.247
3.9322
4.4929
4.719
4.4912
4.1309
4.0169
4.1294
4.3107
4.4411
4.4739
4.4636
4.5113
4.676
4.9932
5.6515
6.905
7.2813
7.053
6.6524
6.4175
6.3856
6.4532
6.5379
6.6074
6.6345
6.6655
6.7059
6.7404
6.7628
6.7769
6.7905
6.8064
6.8215
6.8234
6.8109
6.7998
6.7947
6.7873
6.7805
6.777
6.7761
6.7763
6.7765
6.7763
6.776
6.7755
6.775
6.7745
6.7739
6.7731
6.7722
6.7712
6.7698
6.7686
6.768
6.7674
6.7661
6.7627
6.7588
6.7576
6.7587
6.7599
6.7598
6.7586
6.7571
6.756
6.7552
6.7545
6.7539
6.7532
6.7526
6.7519
6.7512
6.7506
6.7499
6.7492
6.7484
6.7475
6.7464
6.745
6.7431
6.7411
6.7399
6.7395
6.739
6.7386
6.7386
6.7384
6.7379
6.737
6.7358
6.7343
6.7324
6.73
6.7263
6.7205
