16.424
12.069
7.9569
5.8022
4.5449
3.8494
3.6275
3.8987
4.4588
4.7583
4.6658
4.4581
4.3365
4.3578
4.4764
4.5985
4.672
4.7346
4.847
5.0051
5.1386
5.2618
5.4678
5.6965
5.8252
5.7808
5.6353
5.4941
5.4141
5.3904
5.3947
5.408
5.4241
5.4407
5.4549
5.4649
5.4715
5.4769
5.4833
5.4914
5.5006
5.5078
5.5115
5.5131
5.5141
5.5154
5.5169
5.5183
5.5196
5.5207
5.5217
5.5227
5.5238
5.5248
5.5259
5.5269
5.528
5.5292
5.5304
5.5317
5.533
5.5345
5.536
5.5376
5.5391
5.5407
5.5423
5.5441
5.5459
5.5478
5.5499
5.552
5.5544
5.5568
5.5595
5.5625
5.5658
5.5694
5.5736
5.5784
5.584
5.5906
5.5988
5.6091
5.6226
5.6413
5.6695
5.7091
5.7439
5.7596
5.7616
5.7596
5.7584
5.7587
5.7593
5.7597
5.7596
5.7594
5.7593
5.7592
5.7592
