5.5098
1.6601
2.093
2.7224
3.4188
4.1087
4.6576
4.8647
4.6899
4.5823
4.5481
4.397
4.1957
4.0524
3.9873
3.9685
3.9668
3.9673
3.9596
3.952
3.9651
4.0103
4.0693
4.0959
4.0549
3.984
3.9387
3.9311
3.9528
3.9854
4.0096
4.0189
4.0181
4.0145
4.0121
4.0116
4.0124
4.0138
4.0158
4.0185
4.0211
4.0224
4.0223
4.0216
4.0208
4.0204
4.0202
4.0202
4.0202
4.0201
4.02
4.0198
4.0195
4.0192
4.019
4.0189
4.0187
4.0185
4.0183
4.018
4.0178
4.0175
4.0173
4.0171
4.017
4.017
4.017
4.017
4.017
4.0171
4.0172
4.0173
4.0174
4.0175
4.0176
4.0177
4.0178
4.018
4.0181
4.0182
4.0182
4.0183
4.0184
4.0184
4.0185
4.0185
4.0186
4.0186
4.0186
4.0185
4.0185
4.0184
4.0184
4.0185
4.0185
4.0186
4.0187
4.0187
4.0188
4.0188
4.0188
