7.2531
1.431
1.9092
2.5304
3.2097
3.8621
4.3358
4.4219
4.1119
3.8081
3.7696
3.9054
4.0639
4.1478
4.1317
4.0594
3.9938
3.9636
3.9665
3.8913
3.7037
3.4449
3.2795
3.2357
3.2507
3.2816
3.3084
3.309
3.299
3.3109
3.3395
3.3732
3.4089
3.4387
3.4558
3.4589
3.4521
3.4421
3.4334
3.4274
3.4232
3.4197
3.4165
3.4137
3.4117
3.4104
3.4063
3.4011
3.3981
3.3968
3.3962
3.3956
3.3949
3.3941
3.3934
3.393
3.3927
3.3925
3.392
3.3913
3.3905
3.3897
3.389
3.3884
3.3878
3.3871
3.3864
3.3857
3.385
3.3842
3.3835
3.3826
3.3818
3.3808
3.3798
3.3787
3.3775
3.3762
3.3746
3.3728
3.3706
3.3679
3.3645
3.3599
3.3521
3.3395
3.3314
3.3293
3.33
3.3306
3.3304
3.3299
3.3294
3.3292
3.3291
3.3291
3.3291
3.329
3.329
3.329
3.329
