7.07
10.328
7.4518
5.5756
4.4013
3.7216
3.476
3.6918
4.1899
4.4566
4.359
4.1449
3.9989
3.9777
4.0437
4.109
4.115
4.0703
4.0125
3.9722
3.9643
3.985
4.0174
4.0441
4.055
4.0554
4.0887
4.2465
4.5789
5.0075
5.307
5.3567
5.2607
5.1476
5.0848
5.0811
5.1133
5.1532
5.1832
5.2005
5.2105
5.2187
5.2278
5.2378
5.2478
5.2573
5.2666
5.2766
5.2884
5.3043
5.3207
5.3301
5.3342
5.3383
5.3441
5.3483
5.3492
5.3471
5.3423
5.3365
5.3316
5.3284
5.3267
5.3264
5.3273
5.329
5.3309
5.3326
5.334
5.3351
5.336
5.3368
5.3375
5.338
5.3384
5.3388
5.3391
5.3394
5.3396
5.3398
5.34
5.3402
5.3404
5.3406
5.3408
5.341
5.3412
5.3416
5.3424
5.3436
5.3447
5.3456
5.3461
5.3463
5.3464
5.3465
5.3466
5.3467
5.3468
5.3469
5.347
