11.255
1.5141
1.9719
2.5987
3.2831
3.937
4.4008
4.4473
4.0654
3.7042
3.6416
3.7662
3.9098
3.9676
3.9199
3.8254
3.7544
3.7241
3.6994
3.6637
3.6636
3.749
3.9716
4.1639
3.883
3.4826
3.2899
3.2877
3.3542
3.4134
3.4449
3.4537
3.4486
3.4367
3.424
3.4147
3.4097
3.408
3.4074
3.4068
3.4057
3.4046
3.4042
3.4042
3.4041
3.4036
3.4027
3.4017
3.4007
3.3998
3.3989
3.398
3.3972
3.3962
3.3953
3.3944
3.3934
3.3924
3.3914
3.3904
3.3894
3.3884
3.3873
3.3862
3.385
3.3838
3.3826
3.3812
3.3798
3.3784
3.3768
3.3751
3.3734
3.3714
3.3694
3.3671
3.3646
3.3619
3.3588
3.3554
3.3514
3.3468
3.3415
3.335
3.327
3.317
3.3037
3.2797
3.2445
3.2204
3.2128
3.2135
3.2153
3.2156
3.2149
3.2141
3.2136
3.2133
3.2131
3.213
3.2129
