11.464
11.207
7.8225
5.7934
4.5348
3.7883
3.4607
3.5507
3.939
4.2272
4.2186
4.0828
4.0186
4.2636
4.8764
5.5096
5.7888
5.7628
5.6588
5.6062
5.6197
5.6595
5.6856
5.6827
5.6406
5.5758
5.5427
5.587
5.6809
5.7445
5.7444
5.7019
5.6528
5.6195
5.6049
5.6004
5.5967
5.5902
5.5815
5.5729
5.566
5.5614
5.5587
5.5571
5.5563
5.5563
5.557
5.5587
5.5611
5.5644
5.5687
5.5737
5.5794
5.5856
5.5907
5.5943
5.5991
5.6036
5.6041
5.601
5.5971
5.5915
5.5845
5.5777
5.5725
5.569
5.5668
5.5654
5.5645
5.564
5.5638
5.5639
5.5642
5.5646
5.565
5.5654
5.5658
5.5662
5.5665
5.5669
5.5672
5.5675
5.5677
5.568
5.5682
5.5684
5.5686
5.5689
5.5693
5.5698
5.5703
5.5707
5.5711
5.5714
5.5715
5.5716
5.5716
5.5716
5.5717
5.5717
5.5718
