12.466
1.2369
1.7781
2.4182
3.0985
3.7349
4.1723
4.2118
3.8775
3.5565
3.4254
3.3704
3.3645
3.4014
3.4582
3.5102
3.5459
3.5657
3.571
3.5803
3.6274
3.735
3.8876
4.0692
4.3231
4.7359
4.8801
4.6928
4.4997
4.419
4.4137
4.428
4.4368
4.4381
4.4371
4.437
4.438
4.4396
4.4429
4.4489
4.4553
4.4598
4.462
4.4628
4.4632
4.4637
4.4643
4.465
4.4655
4.4659
4.4662
4.4665
4.4667
4.467
4.4671
4.4673
4.4674
4.4675
4.4676
4.4676
4.4677
4.4677
4.4678
4.4678
4.4678
4.4678
4.4678
4.4677
4.4677
4.4677
4.4676
4.4676
4.4676
4.4676
4.4675
4.4675
4.4675
4.4675
4.4675
4.4675
4.4674
4.4674
4.4674
4.4674
4.4674
4.4674
4.4674
4.4674
4.4674
4.4674
4.4674
4.4673
4.4672
4.4671
4.467
4.4671
4.4672
4.4673
4.4674
4.4674
4.4675
