13.628
1.4744
1.9459
2.5813
3.2681
3.9238
4.3951
4.4675
4.138
3.8308
3.8048
3.9627
4.1655
4.3367
4.4597
4.5708
4.746
5.1398
6.0361
6.935
7.2308
6.9985
6.6618
6.4731
6.4094
6.4113
6.4486
6.5056
6.5813
6.6984
6.7939
6.8395
6.8663
6.889
6.9083
6.9208
6.9261
6.9274
6.9287
6.9324
6.9383
6.9453
6.9527
6.961
6.9709
6.9831
6.9834
6.9772
6.9727
6.9709
6.9706
6.9706
6.9703
6.97
6.9696
6.9693
6.9692
6.9691
6.9688
6.9684
6.9678
6.9673
6.9669
6.9666
6.9663
6.966
6.9657
6.9653
6.9649
6.9645
6.9641
6.9637
6.9633
6.9629
6.9624
6.9618
6.9612
6.9605
6.9597
6.9588
6.9577
6.9564
6.9547
6.9524
6.9488
6.9432
6.9389
6.938
6.9391
6.9401
6.9403
6.9399
6.9394
6.9391
6.9391
6.9391
6.939
6.939
6.939
6.9389
6.9389
