10.146
1.6701
2.0534
2.6583
3.3408
4.0201
4.5532
4.7131
4.4051
4.0226
3.9253
4.0461
4.2144
4.312
4.3034
4.2461
4.2252
4.2689
4.3497
4.4268
4.4759
4.4994
4.5243
4.5898
4.7494
5.1471
6.1256
6.9408
6.905
6.567
6.2286
6.0388
6.022
6.0945
6.1861
6.25
6.2744
6.2704
6.2565
6.2465
6.2447
6.2485
6.2534
6.2567
6.2576
6.2567
6.2542
6.25
6.244
6.2346
6.2197
6.206
6.1991
6.1982
6.2004
6.2055
6.2036
6.1828
6.1577
6.1389
6.1235
6.1101
6.1026
6.1001
6.0998
6.0999
6.0995
6.099
6.0985
6.0983
6.0982
6.0982
6.0982
6.0983
6.0983
6.0984
6.0985
6.0986
6.0986
6.0987
6.0987
6.0987
6.0986
6.0985
6.0982
6.0977
6.0975
6.0979
6.0987
6.0995
6.1
6.1005
6.1008
6.1009
6.101
6.101
6.101
6.101
6.1011
6.1011
6.1012
