14.884
11.93
8.0764
5.9399
4.6388
3.8831
3.5708
3.6883
4.0688
4.286
4.2008
4.009
3.878
3.8662
3.9418
4.0202
4.0442
4.026
4.011
4.0305
4.0848
4.156
4.2315
4.2863
4.2803
4.222
4.1841
4.2863
4.5656
4.819
4.8984
4.8572
4.7938
4.7581
4.7518
4.754
4.7494
4.7372
4.7237
4.714
4.7088
4.7064
4.7049
4.7034
4.7018
4.7005
4.6997
4.6992
4.6989
4.6986
4.6984
4.6982
4.6981
4.6979
4.6978
4.6976
4.6975
4.6975
4.6975
4.6974
4.6973
4.6971
4.6969
4.6966
4.6963
4.696
4.6958
4.6956
4.6954
4.6953
4.6952
4.6951
4.695
4.695
4.695
4.6949
4.6949
4.6949
4.6949
4.6948
4.6948
4.6948
4.6947
4.6946
4.6945
4.6943
4.6941
4.6938
4.6933
4.6926
4.6921
4.6922
4.693
4.6939
4.6947
4.6951
4.6952
4.6952
4.6952
4.6953
4.6954
