6.5742
1.773
2.1058
2.6895
3.363
4.0397
4.5767
4.7556
4.491
4.1524
4.0808
4.2271
4.4461
4.6448
4.807
5.0216
5.6012
6.4464
7.1543
7.076
6.7333
6.5154
6.4591
6.4756
6.4907
6.4984
6.5264
6.5719
6.618
6.6545
6.6754
6.6819
6.6803
6.6774
6.6771
6.6803
6.6858
6.6925
6.6992
6.7061
6.7054
6.697
6.6903
6.6875
6.6872
6.6875
6.6875
6.687
6.6864
6.6859
6.6855
6.6852
6.6849
6.6847
6.6844
6.6842
6.684
6.6838
6.6836
6.6834
6.6832
6.683
6.6827
6.6824
6.6821
6.6818
6.6815
6.6812
6.6809
6.6806
6.6803
6.6799
6.6796
6.6792
6.6789
6.6784
6.678
6.6775
6.6769
6.6763
6.6756
6.6747
6.6737
6.6725
6.671
6.6689
6.6661
6.6618
6.6556
6.6504
6.6487
6.6495
6.6505
6.6505
6.6499
6.6491
6.6486
6.6484
6.6483
6.6482
6.6481
