5.404
1.5761
2.0741
2.7191
3.4199
4.1006
4.6092
4.6998
4.3021
3.8853
3.7917
3.9094
4.0564
4.1191
4.0724
3.9765
3.9069
3.8871
3.8944
3.8976
3.8795
3.8406
3.7886
3.6873
3.5141
3.3724
3.3276
3.3582
3.3894
3.2951
3.1239
3.0342
3.0372
3.0815
3.1272
3.1569
3.1707
3.1765
3.1809
3.1863
3.1921
3.1968
3.2001
3.2023
3.2041
3.206
3.208
3.2102
3.2126
3.2151
3.2179
3.221
3.2249
3.2288
3.2261
3.2226
3.2213
3.2217
3.2227
3.2238
3.2243
3.2243
3.224
3.2235
3.2229
3.2224
3.222
3.2216
3.2213
3.2211
3.2209
3.2208
3.2206
3.2205
3.2204
3.2204
3.2203
3.2203
3.2203
3.2203
3.2204
3.2204
3.2205
3.2206
3.2208
3.221
3.2214
3.2221
3.2225
3.2225
3.2222
3.2219
3.2217
3.2218
3.2219
3.2219
3.222
3.222
3.222
3.222
3.222
