11.743
10.341
7.2871
5.4729
4.3295
3.6579
3.4048
3.6057
4.1019
4.383
4.3
4.0952
3.9547
3.9374
4.0081
4.0793
4.0923
4.0562
4.0112
3.9892
4.0022
4.0425
4.0903
4.1264
4.1351
4.115
4.1101
4.2171
4.5117
4.9462
5.2763
5.3465
5.2594
5.1503
5.087
5.0787
5.1039
5.1361
5.1597
5.173
5.1808
5.1883
5.1975
5.2077
5.2177
5.2269
5.2353
5.2432
5.2512
5.2599
5.2684
5.2737
5.278
5.2851
5.2951
5.3021
5.3042
5.3028
5.2986
5.2937
5.2898
5.2877
5.2873
5.2882
5.2904
5.2933
5.2964
5.2993
5.3018
5.3041
5.3061
5.3079
5.3094
5.3108
5.312
5.313
5.3139
5.3147
5.3154
5.3161
5.3167
5.3172
5.3177
5.3182
5.3186
5.3191
5.3195
5.3201
5.3211
5.3225
5.3239
5.3249
5.3256
5.326
5.3263
5.3265
5.3267
5.327
5.3272
5.3274
5.3275
