4.6844
1.6389
2.0422
2.6381
3.3147
3.995
4.5442
4.7527
4.5171
4.1659
4.0609
4.1806
4.3747
4.5397
4.6771
4.9743
5.2763
4.9788
4.5766
4.4076
4.4089
4.4443
4.4478
4.4194
4.3829
4.3523
4.3196
4.2645
4.217
4.2134
4.2497
4.3071
4.3689
4.4244
4.4618
4.4744
4.4673
4.4528
4.4412
4.4367
4.4378
4.4413
4.4448
4.4477
4.4505
4.4537
4.4572
4.461
4.4611
4.4561
4.4536
4.4555
4.4599
4.4643
4.4673
4.469
4.4703
4.4717
4.473
4.4741
4.4749
4.4755
4.4761
4.4766
4.4772
4.4778
4.4782
4.4787
4.479
4.4794
4.4797
4.48
4.4802
4.4805
4.4808
4.481
4.4813
4.4816
4.4819
4.4823
4.4827
4.4832
4.4837
4.4844
4.4852
4.4862
4.4882
4.4915
4.4948
4.4969
4.4976
4.4975
4.4972
4.497
4.4969
4.4967
4.4965
4.4962
4.4959
4.4957
4.4955
