12.332
1.2876
1.8117
2.4463
3.1197
3.7433
4.1566
4.1688
3.8394
3.5629
3.4994
3.5274
3.5984
3.7107
3.8567
4.0328
4.3156
4.5961
4.7419
4.5211
4.2272
4.1081
4.0777
4.0586
4.0191
3.9586
3.9075
3.8993
3.9393
4.007
4.0768
4.1342
4.18
4.2253
4.2862
4.389
4.4649
4.4363
4.4081
4.4106
4.4332
4.4584
4.4772
4.489
4.4966
4.5025
4.5078
4.5124
4.5162
4.5192
4.5215
4.5232
4.5246
4.5258
4.5268
4.5276
4.5282
4.5288
4.5292
4.5295
4.5298
4.53
4.5302
4.5303
4.5304
4.5305
4.5305
4.5306
4.5306
4.5306
4.5306
4.5306
4.5306
4.5306
4.5306
4.5307
4.5307
4.5307
4.5307
4.5307
4.5307
4.5308
4.5308
4.5308
4.5308
4.5308
4.5309
4.5309
4.5309
4.5309
4.5309
4.531
4.531
4.5311
4.5311
4.5311
4.5311
4.5311
4.5311
4.5311
4.5311
