6.5025
1.3069
1.7918
2.4046
3.0804
3.7439
4.2582
4.4254
4.1879
3.8828
3.8079
3.9122
4.0448
4.1006
4.0587
3.9798
3.9347
3.9413
3.9735
3.999
4.0038
3.9953
3.9897
3.9996
4.0338
4.1179
4.3045
4.4294
4.0613
3.6467
3.4968
3.5369
3.6351
3.7116
3.7401
3.7382
3.7304
3.729
3.7335
3.7394
3.7435
3.7457
3.7468
3.7478
3.7489
3.7501
3.751
3.7517
3.7523
3.7527
3.7531
3.7535
3.7538
3.754
3.7542
3.7544
3.7545
3.7547
3.7548
3.7549
3.7549
3.755
3.7551
3.7551
3.7552
3.7552
3.7552
3.7552
3.7553
3.7553
3.7553
3.7554
3.7554
3.7554
3.7554
3.7555
3.7555
3.7555
3.7555
3.7556
3.7556
3.7556
3.7557
3.7557
3.7558
3.7558
3.7559
3.7561
3.7563
3.7568
3.7575
3.7577
3.7572
3.7561
3.755
3.7543
3.7539
3.7538
3.7537
3.7536
3.7534
