6.7246
11.768
8.3033
6.1062
4.7782
4.0358
3.7795
3.9921
4.4498
4.6708
4.5501
4.3266
4.1805
4.1657
4.2418
4.3249
4.3743
4.3881
4.3263
4.2021
4.0785
3.9974
3.9628
3.9568
3.9609
3.9682
3.9807
4.0014
4.0299
4.1043
4.8721
6.0395
6.3962
6.2303
5.9624
5.7536
5.6424
5.6035
5.5915
5.5743
5.5416
5.5477
5.5612
5.5638
5.5609
5.5577
5.5556
5.5543
5.5537
5.5542
5.5484
5.5279
5.5029
5.4853
5.4774
5.4753
5.4746
5.4735
5.472
5.4708
5.47
5.4695
5.4689
5.4681
5.4672
5.4661
5.4651
5.4643
5.4636
5.463
5.4627
5.4624
5.4622
5.462
5.4618
5.4617
5.4617
5.4616
5.4616
5.4615
5.4615
5.4614
5.4614
5.4613
5.4612
5.4609
5.4605
5.4605
5.4612
5.4625
5.4638
5.465
5.4658
5.4665
5.4668
5.467
5.4671
5.4671
5.4671
5.4671
5.4672
