10.718
11.478
8.0938
5.9785
4.6836
3.9486
3.6798
3.866
4.3124
4.5744
4.5498
4.432
4.3442
4.325
4.3703
4.4569
4.5802
4.8511
5.4082
6.0679
6.4657
6.5346
6.4563
6.3773
6.3365
6.3048
6.2672
6.226
6.1808
6.1446
6.1255
6.1181
6.1135
6.1069
6.0986
6.0909
6.0855
6.0832
6.0836
6.0862
6.0905
6.0925
6.0905
6.0867
6.0833
6.0812
6.0803
6.08
6.0799
6.0798
6.0798
6.0798
6.0798
6.0799
6.0799
6.0801
6.0802
6.0804
6.0807
6.081
6.0813
6.0817
6.0821
6.0824
6.0826
6.0828
6.0829
6.083
6.0831
6.0831
6.0832
6.0832
6.0832
6.0831
6.0831
6.0831
6.0831
6.0831
6.083
6.083
6.083
6.083
6.0829
6.0829
6.0828
6.0827
6.0825
6.0823
6.0819
6.0813
6.0808
6.0809
6.0818
6.0829
6.0837
6.0842
6.0843
6.0844
6.0845
6.0846
6.0847
