10.317
1.3909
1.9263
2.5691
3.2588
3.9154
4.3843
4.4476
4.102
3.78
3.7419
3.8818
4.0418
4.1223
4.1003
4.0262
3.9678
3.9491
3.9483
3.9435
3.9377
3.951
3.9995
3.9151
3.5819
3.2827
3.1669
3.1728
3.2235
3.2631
3.2784
3.2852
3.2922
3.2964
3.2943
3.287
3.2786
3.2726
3.2697
3.2689
3.2688
3.2683
3.2677
3.2671
3.2665
3.2658
3.265
3.2642
3.2633
3.2624
3.2614
3.2603
3.2591
3.2577
3.2562
3.2547
3.2534
3.2521
3.2517
3.2526
3.2545
3.2566
3.2587
3.2607
3.2626
3.2644
3.2661
3.2676
3.269
3.2702
3.2712
3.272
3.2727
3.2733
3.2738
3.2742
3.2745
3.2748
3.275
3.2752
3.2754
3.2755
3.2756
3.2757
3.2758
3.2758
3.2758
3.2758
3.2758
3.2757
3.2756
3.2755
3.2755
3.2754
3.2754
3.2755
3.2755
3.2755
3.2755
3.2755
3.2755
