10.302
12.453
8.1533
5.9269
4.6366
3.9228
3.6869
3.9273
4.424
4.6753
4.5787
4.3852
4.2803
4.322
4.4716
4.6394
4.7714
4.9103
5.119
5.3401
5.4356
5.4292
5.4568
5.7021
6.0974
6.3148
6.2956
6.1794
6.0786
6.0288
6.0204
6.0331
6.0517
6.0676
6.0773
6.0811
6.0813
6.0806
6.0806
6.0816
6.0829
6.0834
6.0823
6.081
6.0806
6.0813
6.0825
6.0839
6.085
6.086
6.087
6.0879
6.089
6.09
6.0911
6.0921
6.0932
6.0943
6.0955
6.0966
6.0978
6.099
6.1002
6.1015
6.1029
6.1043
6.1057
6.1073
6.109
6.1108
6.1127
6.1148
6.117
6.1194
6.1221
6.125
6.1283
6.1319
6.1361
6.1409
6.1465
6.1532
6.1614
6.1717
6.1852
6.2037
6.2313
6.2714
6.3081
6.3237
6.324
6.3207
6.3193
6.3202
6.3218
6.3229
6.3235
6.3238
6.324
6.3242
6.3244
