10.681
1.3346
1.8229
2.4495
3.126
3.7673
4.2205
4.2846
3.9661
3.6456
3.515
3.4646
3.4608
3.4923
3.5378
3.5774
3.6036
3.6177
3.6143
3.6096
3.6474
3.7553
3.9169
4.1167
4.4084
4.8499
4.9919
4.7779
4.5514
4.4457
4.4246
4.4295
4.4329
4.4313
4.4284
4.4267
4.4264
4.4266
4.4275
4.4294
4.4312
4.4317
4.4309
4.4297
4.4286
4.4278
4.4273
4.4269
4.4266
4.4264
4.4262
4.426
4.4259
4.4259
4.4258
4.4258
4.4257
4.4257
4.4257
4.4257
4.4256
4.4256
4.4256
4.4256
4.4257
4.4257
4.4256
4.4256
4.4256
4.4256
4.4256
4.4255
4.4255
4.4255
4.4255
4.4254
4.4254
4.4254
4.4254
4.4253
4.4253
4.4253
4.4252
4.4252
4.4252
4.4251
4.4251
4.4251
4.425
4.425
4.4249
4.4247
4.4244
4.4241
4.4238
4.4236
4.4236
4.4236
4.4236
4.4236
4.4235
