3.3192
11.851
8.2676
6.0737
4.744
3.9836
3.6834
3.8124
4.1729
4.3518
4.2423
4.0364
3.888
3.8572
3.9407
4.0971
4.2984
4.6229
5.1433
5.7074
5.9535
5.897
5.7452
5.6348
5.5941
5.5838
5.5897
5.5966
5.5795
5.5512
5.5308
5.5223
5.52
5.5181
5.5147
5.5107
5.5076
5.5063
5.5065
5.5074
5.5082
5.5073
5.5038
5.4993
5.4959
5.494
5.4933
5.493
5.4928
5.4924
5.4921
5.4917
5.4914
5.491
5.4908
5.4905
5.4902
5.4899
5.4896
5.4893
5.489
5.4887
5.4883
5.488
5.4876
5.4872
5.4868
5.4864
5.486
5.4856
5.4851
5.4847
5.4842
5.4838
5.4832
5.4827
5.4821
5.4815
5.4808
5.48
5.4791
5.4782
5.4771
5.4758
5.4743
5.4725
5.4703
5.4676
5.4631
5.4559
5.4477
5.4414
5.438
5.4365
5.4358
5.4351
5.4344
5.4338
5.4333
5.433
5.4328
