13.438
12.659
8.703
6.373
4.9508
4.132
3.7919
3.8861
4.2218
4.3992
4.2971
4.0994
3.9676
3.959
4.0401
4.1244
4.151
4.1274
4.0933
4.0823
4.1111
4.1782
4.2686
4.3677
4.4795
4.6248
4.8218
5.0769
5.4049
5.9406
6.9116
7.835
8.1161
7.962
7.6606
7.3895
7.2271
7.1634
7.1508
7.1507
7.149
7.1467
7.1425
7.1358
7.1293
7.1248
7.1221
7.1204
7.1192
7.1186
7.1155
7.1048
7.0921
7.0841
7.0821
7.0832
7.0848
7.0855
7.0857
7.0861
7.0872
7.0889
7.0909
7.0928
7.0945
7.0959
7.097
7.0979
7.0987
7.0994
7.1001
7.101
7.1019
7.1029
7.104
7.1052
7.1065
7.108
7.1097
7.1118
7.1144
7.1177
7.1221
7.1284
7.1377
7.1443
7.1431
7.137
7.1302
7.1234
7.117
7.112
7.109
7.1075
7.1068
7.1064
7.106
7.1058
7.1056
7.1054
7.1054
