12.899
12.139
8.2162
6.0099
4.6848
3.9251
3.6202
3.7499
4.1303
4.3308
4.229
4.0271
3.8904
3.875
3.9472
4.0214
4.0401
4.0171
3.9998
4.0203
4.0778
4.1483
4.2112
4.2615
4.2972
4.3103
4.3071
4.3418
4.439
4.5067
4.483
4.4073
4.3372
4.3011
4.2963
4.3
4.2957
4.2827
4.2676
4.2561
4.2494
4.2459
4.2438
4.2418
4.24
4.2384
4.2373
4.2366
4.2362
4.2359
4.2357
4.2355
4.2353
4.2352
4.2351
4.235
4.2349
4.235
4.2351
4.2353
4.2354
4.2354
4.2354
4.2352
4.2351
4.2349
4.2348
4.2347
4.2346
4.2346
4.2346
4.2346
4.2347
4.2348
4.2349
4.235
4.2351
4.2352
4.2354
4.2355
4.2357
4.2358
4.236
4.2362
4.2363
4.2365
4.2367
4.2369
4.2371
4.2374
4.2378
4.2385
4.2395
4.2404
4.2411
4.2415
4.2417
4.2418
4.2419
4.242
4.2422
