11.801
1.3116
1.8016
2.4272
3.1067
3.7569
4.2275
4.3103
3.9889
3.6599
3.5955
3.71
3.8467
3.9035
3.861
3.794
3.7825
3.8352
3.9089
3.9561
3.9507
3.8707
3.738
3.6524
3.6498
3.7013
3.7749
3.7551
3.5902
3.4019
3.2849
3.2536
3.2761
3.3196
3.3648
3.4009
3.4222
3.4299
3.4301
3.4291
3.4303
3.4332
3.4356
3.4375
3.4395
3.4416
3.4438
3.446
3.4484
3.4512
3.4544
3.4593
3.4666
3.4762
3.4882
3.5057
3.5104
3.4945
3.4739
3.4555
3.4375
3.4225
3.4132
3.4079
3.4046
3.4018
3.3991
3.3965
3.3942
3.3924
3.3908
3.3894
3.3881
3.3869
3.3857
3.3844
3.3832
3.3819
3.3805
3.379
3.3773
3.3753
3.3728
3.3698
3.3654
3.3593
3.3538
3.3501
3.3474
3.3449
3.3435
3.343
3.3426
3.3422
3.3417
3.3413
3.3409
3.3406
3.3404
3.3403
3.3401
