2.3195
11.052
8.0635
5.9787
4.6746
3.9122
3.5939
3.7033
4.0735
4.2869
4.2055
4.0205
3.8984
3.8977
3.9853
4.0752
4.1093
4.101
4.0956
4.1229
4.1793
4.2388
4.2787
4.2937
4.2894
4.273
4.2762
4.385
4.6188
4.7951
4.8092
4.7284
4.6412
4.5891
4.5702
4.5616
4.5468
4.5249
4.5026
4.4853
4.4737
4.4662
4.4606
4.4557
4.4514
4.4479
4.4452
4.4432
4.4417
4.4405
4.4396
4.4389
4.4383
4.4379
4.4376
4.4375
4.4374
4.4374
4.4375
4.4376
4.4377
4.4377
4.4377
4.4377
4.4377
4.4378
4.4379
4.438
4.4382
4.4384
4.4386
4.4388
4.439
4.4392
4.4393
4.4395
4.4396
4.4398
4.4399
4.44
4.4402
4.4403
4.4404
4.4405
4.4407
4.4408
4.441
4.4411
4.4413
4.4415
4.4419
4.4426
4.4436
4.4444
4.4449
4.4451
4.445
4.4449
4.4448
4.4448
4.4448
