9.7005
1.2498
1.7626
2.383
3.0564
3.7051
4.1871
4.3113
4.0601
3.7852
3.7454
3.8712
4.0145
4.0743
4.0334
3.9551
3.9125
3.9255
3.9839
4.0741
4.1743
4.2703
4.3659
4.4739
4.6151
4.8813
5.272
5.1938
4.6455
4.0496
3.6901
3.5322
3.4944
3.5171
3.5536
3.5763
3.5802
3.5736
3.5657
3.5605
3.5573
3.5542
3.5503
3.5459
3.5418
3.5383
3.5356
3.5334
3.5316
3.5302
3.5289
3.5278
3.5266
3.5251
3.5233
3.5219
3.5214
3.5216
3.5215
3.521
3.5201
3.519
3.518
3.5171
3.5163
3.5156
3.5147
3.5139
3.5129
3.5119
3.5109
3.5098
3.5087
3.5076
3.5064
3.5051
3.5037
3.5023
3.5007
3.4991
3.4973
3.4957
3.4944
3.4947
3.4833
3.4508
3.4273
3.4184
3.4174
3.4179
3.4174
3.416
3.4144
3.4132
3.4123
3.4116
3.4111
3.4106
3.4102
3.4099
3.4096
