7.1752
1.5551
2.0304
2.6759
3.3808
4.075
4.6233
4.8018
4.5018
4.0982
3.9777
4.0972
4.2928
4.4601
4.6086
4.9121
5.228
4.9591
4.5872
4.4359
4.4475
4.4917
4.505
4.4879
4.4641
4.4486
4.4415
4.4358
4.4281
4.4182
4.389
4.3333
4.3086
4.3349
4.3808
4.4151
4.4259
4.4177
4.4023
4.3891
4.3808
4.3755
4.3707
4.3669
4.3646
4.364
4.3651
4.3685
4.3634
4.3479
4.3337
4.3269
4.3269
4.3292
4.3305
4.3305
4.3299
4.3294
4.3292
4.329
4.3286
4.3282
4.3277
4.3274
4.3272
4.3271
4.327
4.327
4.327
4.327
4.327
4.327
4.327
4.3269
4.3269
4.3269
4.3268
4.3268
4.3268
4.3267
4.3267
4.3266
4.3266
4.3265
4.3264
4.3263
4.3263
4.3263
4.326
4.3255
4.3248
4.3242
4.3239
4.3239
4.324
4.3241
4.3241
4.3242
4.3242
4.3243
4.3243
