12.115
8.7233
6.6422
5.1372
4.0906
3.4192
3.0869
3.1375
3.534
3.8771
3.8964
3.7507
3.6278
3.6083
3.6818
3.7777
3.8334
3.8468
3.8553
3.8919
3.9788
4.1869
4.6384
5.2114
5.6177
5.7155
5.6272
5.5249
5.4846
5.4697
5.4432
5.4118
5.3933
5.3928
5.4024
5.412
5.417
5.4186
5.42
5.4226
5.4261
5.4292
5.4311
5.4324
5.4335
5.435
5.4368
5.4385
5.4401
5.4415
5.4428
5.4441
5.4454
5.4467
5.448
5.4493
5.4507
5.452
5.4533
5.4547
5.456
5.4574
5.4587
5.4601
5.4614
5.4627
5.4642
5.4657
5.4674
5.4693
5.4713
5.4735
5.476
5.4786
5.4815
5.4847
5.4882
5.4922
5.4968
5.502
5.5081
5.5154
5.5243
5.5354
5.55
5.5702
5.6004
5.6412
5.6776
5.6966
5.7019
5.7026
5.7037
5.7058
5.7079
5.7093
5.7101
5.7105
5.7108
5.711
5.7113
