11.436
11.523
7.8821
5.8141
4.5771
3.8907
3.6795
3.9493
4.4556
4.6776
4.5407
4.3072
4.155
4.1316
4.191
4.2428
4.2328
4.167
4.0665
3.9569
3.8649
3.8017
3.7603
3.7275
3.6946
3.6636
3.6539
3.7174
3.9597
4.4285
4.907
5.1503
5.1743
5.105
5.0415
5.0204
5.0352
5.0641
5.0893
5.1056
5.1159
5.1251
5.1359
5.1481
5.1613
5.1751
5.1902
5.2076
5.2289
5.2568
5.2862
5.3073
5.3215
5.3345
5.3481
5.3584
5.3637
5.3656
5.3663
5.3671
5.3689
5.3718
5.3752
5.3788
5.3824
5.3857
5.3886
5.3909
5.3927
5.3942
5.3954
5.3964
5.3972
5.3979
5.3984
5.3989
5.3993
5.3997
5.4
5.4003
5.4005
5.4008
5.4011
5.4013
5.4015
5.4017
5.4018
5.4021
5.4032
5.4051
5.4071
5.4088
5.4099
5.4106
5.4111
5.4115
5.4118
5.4121
5.4124
5.4126
5.4128
