11.235
1.3583
1.8909
2.5368
3.2253
3.876
4.3334
4.3822
4.0239
3.6756
3.525
3.4427
3.3834
3.3426
3.3133
3.2883
3.2661
3.2401
3.1732
3.0916
3.0406
3.043
3.0703
3.0756
3.0287
2.9694
2.9436
2.949
2.9726
2.9981
3.0136
3.0185
3.0179
3.0167
3.0163
3.0169
3.0179
3.0191
3.0202
3.0213
3.0219
3.0219
3.0219
3.0222
3.0226
3.0229
3.0232
3.0233
3.0233
3.0233
3.0233
3.0232
3.0231
3.023
3.023
3.023
3.0229
3.0229
3.0228
3.0227
3.0225
3.0224
3.0222
3.022
3.0218
3.0217
3.0216
3.0215
3.0214
3.0214
3.0213
3.0213
3.0212
3.0212
3.0212
3.0212
3.0212
3.0212
3.0212
3.0212
3.0212
3.0212
3.0212
3.0212
3.0212
3.0212
3.0212
3.0212
3.0212
3.0212
3.0212
3.0212
3.0211
3.021
3.0209
3.0209
3.0209
3.0209
3.021
3.0209
3.0209
