8.4856
1.3517
1.8457
2.4636
3.138
3.7864
4.2605
4.3613
4.0816
3.7988
3.7643
3.8966
4.0453
4.1047
4.0477
3.9598
3.9405
4.0094
4.1291
4.2628
4.4151
4.7078
5.1787
5.1736
4.735
4.4151
4.3412
4.3749
4.4035
4.4071
4.4071
4.4208
4.4447
4.4651
4.4731
4.4702
4.4635
4.4591
4.4586
4.4605
4.4625
4.4634
4.4629
4.4617
4.4601
4.4585
4.4569
4.4553
4.4537
4.452
4.4503
4.4485
4.4465
4.4443
4.4417
4.4391
4.436
4.4305
4.4269
4.4274
4.4303
4.434
4.4377
4.4412
4.4439
4.446
4.4477
4.4491
4.4503
4.4514
4.4523
4.453
4.4536
4.4541
4.4545
4.4548
4.4551
4.4554
4.4556
4.4557
4.4559
4.456
4.4561
4.4562
4.4562
4.4562
4.4563
4.4563
4.4562
4.4562
4.4561
4.456
4.4558
4.4556
4.4554
4.4554
4.4554
4.4554
4.4554
4.4554
4.4553
