6.5383
1.3341
1.8303
2.4501
3.1282
3.7857
4.2781
4.4022
4.1261
3.8219
3.7677
3.8888
4.0304
4.088
4.0427
3.9583
3.9081
3.9085
3.9296
3.9369
3.9181
3.8853
3.8574
3.8447
3.8513
3.8809
3.9315
3.9299
3.7305
3.4704
3.3456
3.342
3.3847
3.4194
3.4282
3.4211
3.4144
3.4147
3.4199
3.4251
3.428
3.4289
3.4289
3.4289
3.4292
3.4297
3.4299
3.4301
3.4301
3.43
3.43
3.43
3.4299
3.4299
3.4298
3.4297
3.4296
3.4295
3.4294
3.4293
3.4292
3.4292
3.4292
3.4292
3.4291
3.4291
3.4291
3.429
3.4289
3.4289
3.4288
3.4287
3.4287
3.4286
3.4286
3.4285
3.4285
3.4285
3.4285
3.4284
3.4284
3.4284
3.4284
3.4284
3.4284
3.4285
3.4285
3.4285
3.4286
3.4288
3.429
3.4289
3.4284
3.4278
3.4273
3.427
3.4269
3.427
3.4271
3.4271
3.427
