10.917
12.79
8.7515
6.344
4.9086
4.0946
3.7674
3.8941
4.2922
4.5311
4.4678
4.3025
4.2096
4.2438
4.3583
4.4574
4.4873
4.4685
4.4488
4.4569
4.4903
4.5296
4.5607
4.5856
4.623
4.72
5.0111
5.7042
6.645
7.191
7.2275
7.0514
6.8897
6.8167
6.8106
6.8227
6.8241
6.8134
6.8002
6.7916
6.7883
6.7876
6.7872
6.7863
6.7851
6.7842
6.7836
6.7834
6.7832
6.7831
6.783
6.7829
6.7829
6.7828
6.7828
6.7828
6.7828
6.7828
6.7828
6.7828
6.7827
6.7827
6.7827
6.7827
6.7828
6.7828
6.7829
6.783
6.783
6.783
6.783
6.783
6.783
6.783
6.7829
6.7829
6.7829
6.7828
6.7828
6.7828
6.7828
6.7827
6.7827
6.7827
6.7828
6.7828
6.7828
6.7828
6.7827
6.7827
6.783
6.784
6.7854
6.7864
6.7868
6.7865
6.7859
6.7854
6.7851
6.7849
6.7848
