8.4734
1.4547
1.936
2.5606
3.2361
3.8688
4.2914
4.2929
3.9242
3.6242
3.589
3.693
3.8084
3.879
3.8981
3.8896
3.885
3.8986
3.9233
3.9383
3.9438
3.9822
4.1571
4.2761
4.1434
3.873
3.6633
3.5865
3.591
3.6089
3.613
3.6126
3.6169
3.6222
3.6227
3.6168
3.6072
3.598
3.5913
3.5873
3.5847
3.5824
3.5802
3.5782
3.5767
3.5757
3.5749
3.5744
3.5743
3.5747
3.5752
3.5757
3.576
3.5765
3.577
3.5777
3.5788
3.58
3.581
3.5817
3.582
3.5821
3.5821
3.582
3.5818
3.5817
3.5816
3.5814
3.5812
3.581
3.5809
3.5807
3.5806
3.5804
3.5803
3.5802
3.5802
3.5801
3.5801
3.5801
3.5802
3.5802
3.5803
3.5805
3.5807
3.581
3.5816
3.5824
3.583
3.5833
3.5832
3.5832
3.5831
3.5832
3.5834
3.5835
3.5835
3.5835
3.5836
3.5836
3.5836
