9.5298
10.051
7.1645
5.355
4.2173
3.5322
3.2349
3.3734
3.8802
4.2851
4.3371
4.2526
4.2788
4.5982
5.1895
5.7215
5.9219
5.8889
5.8121
5.7945
5.8461
5.9135
5.931
5.9198
5.9137
5.907
5.8943
5.88
5.8718
5.866
5.8561
5.8469
5.8464
5.858
5.8754
5.8836
5.8791
5.8682
5.8581
5.8521
5.8495
5.8486
5.8479
5.847
5.8459
5.8449
5.8444
5.8443
5.8444
5.8447
5.8452
5.8458
5.8466
5.8493
5.8504
5.8487
5.8451
5.8409
5.8363
5.8317
5.8274
5.8237
5.8207
5.8185
5.817
5.816
5.8154
5.8149
5.8145
5.8141
5.8138
5.8137
5.8137
5.8137
5.8138
5.8138
5.8139
5.8139
5.814
5.814
5.814
5.8141
5.8141
5.8141
5.8142
5.8142
5.8142
5.8142
5.8142
5.8142
5.8142
5.8141
5.814
5.8138
5.8136
5.8134
5.8133
5.8132
5.8131
5.8131
5.8131
