9.6846
1.5753
2.0613
2.6928
3.3883
4.0764
4.6175
4.7833
4.4709
4.0746
3.9663
4.078
4.2348
4.3166
4.2861
4.1929
4.1157
4.0882
4.0949
4.1046
4.0965
4.0757
4.0583
4.0354
3.9761
3.9164
3.906
3.9635
4.0203
3.8566
3.5909
3.4359
3.3869
3.3992
3.4328
3.4612
3.4764
3.4827
3.4864
3.4908
3.4951
3.4981
3.4989
3.4982
3.4966
3.4946
3.4924
3.49
3.4876
3.4851
3.4821
3.4786
3.4744
3.4691
3.4616
3.455
3.4514
3.4502
3.4499
3.4496
3.449
3.4483
3.4476
3.4471
3.4467
3.4465
3.4463
3.4462
3.4461
3.446
3.4458
3.4456
3.4454
3.4452
3.4449
3.4446
3.4442
3.4437
3.4432
3.4425
3.4417
3.4406
3.4393
3.4374
3.4343
3.4298
3.4274
3.4279
3.4296
3.4306
3.4307
3.4303
3.43
3.4298
3.4297
3.4297
3.4297
3.4296
3.4296
3.4295
3.4295
