10.347
10.254
7.4598
5.6246
4.4455
3.7434
3.4596
3.615
4.0654
4.3485
4.2944
4.114
3.9924
3.9978
4.1057
4.2463
4.3965
4.5469
4.6128
4.5922
4.5572
4.5576
4.5973
4.6556
4.7145
4.7716
4.8346
4.9139
5.0286
5.2767
5.9266
6.6878
7.0011
6.9334
6.7615
6.6402
6.612
6.6469
6.698
6.7368
6.7602
6.7769
6.7864
6.7904
6.7949
6.8046
6.822
6.8495
6.8923
6.957
7.0114
7.0322
7.0328
7.0307
7.0325
7.0371
7.0415
7.0447
7.047
7.0491
7.0514
7.0541
7.0566
7.0587
7.0605
7.0618
7.0627
7.0634
7.0639
7.0642
7.0645
7.0647
7.0649
7.065
7.065
7.065
7.065
7.0649
7.0648
7.0647
7.0646
7.0644
7.0641
7.0638
7.0633
7.0627
7.0617
7.061
7.0611
7.0619
7.063
7.0641
7.065
7.0659
7.0665
7.067
7.0674
7.0677
7.0679
7.0681
7.0682
