7.1006
9.9912
7.4879
5.6205
4.4389
3.7609
3.526
3.7543
4.2497
4.5038
4.405
4.2027
4.0769
4.0821
4.1828
4.2942
4.3562
4.3728
4.3815
4.4102
4.4668
4.5596
4.7549
5.2064
5.7742
6.1098
6.1275
5.9955
5.8713
5.814
5.7779
5.7173
5.6482
5.6002
5.5837
5.591
5.6078
5.6233
5.6341
5.6417
5.6486
5.6559
5.6634
5.6705
5.6768
5.6823
5.6873
5.692
5.6966
5.7012
5.7062
5.7115
5.7174
5.7242
5.7314
5.7364
5.739
5.7402
5.7404
5.7401
5.7399
5.74
5.7404
5.7408
5.7411
5.7412
5.7413
5.7413
5.7412
5.7412
5.7411
5.7411
5.7411
5.741
5.741
5.7409
5.7409
5.7408
5.7408
5.7407
5.7407
5.7407
5.7407
5.7407
5.7407
5.7408
5.7409
5.7411
5.7416
5.7422
5.7428
5.743
5.743
5.7429
5.7427
5.7426
5.7426
5.7426
5.7426
5.7426
5.7426
