9.5839
11.891
8.226
6.0476
4.7291
3.9827
3.7067
3.8838
4.3181
4.5721
4.544
4.4224
4.3283
4.3022
4.3434
4.4311
4.5592
4.8418
5.4191
6.085
6.4743
6.5344
6.4524
6.3741
6.3425
6.347
6.3771
6.3987
6.3802
6.3427
6.313
6.2966
6.2869
6.2779
6.2682
6.2594
6.253
6.2494
6.2481
6.2485
6.2499
6.2494
6.2456
6.2404
6.2361
6.2333
6.2318
6.2309
6.2303
6.2298
6.2294
6.2291
6.2289
6.2288
6.2287
6.2286
6.2286
6.2287
6.2288
6.2289
6.229
6.2291
6.2292
6.2293
6.2293
6.2292
6.2292
6.2291
6.229
6.2289
6.2288
6.2287
6.2286
6.2285
6.2285
6.2284
6.2283
6.2283
6.2282
6.2281
6.2281
6.228
6.2279
6.2279
6.2277
6.2276
6.2274
6.227
6.2265
6.2256
6.2249
6.225
6.2259
6.227
6.2279
6.2283
6.2284
6.2284
6.2285
6.2285
6.2286
