3.8688
9.3199
7.2163
5.5073
4.3624
3.666
3.3687
3.4952
3.917
4.1883
4.1349
3.9539
3.8226
3.808
3.8867
3.9822
4.0446
4.0724
4.0534
3.9974
3.9418
3.9117
3.9061
3.9104
3.9134
3.9152
3.9225
3.9419
3.9752
4.0505
4.3007
4.6679
4.8493
4.7896
4.6536
4.5332
4.4667
4.4487
4.4536
4.4591
4.4572
4.4503
4.4386
4.4199
4.3941
4.3609
4.3176
4.2564
4.1577
4.1646
4.236
4.2794
4.2938
4.2966
4.2985
4.3018
4.3051
4.3074
4.309
4.3108
4.3139
4.3182
4.3234
4.3286
4.3337
4.3382
4.3419
4.3448
4.3471
4.349
4.3504
4.3516
4.3525
4.3532
4.3538
4.3542
4.3544
4.3546
4.3547
4.3547
4.3546
4.3544
4.3541
4.3537
4.3531
4.3522
4.351
4.3499
4.3497
4.3504
4.3515
4.3527
4.3538
4.3548
4.3555
4.356
4.3564
4.3566
4.3568
4.357
4.3571
