5.6623
1.3965
1.9065
2.5298
3.2101
3.8716
4.3702
4.4968
4.209
3.8869
3.8223
3.9393
4.079
4.1334
4.078
3.9707
3.8859
3.8475
3.8334
3.7991
3.7227
3.6304
3.572
3.555
3.5503
3.5403
3.5022
3.3637
3.1801
3.0441
2.9902
3.0129
3.0746
3.1455
3.2057
3.2456
3.2667
3.2768
3.283
3.2882
3.2925
3.2952
3.2961
3.2958
3.295
3.294
3.2927
3.2912
3.2905
3.2904
3.2904
3.2901
3.2897
3.289
3.2882
3.2876
3.2878
3.2882
3.2885
3.2883
3.2878
3.2873
3.2868
3.2863
3.286
3.2856
3.2851
3.2847
3.2842
3.2836
3.2831
3.2825
3.2818
3.2812
3.2804
3.2796
3.2788
3.2778
3.2767
3.2755
3.2741
3.2725
3.2707
3.2691
3.2615
3.2411
3.2269
3.2223
3.2227
3.2238
3.2242
3.2239
3.2235
3.2234
3.2234
3.2234
3.2235
3.2235
3.2236
3.2236
3.2236
