11.984
1.2833
1.794
2.4177
3.0925
3.7357
4.196
4.2726
3.9704
3.679
3.642
3.7718
3.9186
3.9843
3.9527
3.8833
3.8435
3.8499
3.8773
3.8941
3.8856
3.8556
3.8131
3.7492
3.6372
3.5448
3.5266
3.4882
3.2613
3.0303
2.9554
2.9913
3.0525
3.092
3.099
3.089
3.0782
3.0733
3.0729
3.0736
3.0736
3.0727
3.0716
3.0708
3.0703
3.0699
3.0696
3.0693
3.0691
3.0689
3.0687
3.0686
3.0684
3.0683
3.0682
3.0681
3.068
3.0679
3.0678
3.0677
3.0677
3.0676
3.0675
3.0674
3.0674
3.0673
3.0672
3.0671
3.067
3.0669
3.0668
3.0667
3.0666
3.0665
3.0664
3.0662
3.0661
3.0659
3.0657
3.0654
3.0651
3.0647
3.0642
3.0636
3.0628
3.0617
3.06
3.057
3.0541
3.0542
3.0573
3.0609
3.0632
3.0642
3.0644
3.0645
3.0648
3.065
3.0652
3.0654
3.0654
