9.2136
1.5218
1.9745
2.6054
3.2932
3.9554
4.438
4.5143
4.1529
3.7868
3.7117
3.8283
3.9691
4.028
3.9859
3.9038
3.8526
3.8481
3.8566
3.8587
3.89
4.0317
3.9442
3.6025
3.3377
3.2841
3.3631
3.4722
3.5476
3.5747
3.5733
3.5664
3.5625
3.5607
3.5593
3.5585
3.5592
3.561
3.5625
3.5626
3.561
3.5585
3.5571
3.557
3.5576
3.5581
3.5584
3.5585
3.5586
3.5587
3.5588
3.5589
3.5591
3.5592
3.5593
3.5594
3.5596
3.5597
3.56
3.5602
3.5605
3.5605
3.5604
3.5602
3.5599
3.5597
3.5595
3.5592
3.559
3.5588
3.5586
3.5584
3.5581
3.5579
3.5577
3.5575
3.5573
3.557
3.5568
3.5565
3.5562
3.5559
3.5555
3.5549
3.5543
3.5534
3.5522
3.5502
3.5476
3.5462
3.5469
3.5483
3.5492
3.5492
3.5489
3.5486
3.5484
3.5485
3.5485
3.5485
3.5485
