3.2076
1.3453
1.8313
2.4424
3.1154
3.7737
4.2764
4.4224
4.1647
3.8578
3.7967
3.9212
4.0769
4.1538
4.1241
4.046
3.9973
4.0028
4.0409
4.082
4.1045
4.101
4.0809
4.0628
4.0557
4.0489
4.0253
3.9772
3.9194
3.9132
3.8058
3.3955
3.0896
2.9778
2.9821
3.0364
3.0867
3.1079
3.105
3.0933
3.0831
3.0753
3.0685
3.0637
3.0604
3.057
3.0527
3.0473
3.0407
3.0304
3.0139
3.0045
3.004
3.0068
3.0087
3.0089
3.0084
3.0081
3.0085
3.0094
3.0103
3.0107
3.0107
3.0103
3.0098
3.0092
3.0085
3.0079
3.0073
3.0068
3.0063
3.0058
3.0053
3.0047
3.004
3.0033
3.0026
3.0017
3.0008
2.9997
2.9983
2.9968
2.9948
2.9922
2.9876
2.9805
2.9754
2.9732
2.9722
2.9716
2.9719
2.9727
2.9733
2.9736
2.9736
2.9735
2.9734
2.9734
2.9733
2.9733
2.9732
