1.023
9.8762
7.6138
5.7641
4.5515
3.8334
3.543
3.6745
4.0538
4.2589
4.1681
3.9757
3.8412
3.8229
3.9056
4.0288
4.143
4.2562
4.4596
4.8778
5.4666
6.001
6.2234
6.1991
6.0909
5.9859
5.9259
5.9191
5.9117
5.8853
5.8689
5.8644
5.8724
5.9011
5.9537
6.0228
6.0952
6.1595
6.2118
6.254
6.2897
6.3216
6.3507
6.3772
6.4018
6.4257
6.4485
6.4641
6.4723
6.4768
6.4802
6.4836
6.487
6.4901
6.4927
6.495
6.4972
6.4996
6.5023
6.5052
6.5079
6.5102
6.5124
6.5144
6.5164
6.5185
6.5207
6.5229
6.5252
6.5276
6.53
6.5326
6.5354
6.5383
6.5415
6.5451
6.5491
6.5536
6.5589
6.5651
6.5728
6.5826
6.5958
6.615
6.6443
6.6707
6.6815
6.6822
6.6808
6.6811
6.6827
6.6843
6.6854
6.6858
6.686
6.6861
6.6863
6.6865
6.6866
6.6866
6.6867
