8.3773
10.361
7.5479
5.6666
4.4649
3.7504
3.4523
3.5779
3.9782
4.2175
4.14
3.9415
3.7916
3.7498
3.7863
3.8147
3.7737
3.6738
3.5599
3.4628
3.3808
3.2906
3.3367
3.9024
4.2669
4.2141
3.9952
3.8048
3.7008
3.6523
3.6094
3.5569
3.5069
3.4709
3.4481
3.4297
3.4092
3.3867
3.3665
3.3516
3.3418
3.3354
3.3303
3.3256
3.3214
3.318
3.3155
3.3137
3.3124
3.3113
3.3103
3.3094
3.3087
3.3081
3.3075
3.3069
3.3064
3.3063
3.3065
3.307
3.3079
3.3088
3.3098
3.3105
3.3109
3.3109
3.3107
3.3102
3.3095
3.3088
3.3079
3.3071
3.3062
3.3053
3.3044
3.3034
3.3025
3.3016
3.3007
3.2997
3.2987
3.2977
3.2966
3.2954
3.294
3.2924
3.2905
3.2881
3.2849
3.2806
3.2758
3.2717
3.269
3.2675
3.2666
3.2658
3.2648
3.2639
3.2631
3.2625
3.262
