12.954
1.1934
1.7265
2.3661
3.0481
3.6896
4.1385
4.1952
3.8733
3.5692
3.5208
3.6336
3.7541
3.7745
3.6685
3.5322
3.4735
3.4961
3.5415
3.5575
3.4798
3.2463
3.0058
2.9016
2.9229
2.9977
3.0648
3.0975
3.1018
3.0915
3.0792
3.0717
3.0659
3.059
3.0511
3.0441
3.0386
3.0342
3.0298
3.0248
3.0215
3.0198
3.0183
3.0173
3.0172
3.0173
3.0174
3.0174
3.0172
3.017
3.0169
3.0168
3.0169
3.0169
3.0171
3.0176
3.0184
3.0192
3.0203
3.0215
3.0227
3.0237
3.0245
3.0255
3.0268
3.0279
3.0283
3.028
3.0275
3.0272
3.0271
3.0271
3.0272
3.0272
3.0272
3.0271
3.0271
3.0272
3.0272
3.0272
3.0272
3.0273
3.0274
3.0274
3.0275
3.0277
3.0279
3.0282
3.0285
3.0287
3.0288
3.0289
3.0289
3.0289
3.0289
3.029
3.0291
3.0292
3.0294
3.0296
3.0299
