3.7939
10.644
7.7681
5.7794
4.5392
3.822
3.5512
3.7448
4.2426
4.5492
4.4981
4.3253
4.2258
4.2609
4.3871
4.5077
4.5649
4.579
4.6025
4.6714
4.7974
5.0083
5.3465
5.668
5.7822
5.7312
5.7135
5.9166
6.2814
6.5237
6.5517
6.4758
6.4051
6.3774
6.3813
6.3921
6.396
6.3931
6.3892
6.3877
6.3884
6.3896
6.3901
6.3897
6.389
6.3885
6.3882
6.388
6.3878
6.3875
6.3871
6.3868
6.3865
6.3863
6.3861
6.3859
6.3857
6.3856
6.3855
6.3853
6.3851
6.3848
6.3846
6.3843
6.384
6.3838
6.3836
6.3835
6.3835
6.3835
6.3835
6.3836
6.3836
6.3837
6.3838
6.3838
6.3839
6.3839
6.384
6.384
6.384
6.3841
6.3841
6.3841
6.3842
6.3843
6.3847
6.3851
6.3837
6.3798
6.3752
6.3723
6.3716
6.3721
6.3726
6.3726
6.3724
6.3722
6.3721
6.3721
6.3721
