5.4638
1.473
1.93
2.542
3.2206
3.8854
4.3949
4.5478
4.2999
4.0094
3.9667
4.1153
4.3284
4.5313
4.7081
4.9195
5.4106
6.2696
6.8935
6.703
6.307
5.9829
5.8246
5.7715
5.7338
5.6736
5.585
5.4713
5.3764
5.322
5.2932
5.2732
5.2565
5.2444
5.2378
5.2357
5.2357
5.236
5.2357
5.2348
5.2326
5.2287
5.2274
5.2294
5.2327
5.2358
5.2378
5.2391
5.24
5.2407
5.2413
5.2419
5.2423
5.2427
5.243
5.2433
5.2435
5.2437
5.2438
5.244
5.2441
5.2442
5.2442
5.2443
5.2444
5.2445
5.2446
5.2448
5.2449
5.2451
5.2452
5.2454
5.2455
5.2457
5.2458
5.246
5.2461
5.2463
5.2464
5.2466
5.2468
5.247
5.2472
5.2474
5.2477
5.248
5.2482
5.2485
5.2487
5.2497
5.2523
5.2554
5.2576
5.2584
5.2586
5.2586
5.2588
5.2591
5.2594
5.2596
5.2597
