16.356
12.421
8.33
6.109
4.763
3.9856
3.668
3.789
4.1742
4.3999
4.3284
4.156
4.0528
4.0753
4.1831
4.2836
4.3204
4.3107
4.3014
4.3208
4.3638
4.4064
4.4293
4.4303
4.4196
4.4183
4.4885
4.7582
5.2151
5.5317
5.5779
5.4835
5.3789
5.3189
5.2981
5.2884
5.2716
5.2478
5.2248
5.2076
5.1968
5.1899
5.1845
5.1796
5.1753
5.1717
5.169
5.167
5.1654
5.1641
5.1631
5.1622
5.1616
5.1611
5.1607
5.1604
5.1602
5.1601
5.1601
5.16
5.1599
5.1599
5.1598
5.1598
5.1598
5.1599
5.16
5.1602
5.1603
5.1605
5.1606
5.1607
5.1608
5.1609
5.1609
5.161
5.161
5.1611
5.1611
5.1612
5.1612
5.1612
5.1613
5.1614
5.1614
5.1615
5.1616
5.1617
5.1618
5.162
5.1624
5.1631
5.164
5.1646
5.1648
5.1646
5.1642
5.1638
5.1636
5.1634
5.1634
