4.5659
9.6677
7.1037
5.3668
4.2494
3.5808
3.3108
3.4809
3.9652
4.2678
4.2073
4.0136
3.8748
3.8538
3.9194
3.9867
3.9942
3.9446
3.8713
3.803
3.7547
3.7255
3.7034
3.6744
3.6184
3.5072
3.3271
3.0533
2.681
2.7078
3.1599
3.5264
3.62
3.5557
3.4613
3.3958
3.3672
3.3608
3.3605
3.3589
3.3565
3.3564
3.3598
3.3659
3.373
3.3796
3.3851
3.3893
3.3921
3.3937
3.3935
3.3908
3.3861
3.383
3.389
3.3958
3.398
3.396
3.392
3.388
3.3852
3.3841
3.3845
3.386
3.3886
3.3919
3.3957
3.3997
3.4037
3.4077
3.4115
3.4153
3.4189
3.4222
3.4254
3.4283
3.4309
3.4334
3.4356
3.4376
3.4395
3.4411
3.4426
3.444
3.4451
3.4459
3.4464
3.447
3.4489
3.4521
3.456
3.4598
3.4629
3.4652
3.467
3.4685
3.4699
3.4711
3.4722
3.4731
3.4739
