8.2349
11.108
7.8402
5.8159
4.5708
3.8562
3.5876
3.7569
4.1671
4.372
4.2663
4.0558
3.8921
3.8261
3.8462
3.9085
3.9833
4.1082
4.342
4.6384
4.8797
5.0185
5.1581
5.4483
5.813
6.0139
6.0116
5.9202
5.8368
5.8021
5.8058
5.8229
5.8389
5.8517
5.8625
5.8709
5.8761
5.8784
5.8793
5.8804
5.8828
5.8844
5.8836
5.8815
5.8792
5.8775
5.8762
5.8752
5.8743
5.8734
5.8725
5.8716
5.8707
5.8696
5.8684
5.8669
5.8652
5.8632
5.8609
5.8585
5.8563
5.8545
5.853
5.8518
5.8507
5.8498
5.8491
5.8485
5.8481
5.8479
5.8478
5.8478
5.8478
5.8479
5.848
5.8482
5.8483
5.8485
5.8486
5.8488
5.8489
5.8491
5.8492
5.8493
5.8495
5.8496
5.8497
5.8498
5.8499
5.85
5.8501
5.8504
5.8508
5.8512
5.8515
5.8516
5.8516
5.8516
5.8516
5.8517
5.8517
