4.6379
10.277
7.4883
5.6038
4.4062
3.6866
3.3676
3.4604
3.8605
4.1599
4.1443
3.9805
3.8495
3.9398
4.288
4.7074
4.8773
4.8052
4.6616
4.5583
4.5195
4.5184
4.5195
4.4919
4.4027
4.2566
4.0912
3.9329
3.8554
3.8496
3.8488
3.8447
3.8469
3.8608
3.8823
3.9018
3.9132
3.9172
3.9184
3.9203
3.9243
3.9297
3.9354
3.9408
3.9457
3.9504
3.9552
3.9604
3.966
3.9722
3.979
3.9865
3.9946
4.0019
4.0036
3.9984
3.9872
3.9711
3.9506
3.9269
3.902
3.8775
3.8543
3.8332
3.8148
3.799
3.7854
3.7737
3.7636
3.755
3.7477
3.7415
3.7364
3.7321
3.7284
3.7254
3.7228
3.7206
3.7188
3.7172
3.7159
3.7148
3.7139
3.7132
3.7125
3.712
3.7116
3.7113
3.711
3.7109
3.7108
3.7107
3.7106
3.7105
3.7102
3.7099
3.7095
3.7091
3.7088
3.7085
3.7083
