10.095
1.5392
1.9614
2.5727
3.2499
3.9068
4.3909
4.4847
4.1591
3.8236
3.7625
3.8859
4.0327
4.0972
4.0588
3.9817
3.9426
3.9602
4.0034
4.043
4.0901
4.2001
4.0668
3.598
3.245
3.1408
3.1875
3.2723
3.3283
3.3412
3.3297
3.3157
3.3068
3.301
3.2961
3.2922
3.2905
3.2906
3.2914
3.2916
3.2908
3.2895
3.2887
3.2887
3.289
3.2894
3.2896
3.2898
3.2899
3.2901
3.2903
3.2906
3.2908
3.2911
3.2914
3.2918
3.2923
3.2929
3.2939
3.2953
3.297
3.2985
3.2998
3.3009
3.3018
3.3026
3.3034
3.3042
3.3048
3.3054
3.3058
3.3062
3.3066
3.3069
3.3071
3.3074
3.3076
3.3078
3.3081
3.3083
3.3085
3.3088
3.309
3.3093
3.3097
3.31
3.3105
3.311
3.3116
3.3129
3.3147
3.3166
3.3179
3.3185
3.3189
3.3192
3.3196
3.32
3.3203
3.3205
3.3207
