11.041
1.3125
1.8159
2.4379
3.1155
3.7722
4.265
4.3927
4.1249
3.8278
3.7775
3.9059
4.063
4.1454
4.1295
4.0709
4.0407
4.0611
4.1095
4.1539
4.1781
4.1858
4.1899
4.1971
4.2082
4.2849
4.5355
4.8012
4.5643
4.1271
3.8942
3.8736
3.9387
3.9999
4.02
4.0109
3.9953
3.986
3.9838
3.9844
3.9844
3.9831
3.9814
3.9799
3.9789
3.9783
3.9777
3.9772
3.9767
3.9763
3.9759
3.9757
3.9754
3.9752
3.9751
3.9749
3.9748
3.9748
3.9747
3.9746
3.9746
3.9746
3.9746
3.9746
3.9746
3.9746
3.9746
3.9746
3.9746
3.9746
3.9747
3.9747
3.9748
3.9749
3.9749
3.975
3.9751
3.9752
3.9753
3.9753
3.9754
3.9755
3.9755
3.9755
3.9755
3.9753
3.9749
3.974
3.9733
3.975
3.979
3.9834
3.9865
3.9881
3.9889
3.9894
3.99
3.9907
3.9912
3.9916
3.9919
