14.221
13.147
8.8477
6.4031
4.9732
4.1899
3.9238
4.135
4.5769
4.7825
4.6649
4.4573
4.3361
4.3613
4.4771
4.5414
4.4858
4.3592
4.2399
4.1722
4.1588
4.1779
4.1843
4.1374
4.0405
3.926
3.8521
4.0006
4.3459
4.6783
4.8511
4.8549
4.7648
4.6586
4.5768
4.5275
4.5015
4.4848
4.4667
4.443
4.415
4.3863
4.3594
4.3339
4.3084
4.2819
4.2537
4.2229
4.1882
4.1483
4.1008
4.0421
3.9681
3.8727
3.7423
3.5536
3.4655
3.4359
3.414
3.3857
3.3588
3.3296
3.2953
3.2595
3.2258
3.1958
3.1699
3.1473
3.1275
3.11
3.0948
3.0816
3.0702
3.0604
3.0519
3.0447
3.0383
3.0329
3.0281
3.0239
3.0202
3.0169
3.0139
3.0112
3.0087
3.006
3.0024
2.998
2.9933
2.9891
2.9853
2.982
2.9794
2.9774
2.9759
2.9748
2.9738
2.973
2.9723
2.9718
2.9714
