15.48
13.496
8.7002
6.2332
4.8002
3.9755
3.6145
3.6969
4.0894
4.3665
4.3271
4.1553
4.0363
4.0399
4.1372
4.2418
4.2939
4.308
4.3351
4.4156
4.578
4.8161
4.9789
4.9777
4.9073
4.948
5.3181
5.9242
6.2857
6.2915
6.1442
5.9693
5.8145
5.6967
5.6186
5.5744
5.5544
5.5486
5.5492
5.5512
5.5529
5.5553
5.5595
5.5654
5.5723
5.5798
5.5875
5.5953
5.6027
5.6099
5.617
5.6241
5.6314
5.639
5.6473
5.6563
5.6667
5.6789
5.6941
5.7141
5.7428
5.7891
5.8414
5.8691
5.8744
5.8727
5.8734
5.8778
5.8837
5.8892
5.8939
5.8981
5.902
5.9059
5.9097
5.9134
5.9169
5.9204
5.9238
5.9271
5.9305
5.9338
5.9372
5.9406
5.9442
5.9479
5.9517
5.956
5.9608
5.9662
5.9722
5.9788
5.9861
5.9944
6.004
6.0155
6.03
6.0496
6.0784
6.121
6.1553
