14.781
12.07
8.1595
5.999
4.6974
3.9571
3.6789
3.8426
4.2442
4.4465
4.3461
4.153
4.0334
4.0497
4.1878
4.3867
4.6091
4.9293
5.4043
5.8731
6.0633
6.0084
5.8834
5.8129
5.8122
5.796
5.739
5.6663
5.595
5.5411
5.5105
5.4977
5.4929
5.489
5.4838
5.478
5.4732
5.4704
5.4697
5.4705
5.4721
5.4726
5.4706
5.4678
5.4656
5.4648
5.4649
5.4654
5.4658
5.466
5.4661
5.4662
5.4663
5.4663
5.4664
5.4664
5.4663
5.4663
5.4663
5.4662
5.4661
5.466
5.4659
5.4658
5.4656
5.4654
5.4652
5.4651
5.4649
5.4647
5.4646
5.4644
5.4642
5.464
5.4639
5.4637
5.4635
5.4633
5.4632
5.463
5.4628
5.4627
5.4625
5.4625
5.4625
5.4628
5.4637
5.4654
5.4659
5.4619
5.455
5.4493
5.4462
5.4453
5.4451
5.445
5.4447
5.4444
5.4442
5.4441
5.444
