8.8148
1.6068
2.0032
2.6072
3.2867
3.9583
4.4793
4.6376
4.3704
4.0516
3.9959
4.1399
4.3275
4.4474
4.4639
4.4314
4.4378
4.525
4.6871
4.9263
5.3362
6.3954
7.2914
7.6149
7.2376
6.8043
6.6255
6.638
6.7148
6.7631
6.7692
6.7674
6.7725
6.7805
6.7833
6.7788
6.7709
6.7646
6.7622
6.7629
6.7646
6.7661
6.767
6.7676
6.7683
6.7689
6.7697
6.7705
6.7715
6.7726
6.7738
6.7753
6.7766
6.7766
6.7744
6.7697
6.7616
6.7439
6.7219
6.7011
6.6828
6.6665
6.6519
6.6389
6.6274
6.6175
6.6092
6.6024
6.5969
6.5925
6.5889
6.586
6.5837
6.5817
6.5802
6.5789
6.5778
6.577
6.5762
6.5756
6.5751
6.5747
6.5744
6.5741
6.5738
6.5736
6.5734
6.5733
6.5732
6.5731
6.573
6.5729
6.5727
6.5723
6.572
6.5718
6.5716
6.5716
6.5715
6.5714
6.5713
