12.129
11.629
8.1207
5.9983
4.6745
3.8905
3.5465
3.6421
4.0553
4.3485
4.3084
4.1239
3.9839
3.9586
4.0227
4.095
4.117
4.1003
4.0949
4.1486
4.3344
4.8365
5.4035
5.6651
5.639
5.5244
5.4523
5.4455
5.4663
5.4862
5.5209
5.6208
5.757
5.8504
5.8617
5.8247
5.788
5.7734
5.7779
5.7891
5.7979
5.804
5.8093
5.8124
5.814
5.8154
5.8172
5.8193
5.8213
5.8229
5.824
5.8247
5.8253
5.8257
5.8259
5.8257
5.8247
5.823
5.8204
5.8177
5.8158
5.815
5.8145
5.8112
5.8059
5.8017
5.8004
5.8013
5.8029
5.8045
5.8058
5.807
5.8084
5.81
5.8118
5.8137
5.8156
5.8178
5.8202
5.823
5.8263
5.8304
5.8356
5.8428
5.8534
5.8651
5.8736
5.8799
5.8861
5.8903
5.8919
5.8925
5.8935
5.8952
5.8972
5.8993
5.9015
5.904
5.9075
5.9127
5.9168
