3.4825
1.4485
1.9165
2.5317
3.2073
3.8577
4.3289
4.4043
4.0641
3.7232
3.6612
3.785
3.9323
3.9968
3.9558
3.8654
3.7785
3.6845
3.6312
3.6581
3.7267
3.7866
3.8169
3.8253
3.83
3.8422
3.8657
3.908
4.0059
4.3064
4.3792
3.946
3.5863
3.4694
3.493
3.5635
3.6216
3.6487
3.6555
3.6601
3.6739
3.6823
3.6813
3.6813
3.6829
3.6838
3.6826
3.6785
3.6713
3.6579
3.6367
3.6232
3.6209
3.6231
3.6244
3.6236
3.6219
3.6204
3.6195
3.619
3.6184
3.6176
3.6168
3.6161
3.6155
3.615
3.6147
3.6145
3.6144
3.6143
3.6142
3.6141
3.6141
3.6141
3.614
3.614
3.614
3.614
3.6141
3.6141
3.6141
3.6142
3.6142
3.6143
3.6144
3.6145
3.6148
3.6152
3.6155
3.6153
3.6149
3.6145
3.614
3.6136
3.6132
3.6129
3.6127
3.6126
3.6125
3.6124
3.6123
