12.147
1.3299
1.8299
2.4471
3.1197
3.7636
4.2277
4.3118
4.0131
3.7108
3.6506
3.7479
3.8507
3.8306
3.6344
3.4095
3.299
3.3059
3.3583
3.3948
3.3923
3.3611
3.3074
3.1856
3.0589
3.0217
3.0539
3.0914
3.0984
3.0881
3.0865
3.0994
3.118
3.1316
3.136
3.1343
3.1313
3.1303
3.1313
3.1331
3.1344
3.135
3.1348
3.1343
3.1337
3.1331
3.1325
3.1318
3.131
3.1301
3.129
3.1278
3.1264
3.1248
3.1232
3.1221
3.1212
3.1201
3.1203
3.1226
3.1257
3.1287
3.1319
3.1347
3.137
3.1386
3.1397
3.1405
3.1412
3.1417
3.1421
3.1425
3.1427
3.1428
3.1429
3.143
3.1431
3.1432
3.1432
3.1432
3.1433
3.1433
3.1433
3.1433
3.1433
3.1433
3.1432
3.1432
3.1432
3.1431
3.143
3.1429
3.1427
3.1426
3.1426
3.1426
3.1426
3.1427
3.1427
3.1427
3.1427
