1.8553
1.407
1.8548
2.4446
3.1089
3.7678
4.2806
4.4439
4.1973
3.8868
3.8179
3.9384
4.095
4.1765
4.1511
4.0746
4.026
4.0289
4.0546
4.083
4.0052
3.7474
3.494
3.3841
3.4179
3.5165
3.5705
3.4995
3.4128
3.3984
3.4179
3.4584
3.5046
3.5476
3.5829
3.6099
3.6302
3.6458
3.6585
3.6698
3.6805
3.6908
3.6999
3.7075
3.7138
3.719
3.7233
3.7269
3.73
3.7327
3.7351
3.7373
3.7391
3.7407
3.742
3.743
3.7437
3.744
3.7439
3.7433
3.7419
3.739
3.7331
3.7302
3.7345
3.7426
3.7502
3.7556
3.7594
3.7625
3.7654
3.7684
3.7712
3.7738
3.7761
3.7782
3.7801
3.7819
3.7836
3.7851
3.7866
3.7879
3.7891
3.7903
3.7914
3.7924
3.7933
3.7941
3.7949
3.7955
3.7959
3.7964
3.7968
3.7973
3.7977
3.7982
3.7986
3.7989
3.7989
3.7981
3.7969
