5.2592
9.7628
7.4081
5.6161
4.466
3.8135
3.6187
3.9147
4.5115
4.9522
5.1939
5.3404
5.3964
5.3834
5.3526
5.3543
5.4188
5.5857
5.8294
6.0679
6.1657
6.122
6.0241
5.9254
5.8403
5.7587
5.6684
5.5734
5.4909
5.4387
5.4225
5.4331
5.4546
5.477
5.4988
5.5251
5.5651
5.6011
5.6093
5.5973
5.5816
5.5716
5.5677
5.5669
5.5663
5.5652
5.5637
5.5622
5.5611
5.5603
5.5599
5.5598
5.5597
5.5595
5.5593
5.5592
5.559
5.5589
5.5588
5.5588
5.5587
5.5586
5.5586
5.5586
5.5586
5.5586
5.5587
5.5587
5.5587
5.5588
5.5588
5.5588
5.5588
5.5589
5.5589
5.5589
5.5589
5.5589
5.5589
5.5589
5.5589
5.5589
5.5589
5.5589
5.5589
5.5589
5.5589
5.5589
5.5589
5.559
5.559
5.5589
5.5588
5.5587
5.5586
5.5586
5.5586
5.5586
5.5586
5.5586
5.5586
