6.6809
1.3626
1.8859
2.5249
3.2138
3.879
4.3779
4.5035
4.2145
3.882
3.8031
3.9234
4.127
4.2357
4.0795
3.7655
3.5498
3.5052
3.5519
3.6033
3.6195
3.6029
3.5681
3.5238
3.5103
3.5557
3.6362
3.7141
3.7513
3.7466
3.7419
3.7483
3.759
3.7649
3.7633
3.7577
3.7535
3.7525
3.7538
3.7555
3.7562
3.756
3.7553
3.7544
3.7536
3.7529
3.7522
3.7513
3.7502
3.749
3.7475
3.7457
3.7436
3.7406
3.7379
3.7373
3.7386
3.7413
3.7456
3.7517
3.7587
3.7656
3.7724
3.7787
3.7841
3.7885
3.7921
3.7951
3.7976
3.7997
3.8014
3.8028
3.804
3.8049
3.8056
3.8062
3.8067
3.8071
3.8075
3.8077
3.808
3.8082
3.8083
3.8084
3.8085
3.8086
3.8086
3.8086
3.8086
3.8085
3.8084
3.8083
3.8082
3.808
3.808
3.808
3.8081
3.8082
3.8082
3.8083
3.8083
