3.9198
1.7153
2.0616
2.6577
3.3335
3.9991
4.5021
4.6166
4.2901
3.9349
3.8625
3.9913
4.1631
4.2759
4.3069
4.3185
4.4569
4.72
4.8903
4.6385
4.3331
4.2076
4.2076
4.2381
4.2477
4.2593
4.3026
4.3633
4.414
4.4419
4.4478
4.4407
4.4298
4.4209
4.4159
4.4142
4.4145
4.4149
4.4146
4.4132
4.4071
4.3982
4.3928
4.3911
4.3912
4.3914
4.3912
4.3906
4.39
4.3896
4.3892
4.3889
4.3886
4.3883
4.388
4.3877
4.3874
4.3871
4.3868
4.3864
4.3861
4.3856
4.3852
4.3847
4.3842
4.3837
4.3833
4.3828
4.3823
4.3818
4.3813
4.3808
4.3802
4.3797
4.3791
4.3784
4.3777
4.377
4.3761
4.3752
4.3741
4.3728
4.3712
4.3694
4.367
4.364
4.3597
4.353
4.3439
4.3372
4.3353
4.3358
4.3362
4.3356
4.3346
4.3337
4.3332
4.3329
4.3327
4.3326
4.3324
