7.2186
1.4908
1.9367
2.5425
3.2137
3.8585
4.3181
4.3776
4.04
3.7278
3.6914
3.8283
3.9815
4.0485
4.01
3.9363
3.9126
3.9554
4.0235
4.0683
4.0641
4.0115
3.8788
3.6422
3.449
3.3787
3.3943
3.4375
3.4659
3.4756
3.4893
3.5132
3.5353
3.5445
3.5388
3.5279
3.5219
3.5228
3.5266
3.5296
3.5302
3.5292
3.5279
3.527
3.5266
3.5264
3.5262
3.5258
3.5254
3.525
3.5246
3.5243
3.5239
3.5235
3.5231
3.5229
3.5229
3.5229
3.5227
3.5223
3.5218
3.5212
3.5206
3.52
3.5194
3.519
3.5186
3.5183
3.5181
3.5179
3.5177
3.5176
3.5175
3.5174
3.5174
3.5173
3.5173
3.5173
3.5173
3.5173
3.5173
3.5173
3.5173
3.5173
3.5174
3.5175
3.5176
3.5177
3.5179
3.5183
3.5187
3.519
3.519
3.5187
3.5183
3.5181
3.518
3.518
3.518
3.518
3.5179
