8.7313
1.3943
1.8941
2.5194
3.2013
3.8631
4.3612
4.4922
4.2231
3.9285
3.8898
4.0355
4.214
4.3191
4.3216
4.2873
4.3085
4.4211
4.613
4.882
5.3162
6.4048
7.3708
7.6162
7.2152
6.7914
6.6319
6.6438
6.6918
6.7165
6.7176
6.722
6.738
6.7569
6.768
6.7689
6.7646
6.7608
6.7605
6.763
6.7666
6.7695
6.7715
6.7727
6.7737
6.7746
6.7756
6.7766
6.7777
6.779
6.7803
6.7818
6.7835
6.7849
6.7859
6.7867
6.7866
6.7797
6.7712
6.7653
6.7622
6.7605
6.7594
6.7586
6.7578
6.757
6.7563
6.7558
6.7556
6.7555
6.7554
6.7555
6.7555
6.7555
6.7555
6.7555
6.7556
6.7556
6.7556
6.7557
6.7557
6.7557
6.7557
6.7557
6.7557
6.7557
6.7557
6.7557
6.7556
6.7556
6.7556
6.7555
6.7553
6.7551
6.7549
6.7547
6.7546
6.7546
6.7546
6.7545
6.7545
