12.58
11.743
8.1212
5.9654
4.675
3.9553
3.7136
3.9457
4.4457
4.759
4.8134
4.793
4.7891
4.8236
4.8924
4.9822
5.0968
5.3063
5.623
5.9079
6.0366
6.0243
5.984
6.0023
6.0728
6.1096
6.0826
6.0235
5.9636
5.9255
5.912
5.9122
5.9146
5.9144
5.9115
5.9075
5.9037
5.9007
5.8988
5.8982
5.8988
5.8991
5.8978
5.8957
5.8939
5.8928
5.8923
5.8921
5.8922
5.8923
5.8924
5.8926
5.8928
5.8929
5.893
5.8932
5.8933
5.8936
5.8939
5.8943
5.8948
5.8952
5.8957
5.8962
5.8965
5.8968
5.8971
5.8974
5.8975
5.8977
5.8978
5.8979
5.898
5.898
5.8981
5.8981
5.8981
5.8981
5.8981
5.8982
5.8982
5.8982
5.8982
5.8982
5.8982
5.8982
5.8982
5.8982
5.8982
5.8981
5.8981
5.8983
5.8987
5.8991
5.8994
5.8996
5.8996
5.8996
5.8996
5.8997
5.8997
