11.42
1.5913
2.0584
2.6931
3.3868
4.0582
4.5501
4.617
4.2113
3.8126
3.7366
3.8637
4.0163
4.0838
4.0454
3.9649
3.9179
3.9236
3.9556
3.9803
3.9783
3.949
3.9054
3.8587
3.8207
3.8196
3.8577
3.8878
3.8435
3.6807
3.4465
3.3211
3.3202
3.3758
3.4309
3.4598
3.4632
3.4541
3.4444
3.4392
3.4375
3.4364
3.4344
3.4311
3.4272
3.4236
3.4203
3.4174
3.4147
3.412
3.409
3.4071
3.4066
3.406
3.4017
3.3967
3.3938
3.3928
3.3936
3.3957
3.3981
3.3997
3.4007
3.401
3.4005
3.3996
3.3983
3.397
3.3957
3.3946
3.3936
3.3926
3.3918
3.391
3.3903
3.3897
3.3892
3.3887
3.3883
3.388
3.3876
3.3874
3.3871
3.3869
3.3867
3.3865
3.3863
3.3863
3.386
3.3854
3.3847
3.384
3.3834
3.3831
3.3829
3.3828
3.3827
3.3825
3.3824
3.3823
3.3822
