13.33
1.4753
1.9376
2.5684
3.253
3.9027
4.3577
4.3956
4.0149
3.654
3.5831
3.7015
3.8476
3.9182
3.8947
3.8451
3.7399
3.4677
3.2668
3.253
3.3361
3.4182
3.4573
3.4607
3.4532
3.4506
3.4546
3.4607
3.4672
3.4748
3.4811
3.4832
3.4873
3.4953
3.5005
3.4978
3.4891
3.4805
3.4769
3.4792
3.4849
3.4914
3.497
3.5017
3.506
3.5103
3.5145
3.5184
3.522
3.5251
3.5296
3.5358
3.5419
3.5463
3.5485
3.5493
3.5497
3.5503
3.551
3.5518
3.5524
3.5528
3.5532
3.5535
3.5537
3.5539
3.554
3.5541
3.5541
3.5542
3.5542
3.5542
3.5542
3.5542
3.5542
3.5543
3.5543
3.5543
3.5543
3.5543
3.5543
3.5542
3.5542
3.5542
3.5542
3.5542
3.5541
3.5541
3.5539
3.5536
3.5533
3.5531
3.5531
3.5533
3.5536
3.5538
3.5539
3.5539
3.554
3.554
3.554
