11.927
1.386
1.8701
2.4927
3.1644
3.7938
4.2205
4.2456
3.9094
3.6091
3.5093
3.4855
3.5067
3.5739
3.6727
3.7855
3.9409
4.0771
4.0958
3.8815
3.6316
3.5389
3.528
3.5281
3.5126
3.4829
3.4622
3.4727
3.5158
3.5733
3.6239
3.6565
3.6739
3.6854
3.7015
3.7337
3.7539
3.7135
3.6809
3.6764
3.6886
3.7029
3.7123
3.7169
3.7191
3.7209
3.7227
3.7245
3.726
3.7271
3.7279
3.7284
3.7288
3.7292
3.7296
3.7299
3.7301
3.7303
3.7305
3.7306
3.7307
3.7308
3.7308
3.7309
3.7309
3.7309
3.7309
3.7309
3.7309
3.7309
3.7309
3.7309
3.7309
3.7309
3.7309
3.7309
3.7309
3.7309
3.7309
3.7309
3.7309
3.731
3.731
3.731
3.731
3.731
3.731
3.731
3.731
3.731
3.731
3.7311
3.7311
3.7312
3.7312
3.7312
3.7312
3.7312
3.7312
3.7312
3.7311
