12.116
11.622
7.9236
5.8508
4.606
3.9121
3.6882
3.9257
4.3926
4.6384
4.6233
4.5537
4.5246
4.5392
4.5731
4.5992
4.6029
4.5897
4.5722
4.5462
4.5008
4.441
4.4165
4.6273
5.1226
5.578
5.7121
5.6006
5.4263
5.296
5.2213
5.1802
5.1558
5.1431
5.1397
5.1413
5.1425
5.1404
5.1348
5.1277
5.1209
5.1153
5.1105
5.1061
5.102
5.0982
5.0948
5.0917
5.0891
5.0867
5.0848
5.0832
5.0816
5.0801
5.0785
5.0768
5.0752
5.0739
5.0732
5.0731
5.0736
5.0746
5.076
5.0776
5.0793
5.0811
5.083
5.0848
5.0866
5.0883
5.09
5.0915
5.0929
5.0941
5.0953
5.0963
5.0972
5.098
5.0988
5.0994
5.1
5.1006
5.1011
5.1016
5.1021
5.1025
5.1031
5.1037
5.1044
5.1052
5.106
5.1065
5.1068
5.107
5.1071
5.1072
5.1072
5.1073
5.1074
5.1075
5.1076
