4.352
1.3687
1.8725
2.5023
3.1844
3.838
4.312
4.3953
4.0762
3.7624
3.7184
3.8503
4.0003
4.0649
4.0262
3.9497
3.9109
3.9254
3.9587
3.9695
3.9395
3.874
3.7601
3.5954
3.4744
3.445
3.4762
3.5046
3.464
3.3885
3.3567
3.3754
3.4104
3.4342
3.4391
3.4344
3.4318
3.4351
3.4411
3.4461
3.4484
3.4487
3.4485
3.4484
3.4486
3.449
3.4492
3.4492
3.4492
3.4491
3.4491
3.4492
3.4492
3.4493
3.4494
3.4495
3.4496
3.4497
3.4497
3.4497
3.4496
3.4496
3.4496
3.4497
3.4498
3.45
3.4503
3.4505
3.4507
3.4509
3.4511
3.4513
3.4514
3.4515
3.4517
3.4518
3.4519
3.452
3.4521
3.4521
3.4522
3.4523
3.4524
3.4525
3.4527
3.4528
3.453
3.4533
3.4537
3.4543
3.455
3.4556
3.4557
3.4554
3.4551
3.4549
3.4549
3.455
3.4551
3.4552
3.4552
