8.9359
1.3313
1.8306
2.4588
3.1373
3.7805
4.234
4.2911
3.9568
3.6402
3.5954
3.726
3.8747
3.9396
3.9019
3.8192
3.7472
3.6831
3.6624
3.717
3.8104
3.8941
3.9464
3.9746
3.9971
4.0275
4.0728
4.1472
4.3125
4.8049
4.8854
4.3274
3.9196
3.7825
3.8081
3.8951
3.9741
4.0196
4.0404
4.0563
4.0817
4.0867
4.0797
4.0762
4.0764
4.0776
4.0779
4.077
4.0747
4.0702
4.0619
4.0589
4.0638
4.0709
4.0753
4.0766
4.0764
4.0761
4.0762
4.0764
4.0765
4.0764
4.0762
4.0761
4.0761
4.0761
4.0763
4.0764
4.0765
4.0767
4.0768
4.0768
4.0769
4.0769
4.0769
4.0769
4.077
4.077
4.077
4.077
4.0771
4.0771
4.0771
4.0771
4.0772
4.0772
4.0774
4.0777
4.0779
4.0777
4.0774
4.077
4.0767
4.0764
4.0762
4.076
4.0759
4.0759
4.0759
4.0758
4.0758
