3.8029
1.8297
2.1458
2.7417
3.4262
4.1162
4.6716
4.8637
4.5707
4.1692
4.0527
4.1711
4.3527
4.4768
4.5028
4.4783
4.4871
4.5744
4.7437
5.0243
5.6465
6.8853
7.2585
6.9271
6.3788
6.0773
6.0432
6.1294
6.2121
6.2429
6.2403
6.2348
6.2359
6.2383
6.2371
6.2333
6.2305
6.2305
6.232
6.2329
6.2319
6.2296
6.2276
6.2266
6.2264
6.2265
6.2263
6.2259
6.2255
6.2251
6.2248
6.2246
6.2244
6.2241
6.2239
6.2238
6.2237
6.2235
6.2234
6.2232
6.2229
6.2225
6.2219
6.2212
6.2205
6.2198
6.2192
6.2186
6.2181
6.2175
6.217
6.2164
6.2159
6.2153
6.2147
6.214
6.2134
6.2126
6.2119
6.211
6.21
6.2088
6.2075
6.2059
6.204
6.2015
6.1982
6.1932
6.1864
6.1807
6.1783
6.1783
6.1786
6.1781
6.1771
6.1761
6.1754
6.175
6.1748
6.1746
6.1745
