3.11
1.4159
1.9325
2.5782
3.274
3.942
4.4313
4.5124
4.1402
3.7531
3.6647
3.7741
3.9081
3.9584
3.9069
3.8168
3.7583
3.7471
3.7545
3.7482
3.7158
3.6602
3.5287
3.3285
3.1693
3.1221
3.1628
3.195
3.1141
3.0017
2.9529
2.9643
2.9943
3.0144
3.0186
3.0147
3.011
3.0105
3.012
3.0132
3.0134
3.0129
3.0124
3.0123
3.0123
3.0124
3.0123
3.0121
3.0119
3.0118
3.0116
3.0115
3.0114
3.0112
3.0111
3.0109
3.0108
3.0106
3.0104
3.0102
3.01
3.0098
3.0096
3.0095
3.0093
3.0092
3.009
3.0088
3.0086
3.0083
3.0081
3.0077
3.0074
3.007
3.0066
3.0062
3.0056
3.0051
3.0045
3.0037
3.0029
3.0019
3.0008
2.9994
2.9976
2.9952
2.992
2.9861
2.979
2.9749
2.9745
2.9756
2.9762
2.9759
2.9753
2.9748
2.9745
2.9744
2.9743
2.9742
2.9741
