4.9128
1.5327
1.9975
2.6339
3.3261
3.9903
4.4746
4.564
4.2475
3.9592
3.8305
3.7069
3.5772
3.4883
3.4475
3.4354
3.4349
3.4372
3.4342
3.4301
3.4394
3.4709
3.5108
3.5081
3.4244
3.3234
3.2755
3.2815
3.3146
3.348
3.3669
3.3714
3.3691
3.3658
3.3637
3.3628
3.3628
3.3637
3.3654
3.3677
3.3697
3.3708
3.371
3.3707
3.3706
3.3706
3.3708
3.371
3.3712
3.3714
3.3714
3.3713
3.3712
3.3711
3.371
3.371
3.3709
3.3709
3.3707
3.3705
3.3703
3.37
3.3698
3.3696
3.3694
3.3693
3.3693
3.3692
3.3692
3.3691
3.3691
3.3692
3.3692
3.3692
3.3693
3.3693
3.3694
3.3694
3.3695
3.3695
3.3695
3.3696
3.3696
3.3696
3.3696
3.3696
3.3696
3.3696
3.3696
3.3695
3.3694
3.3693
3.3693
3.3693
3.3693
3.3694
3.3694
3.3695
3.3695
3.3695
3.3695
