2.2123
1.5259
2.0437
2.6878
3.3861
4.0612
4.5577
4.6252
4.2018
3.7726
3.6699
3.7716
3.8933
3.9072
3.7679
3.5784
3.4859
3.4993
3.5487
3.5712
3.5107
3.3301
3.1636
3.0819
3.0339
3.0027
2.9872
2.9904
3.0041
3.0184
3.0287
3.0356
3.0385
3.0357
3.0256
3.0163
3.014
3.0172
3.022
3.0253
3.0267
3.0268
3.0266
3.0264
3.0265
3.0265
3.0265
3.0263
3.026
3.0256
3.0251
3.0246
3.0239
3.0229
3.022
3.0219
3.0222
3.0227
3.0231
3.0235
3.0238
3.024
3.0241
3.0241
3.0241
3.024
3.0238
3.0236
3.0235
3.0234
3.0235
3.0236
3.0237
3.0237
3.0237
3.0238
3.0238
3.0238
3.0238
3.0239
3.0239
3.0239
3.0239
3.024
3.024
3.024
3.024
3.024
3.024
3.024
3.0241
3.0241
3.0241
3.0242
3.0242
3.0242
3.0243
3.0243
3.0243
3.0243
3.0243
