9.2417
12.395
8.69
6.3664
4.9456
4.1295
3.7904
3.879
4.2007
4.3672
4.2671
4.0804
3.962
3.9635
4.0466
4.1225
4.1314
4.0779
3.9948
3.9137
3.8501
3.7978
3.7409
3.6741
3.5925
3.4517
3.4693
4.3718
5.3284
5.5632
5.235
4.7371
4.2614
3.8756
3.5894
3.3867
3.2419
3.1307
3.0367
2.9527
2.8774
2.8109
2.7527
2.701
2.6541
2.6106
2.5701
2.5319
2.4955
2.4605
2.4271
2.3952
2.3649
2.336
2.3079
2.2799
2.2516
2.2231
2.1949
2.1675
2.1407
2.1141
2.0873
2.06
2.0321
2.0035
1.9739
1.9432
1.9111
1.8773
1.8412
1.8024
1.7602
1.7137
1.6618
1.603
1.5352
1.4553
1.3587
1.2383
1.0816
0.86617
0.54444
0
0
0
0
0
0
0
0
0
0
0
0
0
0
0
0
0
0
