5.8754
9.9555
7.2492
5.4375
4.2929
3.6172
3.3556
3.5601
4.1157
4.4996
4.507
4.3895
4.3823
4.6274
5.0931
5.4993
5.6442
5.6217
5.5901
5.6404
5.8025
5.998
6.0858
6.0771
6.0399
5.9967
5.9505
5.9046
5.8676
5.8413
5.8217
5.808
5.8036
5.8095
5.8198
5.8222
5.8144
5.8025
5.7929
5.7878
5.7864
5.7866
5.7873
5.7879
5.7886
5.7896
5.7911
5.7931
5.7956
5.7986
5.8022
5.8064
5.8114
5.8167
5.8196
5.8198
5.8186
5.8169
5.8151
5.8132
5.8116
5.8103
5.8094
5.8088
5.8085
5.8085
5.8086
5.8086
5.8084
5.8081
5.8077
5.8075
5.8074
5.8073
5.8072
5.8072
5.8071
5.8071
5.807
5.807
5.807
5.8069
5.8069
5.8069
5.8068
5.8068
5.8068
5.8067
5.8067
5.8067
5.8067
5.8066
5.8065
5.8064
5.8063
5.8062
5.8061
5.8061
5.806
5.806
5.806
