5.8516
1.4035
1.9295
2.5723
3.2624
3.9205
4.3913
4.4476
4.0707
3.7035
3.6297
3.7447
3.8814
3.9335
3.8813
3.7842
3.6738
3.4956
3.3548
3.3208
3.345
3.3677
3.3664
3.3494
3.3316
3.3194
3.3099
3.2979
3.2804
3.2585
3.2063
3.1022
3.0415
3.054
3.0908
3.1181
3.1234
3.1112
3.0935
3.0795
3.0716
3.0674
3.0641
3.0621
3.0613
3.061
3.0606
3.0601
3.0582
3.0487
3.0305
3.02
3.0185
3.0206
3.0223
3.0229
3.023
3.0231
3.0233
3.0234
3.0233
3.0228
3.0221
3.0214
3.0207
3.0201
3.0197
3.0193
3.019
3.0188
3.0186
3.0185
3.0183
3.0182
3.0182
3.0181
3.018
3.018
3.018
3.0179
3.0179
3.0179
3.0179
3.0178
3.0178
3.0179
3.0179
3.018
3.0179
3.0175
3.017
3.0166
3.0163
3.0162
3.0161
3.0161
3.0161
3.0161
3.0161
3.016
3.016
