6.5168
11.571
8.3419
6.1713
4.8294
4.0675
3.783
3.9409
4.3217
4.5007
4.3884
4.1919
4.0735
4.0881
4.1887
4.2584
4.2316
4.1416
4.0552
4.0175
4.0432
4.1449
4.4897
5.1512
5.7026
5.8705
5.7914
5.6744
5.6062
5.5778
5.5581
5.5354
5.5178
5.5134
5.5206
5.5312
5.5382
5.54
5.5388
5.5377
5.5383
5.5406
5.5436
5.5467
5.5496
5.5524
5.555
5.5575
5.56
5.5625
5.5651
5.5677
5.5704
5.5733
5.576
5.5782
5.5802
5.5806
5.5766
5.5688
5.5598
5.5514
5.544
5.5379
5.5329
5.5288
5.5253
5.5222
5.5194
5.517
5.515
5.5134
5.5119
5.5108
5.5097
5.5089
5.5081
5.5075
5.507
5.5066
5.5062
5.5059
5.5057
5.5055
5.5054
5.5053
5.5053
5.5053
5.5054
5.5056
5.5058
5.5062
5.5068
5.5073
5.5076
5.5078
5.5079
5.5079
5.508
5.5081
5.5082
