7.4622
1.6969
2.128
2.7552
3.4579
4.1723
4.7793
5.0755
4.917
4.5942
4.5387
4.8523
5.6895
6.6591
7.0061
6.6542
6.2359
6.007
5.9891
6.0672
6.1359
6.1133
6.0656
6.0585
6.0985
6.1633
6.2269
6.2682
6.2767
6.2556
6.2353
6.23
6.2345
6.2386
6.2367
6.2303
6.2246
6.2222
6.2225
6.2237
6.2247
6.2252
6.2253
6.2254
6.2258
6.2267
6.2279
6.2291
6.2304
6.2319
6.2335
6.235
6.2364
6.2327
6.2258
6.219
6.2131
6.2072
6.2017
6.1974
6.1944
6.1925
6.1914
6.1911
6.1912
6.1912
6.1911
6.1909
6.1908
6.1909
6.1911
6.1913
6.1915
6.1916
6.1917
6.1917
6.1918
6.1918
6.1918
6.1919
6.1919
6.1919
6.1919
6.1919
6.1919
6.1919
6.192
6.192
6.192
6.1919
6.1918
6.1916
6.1914
6.1913
6.1911
6.1911
6.191
6.191
6.191
6.1909
6.1909
