15.373
10.591
7.7703
5.8519
4.6038
3.8572
3.5353
3.631
3.9978
4.2306
4.1731
4.0072
3.9014
3.9182
4.0272
4.1411
4.1943
4.1891
4.1632
4.1536
4.1715
4.2007
4.2222
4.247
4.3068
4.452
4.8174
5.4409
6.0153
6.3055
6.2902
6.1092
5.8825
5.6761
5.5221
5.4239
5.3661
5.3298
5.3032
5.2825
5.2677
5.2587
5.254
5.2518
5.2506
5.2498
5.2494
5.249
5.2483
5.2479
5.2478
5.2484
5.2493
5.2504
5.2514
5.2515
5.2509
5.2505
5.251
5.2524
5.2543
5.2562
5.258
5.2597
5.2615
5.2634
5.2655
5.2678
5.2702
5.2728
5.2755
5.2785
5.2817
5.2852
5.2891
5.2935
5.2985
5.3043
5.3113
5.3198
5.3306
5.3449
5.3649
5.3957
5.4465
5.4943
5.5179
5.523
5.5216
5.5205
5.521
5.5223
5.5232
5.5237
5.5237
5.5237
5.5237
5.5237
5.5237
5.5237
5.5237
