12.607
1.5627
2.0084
2.6429
3.3364
4.0075
4.5035
4.5889
4.2152
3.8335
3.7599
3.8901
4.051
4.1309
4.1042
4.0313
3.989
3.9996
4.0395
4.0772
4.0894
4.0702
4.0317
3.9927
3.9654
3.9545
3.9516
3.8756
3.6471
3.3976
3.2348
3.1881
3.2307
3.3125
3.3836
3.4191
3.4214
3.4059
3.3886
3.3778
3.3736
3.3726
3.3717
3.3698
3.3671
3.3637
3.36
3.3556
3.3502
3.3412
3.3247
3.3127
3.3086
3.3086
3.3089
3.3085
3.3078
3.3067
3.3076
3.3116
3.3172
3.3231
3.3292
3.3349
3.3397
3.3433
3.3461
3.3484
3.3503
3.3521
3.3536
3.355
3.3562
3.3572
3.3581
3.359
3.3597
3.3604
3.361
3.3616
3.3621
3.3626
3.3631
3.3635
3.364
3.3646
3.3653
3.3661
3.3669
3.3674
3.3676
3.3678
3.368
3.3683
3.3685
3.3687
3.3689
3.3691
3.3693
3.3694
3.3696
