11.433
1.9697
2.2797
2.887
3.592
4.3329
5.0174
5.5262
5.9283
6.8054
7.103
7.0302
6.7962
6.5973
6.4992
6.4701
6.4654
6.4614
6.4448
6.4158
6.396
6.413
6.4632
6.5073
6.5053
6.4626
6.4137
6.3785
6.3734
6.3953
6.422
6.4367
6.4383
6.434
6.4302
6.4287
6.4288
6.4288
6.4291
6.4315
6.4353
6.4384
6.4394
6.439
6.4381
6.4374
6.4372
6.4372
6.4373
6.4374
6.4374
6.4373
6.4371
6.4369
6.4367
6.4366
6.4365
6.4364
6.4362
6.436
6.4359
6.4357
6.4356
6.4355
6.4355
6.4355
6.4355
6.4356
6.4356
6.4357
6.4358
6.4359
6.436
6.4361
6.4362
6.4363
6.4364
6.4364
6.4365
6.4366
6.4366
6.4367
6.4367
6.4368
6.4368
6.4368
6.4368
6.4368
6.4368
6.4367
6.4366
6.4366
6.4365
6.4366
6.4366
6.4367
6.4367
6.4368
6.4368
6.4368
6.4368
