5.6944
1.776
2.1767
2.82
3.5338
4.2544
4.8662
5.1887
5.1814
5.3365
5.3928
5.2085
4.9639
4.7908
4.7233
4.7089
4.6999
4.674
4.6189
4.5372
4.4597
4.4331
4.4566
4.5007
4.5401
4.5695
4.6002
4.6385
4.6829
4.7243
4.7501
4.7556
4.7487
4.7399
4.7345
4.732
4.7292
4.7226
4.718
4.7201
4.7259
4.7307
4.7322
4.7313
4.7295
4.7281
4.7272
4.7268
4.7267
4.7267
4.7265
4.7262
4.7258
4.7255
4.7252
4.725
4.7248
4.7247
4.7246
4.7245
4.7245
4.7245
4.7245
4.7246
4.7246
4.7247
4.7248
4.7248
4.7248
4.7248
4.7248
4.7248
4.7248
4.7247
4.7247
4.7246
4.7246
4.7245
4.7244
4.7244
4.7243
4.7242
4.7242
4.7241
4.724
4.724
4.7239
4.7238
4.7237
4.7236
4.7234
4.7233
4.7233
4.7233
4.7233
4.7234
4.7234
4.7234
4.7234
4.7234
4.7234
