3.5552
1.6042
2.0915
2.7397
3.4485
4.1585
4.7536
5.059
5.0455
5.2037
5.2963
5.0513
4.7632
4.5828
4.5151
4.4979
4.4809
4.4386
4.3495
4.2241
4.1122
4.0651
4.0653
4.0736
4.0683
4.0506
4.0288
4.0136
4.0239
4.0557
4.0879
4.1058
4.1096
4.107
4.1038
4.1015
4.0977
4.0891
4.0844
4.0882
4.0964
4.1037
4.1078
4.1094
4.11
4.1107
4.1115
4.1125
4.1134
4.1141
4.1145
4.1148
4.115
4.1152
4.1154
4.1156
4.1158
4.1159
4.1161
4.1162
4.1164
4.1165
4.1167
4.1168
4.117
4.1171
4.1172
4.1173
4.1174
4.1175
4.1175
4.1176
4.1176
4.1176
4.1176
4.1176
4.1176
4.1176
4.1175
4.1175
4.1175
4.1174
4.1174
4.1174
4.1173
4.1173
4.1172
4.1172
4.1172
4.1171
4.1171
4.1171
4.1172
4.1172
4.1173
4.1174
4.1175
4.1175
4.1175
4.1176
4.1176
