11.324
1.4377
1.9347
2.5526
3.2353
3.9123
4.4458
4.6167
4.3283
3.9474
3.8326
3.9299
4.071
4.1394
4.1052
4.0283
3.987
4
4.0329
4.0426
4.0059
3.9097
3.7762
3.6925
3.6867
3.721
3.7457
3.6953
3.5524
3.4121
3.3387
3.3083
3.2831
3.2668
3.2764
3.3072
3.3391
3.358
3.3637
3.3628
3.3613
3.3609
3.3603
3.3592
3.3578
3.3561
3.354
3.3515
3.3487
3.3456
3.3418
3.3394
3.339
3.339
3.3376
3.3341
3.3257
3.3123
3.3012
3.2949
3.2922
3.292
3.2942
3.2976
3.301
3.3036
3.3055
3.3069
3.3079
3.3089
3.3099
3.3107
3.3115
3.3121
3.3127
3.3133
3.314
3.3146
3.3154
3.3163
3.3175
3.3191
3.3215
3.3255
3.3263
3.3187
3.3113
3.3076
3.3043
3.3008
3.2997
3.3006
3.3019
3.303
3.3037
3.3042
3.3047
3.3051
3.3055
3.3058
3.3061
