4.7589
1.3864
1.9158
2.5593
3.2459
3.8899
4.3267
4.3321
3.9355
3.6032
3.5705
3.7122
3.8668
3.9362
3.9069
3.8414
3.806
3.8133
3.8546
3.9209
3.9894
4.0391
4.0668
4.0833
4.1011
4.1279
4.1623
4.1914
4.184
4.0279
3.7101
3.4933
3.4332
3.4655
3.5192
3.5533
3.5593
3.5478
3.533
3.5226
3.5172
3.5139
3.5099
3.5048
3.4988
3.4923
3.4853
3.4775
3.4682
3.456
3.4396
3.4269
3.4197
3.415
3.4092
3.4035
3.4002
3.3992
3.3995
3.4002
3.4006
3.4003
3.3995
3.3983
3.3971
3.3957
3.3945
3.3934
3.3925
3.3918
3.3912
3.3908
3.3904
3.3901
3.3898
3.3896
3.3894
3.3892
3.3891
3.389
3.3889
3.3888
3.3888
3.3887
3.3887
3.3887
3.3889
3.3892
3.3892
3.3887
3.3878
3.3869
3.3862
3.3858
3.3855
3.3854
3.3852
3.3851
3.385
3.3849
3.3848
