11.857
10.464
7.583
5.7196
4.5335
3.855
3.6332
3.8816
4.3762
4.6115
4.4965
4.2811
4.144
4.1378
4.2208
4.3075
4.3543
4.3683
4.3381
4.2744
4.2156
4.1859
4.1821
4.1884
4.194
4.2005
4.2186
4.2639
4.3524
4.4932
4.647
4.7425
4.7452
4.7013
4.6766
4.6923
4.7424
4.8063
4.8643
4.9078
4.9388
4.9633
4.9855
5.0068
5.028
5.0505
5.0762
5.1075
5.1496
5.2083
5.2613
5.2893
5.2988
5.3012
5.3023
5.3028
5.3023
5.301
5.2997
5.2991
5.2997
5.3015
5.304
5.3068
5.3097
5.3125
5.3148
5.3168
5.3183
5.3196
5.3206
5.3215
5.3222
5.3228
5.3234
5.3238
5.3241
5.3244
5.3247
5.3249
5.3251
5.3253
5.3255
5.3257
5.3258
5.326
5.3261
5.3264
5.3272
5.3284
5.3296
5.3306
5.3312
5.3315
5.3317
5.3318
5.3319
5.3319
5.332
5.332
5.3321
