3.6558
10.393
7.6656
5.7478
4.5153
3.7761
3.4563
3.5735
4.0187
4.3573
4.375
4.264
4.2365
4.4239
4.7754
5.057
5.1275
5.0687
5.0176
5.0583
5.263
5.6757
6.0417
6.1541
6.0687
5.9404
5.867
5.868
5.9082
5.9313
5.9169
5.8869
5.8653
5.859
5.8643
5.8758
5.8908
5.9078
5.924
5.9332
5.9334
5.9295
5.9278
5.9239
5.918
5.9123
5.9078
5.9048
5.9028
5.9017
5.9013
5.9013
5.9019
5.9031
5.9048
5.9073
5.9116
5.9146
5.9129
5.9073
5.9004
5.893
5.8854
5.8786
5.8731
5.8694
5.8672
5.866
5.8648
5.8634
5.8619
5.8605
5.8592
5.8581
5.857
5.8559
5.8547
5.8535
5.8522
5.8508
5.8492
5.8475
5.8455
5.8431
5.8402
5.8363
5.8311
5.8252
5.8194
5.8142
5.8097
5.806
5.8033
5.8014
5.8
5.7988
5.7978
5.7968
5.7959
5.795
5.7939
