12.363
1.4355
1.9434
2.5807
3.2662
3.9154
4.3661
4.3909
4.0004
3.6572
3.6146
3.7529
3.9081
3.9789
3.9488
3.8795
3.8394
3.8432
3.8805
3.9399
3.9982
4.0353
4.0494
4.0522
4.0554
4.0616
4.0612
4.025
3.9186
3.7441
3.5453
3.4139
3.3782
3.41
3.4536
3.4751
3.4688
3.4449
3.418
3.3975
3.3846
3.3764
3.3698
3.3635
3.3577
3.3524
3.3472
3.3422
3.3374
3.3278
3.3061
3.29
3.2836
3.2824
3.282
3.2814
3.2815
3.2825
3.2845
3.2869
3.2892
3.2908
3.2917
3.2921
3.292
3.2915
3.2909
3.2903
3.2898
3.2894
3.2891
3.2888
3.2886
3.2884
3.2882
3.2881
3.2881
3.288
3.288
3.2879
3.2879
3.2879
3.288
3.288
3.2881
3.2882
3.2885
3.2888
3.289
3.2888
3.2884
3.288
3.2877
3.2875
3.2874
3.2874
3.2874
3.2874
3.2874
3.2874
3.2874
