10.529
1.3619
1.86
2.4871
3.1715
3.8392
4.3484
4.4846
4.1834
3.8236
3.7289
3.8338
3.9761
4.0436
4.0054
3.9345
3.9201
3.9799
4.0763
4.1733
4.2847
4.2151
3.9269
3.6674
3.5538
3.5443
3.5593
3.5425
3.4822
3.4162
3.3866
3.3892
3.4006
3.4136
3.4313
3.4533
3.4725
3.4837
3.4874
3.488
3.4914
3.4978
3.4981
3.4975
3.4979
3.4988
3.4992
3.499
3.4983
3.4971
3.4956
3.4939
3.4922
3.4896
3.4858
3.4803
3.4713
3.4591
3.4494
3.4442
3.442
3.4418
3.4434
3.4458
3.4482
3.4499
3.4507
3.4507
3.4503
3.4499
3.4495
3.4491
3.4486
3.4479
3.4471
3.4462
3.4452
3.4441
3.4428
3.4413
3.4395
3.4373
3.4347
3.4312
3.4261
3.419
3.4126
3.4081
3.4044
3.4012
3.3996
3.399
3.3989
3.3987
3.3984
3.3981
3.398
3.398
3.3981
3.3983
3.3986
