7.7544
10.719
7.7237
5.7605
4.5373
3.8309
3.5697
3.7636
4.2275
4.4849
4.4072
4.2214
4.1075
4.1244
4.2354
4.3601
4.4654
4.5537
4.5805
4.5504
4.5191
4.5247
4.569
4.6352
4.7101
4.7943
4.9116
5.1133
5.4876
6.032
6.4374
6.514
6.3873
6.2057
6.0569
5.9646
5.9139
5.8811
5.8514
5.8222
5.7967
5.778
5.7662
5.7593
5.7558
5.7545
5.7553
5.7583
5.7636
5.7686
5.7704
5.769
5.7673
5.7682
5.7718
5.7738
5.7727
5.7704
5.7685
5.7678
5.7679
5.7685
5.769
5.7692
5.769
5.7685
5.7678
5.7669
5.766
5.765
5.764
5.7631
5.7621
5.7612
5.7603
5.7594
5.7585
5.7576
5.7567
5.7557
5.7546
5.7534
5.7521
5.7504
5.7484
5.7454
5.741
5.7366
5.7338
5.7329
5.7331
5.7335
5.7334
5.733
5.7326
5.7321
5.7318
5.7316
5.7314
5.7311
5.731
