12.253
1.3929
1.9345
2.595
3.296
3.9595
4.4294
4.4744
4.0755
3.6918
3.6151
3.7316
3.8688
3.921
3.8707
3.7777
3.7087
3.6717
3.6188
3.5257
3.4367
3.3923
3.3188
3.188
3.0527
2.9947
3.0229
3.0894
3.1446
3.17
3.1753
3.1735
3.1694
3.164
3.1582
3.1537
3.1511
3.1497
3.1484
3.1462
3.1429
3.1393
3.1373
3.1368
3.1369
3.1369
3.1367
3.1364
3.1361
3.1359
3.1357
3.1356
3.1354
3.1353
3.1351
3.135
3.1348
3.1346
3.1344
3.1342
3.134
3.1336
3.1333
3.133
3.1326
3.1323
3.132
3.1317
3.1314
3.131
3.1307
3.1303
3.1299
3.1296
3.1292
3.1287
3.1283
3.1278
3.1272
3.1266
3.1259
3.1251
3.1241
3.123
3.1218
3.1203
3.1186
3.1127
3.1005
3.0919
3.0901
3.0916
3.0933
3.0939
3.0939
3.0938
3.0938
3.094
3.0941
3.0942
3.0943
