16.273
11.309
7.9295
5.9097
4.6352
3.8771
3.5468
3.6332
3.9929
4.2291
4.1793
4.0165
3.9115
3.9355
4.0763
4.2914
4.6056
4.9684
5.1766
5.2135
5.2032
5.2311
5.31
5.4174
5.5369
5.6853
5.9372
6.2557
6.4472
6.4545
6.3429
6.1851
6.0336
5.9187
5.8529
5.8285
5.8256
5.826
5.8213
5.8126
5.8042
5.7991
5.7977
5.7987
5.801
5.8045
5.8095
5.8164
5.8254
5.8324
5.8344
5.8331
5.8311
5.83
5.8297
5.8292
5.8281
5.8269
5.826
5.8256
5.8254
5.8252
5.8247
5.8241
5.8234
5.8228
5.8222
5.8217
5.8212
5.8208
5.8204
5.8199
5.8195
5.8191
5.8186
5.8181
5.8175
5.8169
5.8162
5.8154
5.8145
5.8135
5.8124
5.8112
5.8099
5.807
5.7998
5.7909
5.7843
5.7813
5.7809
5.7815
5.7823
5.7828
5.7832
5.7837
5.7842
5.7846
5.7851
5.7854
5.7857
