11.488
11.937
8.3179
6.0952
4.7493
3.9805
3.6827
3.8489
4.3044
4.5808
4.5174
4.3322
4.2146
4.2348
4.3488
4.4283
4.4046
4.3203
4.256
4.2759
4.4524
4.8583
5.2818
5.4899
5.4995
5.4503
5.4513
5.5567
5.7125
5.8104
5.809
5.7452
5.6672
5.6007
5.5535
5.5273
5.5207
5.5279
5.5405
5.5507
5.5554
5.5572
5.5582
5.5571
5.5551
5.5536
5.5537
5.5553
5.5584
5.5627
5.5682
5.5748
5.5834
5.5954
5.6125
5.6375
5.6732
5.707
5.729
5.74
5.7446
5.7435
5.7384
5.7321
5.7267
5.723
5.721
5.7199
5.7191
5.7184
5.7177
5.7172
5.717
5.7169
5.717
5.7171
5.7173
5.7176
5.718
5.7185
5.719
5.7198
5.7208
5.7223
5.7245
5.7268
5.7276
5.7273
5.7272
5.7273
5.7268
5.7263
5.7262
5.7265
5.7269
5.7272
5.7273
5.7273
5.7273
5.7271
5.7269
