7.4049
1.5794
2.0056
2.6163
3.2945
3.9549
4.444
4.5366
4.1937
3.8361
3.7625
3.8803
4.0241
4.0866
4.0469
3.9671
3.9216
3.929
3.9593
3.9907
4.0546
4.2194
4.1138
3.6888
3.3627
3.2824
3.3515
3.4558
3.5269
3.5495
3.5439
3.5336
3.5274
3.524
3.5213
3.5195
3.5195
3.521
3.5226
3.5231
3.522
3.5203
3.5193
3.5195
3.5201
3.5207
3.5211
3.5213
3.5215
3.5217
3.522
3.5223
3.5226
3.5229
3.5232
3.5236
3.524
3.5245
3.5252
3.526
3.527
3.5277
3.5283
3.5287
3.529
3.5293
3.5295
3.5298
3.53
3.5302
3.5303
3.5304
3.5305
3.5306
3.5307
3.5308
3.5309
3.531
3.5311
3.5312
3.5313
3.5314
3.5315
3.5317
3.5318
3.5319
3.5319
3.5318
3.5317
3.5324
3.5343
3.5365
3.5379
3.5386
3.5388
3.539
3.5392
3.5395
3.5398
3.54
3.5401
