5.1978
1.403
1.9082
2.5387
3.2245
3.8874
4.3821
4.5015
4.2138
3.9001
3.8368
3.9464
4.1062
4.2511
4.3688
4.5058
4.8369
5.36
5.4192
5.0808
4.646
4.4298
4.3769
4.3811
4.377
4.3609
4.3515
4.3493
4.3549
4.3641
4.3673
4.3624
4.354
4.3469
4.3428
4.341
4.3399
4.3385
4.3361
4.3326
4.3269
4.3196
4.3152
4.3141
4.3146
4.3151
4.3152
4.3151
4.3148
4.3146
4.3145
4.3145
4.3144
4.3144
4.3144
4.3143
4.3143
4.3143
4.3143
4.3142
4.3141
4.3139
4.3137
4.3135
4.3133
4.3131
4.313
4.3128
4.3127
4.3126
4.3125
4.3125
4.3124
4.3124
4.3124
4.3123
4.3123
4.3124
4.3124
4.3124
4.3124
4.3125
4.3125
4.3126
4.3126
4.3127
4.3128
4.3129
4.3131
4.3134
4.3142
4.315
4.3153
4.315
4.3145
4.3142
4.314
4.314
4.3141
4.3141
4.314
