9.736
13.8
9.2134
6.6329
5.116
4.2629
3.9145
4.0009
4.3073
4.4491
4.3292
4.1277
3.9952
3.9787
4.0371
4.0827
4.0594
3.9667
3.8161
3.6268
3.4227
3.2082
2.9618
2.6324
2.0831
0.92571
0
0
0
0.012727
0.65312
1.562
2.1998
2.5442
2.7286
2.8513
2.953
3.0393
3.1073
3.158
3.1972
3.2309
3.262
3.291
3.3169
3.3396
3.3592
3.3764
3.3915
3.4049
3.4171
3.4284
3.4394
3.4505
3.4611
3.4707
3.479
3.4866
3.4944
3.5029
3.5116
3.5202
3.5285
3.5365
3.5444
3.5524
3.5607
3.5692
3.578
3.5871
3.5966
3.6066
3.6172
3.6286
3.6409
3.6544
3.6695
3.6865
3.7062
3.7294
3.7577
3.7934
3.841
3.9098
4.0135
4.1141
4.1727
4.1946
4.2
4.2031
4.2083
4.2147
4.2207
4.2255
4.2293
4.2324
4.235
4.2373
4.2393
4.241
4.2424
