8.1639
1.439
1.9245
2.5596
3.2497
3.9147
4.4037
4.4911
4.1344
3.7619
3.6786
3.7875
3.9189
3.9656
3.9108
3.8191
3.7609
3.7506
3.758
3.7493
3.7119
3.6501
3.5162
3.3214
3.1942
3.1876
3.2587
3.3026
3.1947
3.0415
2.9673
2.9714
3.0029
3.0262
3.0323
3.0288
3.0254
3.0258
3.0284
3.0307
3.0317
3.0318
3.0318
3.0321
3.0326
3.0331
3.0334
3.0336
3.0338
3.0339
3.0341
3.0342
3.0344
3.0345
3.0345
3.0346
3.0346
3.0347
3.0347
3.0347
3.0347
3.0347
3.0347
3.0348
3.0348
3.0349
3.035
3.035
3.0351
3.0351
3.0351
3.035
3.035
3.0349
3.0348
3.0347
3.0346
3.0345
3.0343
3.0342
3.034
3.0337
3.0334
3.033
3.0326
3.0319
3.031
3.0294
3.0278
3.0277
3.029
3.0306
3.0313
3.0313
3.031
3.0308
3.0307
3.0308
3.0308
3.0308
3.0308
