5.127
9.626
6.9972
5.2702
4.1514
3.4497
3.0926
3.1014
3.4416
3.7569
3.7701
3.6071
3.4422
3.3497
3.312
3.2232
3.1874
3.7075
4.1355
4.2089
4.1348
4.0857
4.0979
4.1391
4.174
4.1927
4.2037
4.2173
4.2392
4.2837
4.3914
4.5187
4.5753
4.5651
4.5386
4.5295
4.5461
4.5802
4.6193
4.6569
4.6936
4.7334
4.7773
4.8232
4.8709
4.9205
4.9727
5.0284
5.0872
5.1388
5.1757
5.1968
5.2079
5.2158
5.2236
5.2311
5.2373
5.2421
5.2456
5.2486
5.251
5.253
5.2546
5.2557
5.2564
5.2569
5.2572
5.2574
5.2576
5.2578
5.2579
5.2581
5.2582
5.2584
5.2585
5.2587
5.2588
5.259
5.2591
5.2593
5.2595
5.2597
5.26
5.2602
5.2605
5.2609
5.2614
5.2621
5.2632
5.2645
5.2656
5.2663
5.2665
5.2663
5.2661
5.2658
5.2656
5.2654
5.2653
5.2651
5.2649
