10.965
10.691
7.3245
5.4441
4.2832
3.5862
3.2731
3.3599
3.7693
4.1776
4.5091
4.8903
5.1886
5.3327
5.3793
5.4162
5.4962
5.6595
5.8886
6.1102
6.2121
6.1997
6.1581
6.1313
6.1174
6.0935
6.043
5.9653
5.8767
5.8056
5.7694
5.764
5.7742
5.7871
5.7987
5.8123
5.8349
5.8561
5.8569
5.8428
5.8276
5.8187
5.8158
5.8157
5.8157
5.8151
5.8141
5.8131
5.8125
5.8122
5.812
5.812
5.812
5.8119
5.8117
5.8116
5.8114
5.8113
5.8112
5.8111
5.8109
5.8108
5.8106
5.8105
5.8104
5.8103
5.8102
5.8102
5.8101
5.8101
5.81
5.81
5.81
5.81
5.81
5.81
5.81
5.8101
5.8101
5.8101
5.8101
5.8102
5.8102
5.8102
5.8102
5.8103
5.8103
5.8103
5.8103
5.8103
5.8103
5.8102
5.8101
5.81
5.8099
5.8098
5.8098
5.8098
5.8098
5.8098
5.8098
