11.352
10.748
7.7901
5.8152
4.564
3.8207
3.4959
3.5726
3.8954
4.076
3.9757
3.759
3.5691
3.46
3.4264
3.4232
3.3804
3.3434
3.5501
4.1423
4.506
4.5074
4.3685
4.2508
4.1978
4.1795
4.1796
4.1915
4.1935
4.1863
4.1814
4.1821
4.1846
4.185
4.1827
4.1794
4.177
4.1767
4.1784
4.1816
4.1853
4.1867
4.1842
4.1798
4.176
4.1738
4.1729
4.1725
4.1723
4.172
4.1716
4.1713
4.1711
4.1708
4.1706
4.1704
4.1702
4.17
4.1698
4.1696
4.1693
4.1691
4.1689
4.1686
4.1683
4.1679
4.1675
4.1672
4.1668
4.1664
4.166
4.1657
4.1652
4.1648
4.1644
4.1639
4.1635
4.163
4.1624
4.1618
4.1612
4.1604
4.1596
4.1587
4.1576
4.1563
4.1549
4.1531
4.1502
4.1446
4.1376
4.1318
4.1285
4.1271
4.1264
4.1258
4.1252
4.1246
4.1242
4.1239
4.1237
