4.5033
1.3817
1.8763
2.5047
3.1852
3.836
4.3064
4.3877
4.0656
3.728
3.5749
3.489
3.4411
3.4216
3.413
3.4003
3.38
3.3481
3.2703
3.1752
3.1274
3.1507
3.2074
3.2575
3.2872
3.2976
3.244
3.1346
3.0628
3.0461
3.0547
3.0644
3.0683
3.0688
3.0688
3.0695
3.0704
3.0711
3.0717
3.0722
3.0723
3.0718
3.0711
3.0707
3.0705
3.0703
3.0702
3.07
3.0698
3.0697
3.0696
3.0694
3.0694
3.0693
3.0693
3.0692
3.0692
3.0692
3.0691
3.0691
3.0691
3.0691
3.0691
3.0691
3.0691
3.0691
3.0691
3.0692
3.0692
3.0692
3.0692
3.0692
3.0692
3.0692
3.0692
3.0692
3.0692
3.0692
3.0692
3.0692
3.0692
3.0692
3.0692
3.0692
3.0692
3.0691
3.0691
3.0691
3.0691
3.0691
3.0692
3.0691
3.0689
3.0686
3.0684
3.0683
3.0683
3.0683
3.0682
3.0682
3.0682
