2.6286
1.4011
1.9022
2.5448
3.2366
3.8961
4.3718
4.4504
4.1221
3.8054
3.7651
3.9028
4.0617
4.1405
4.1139
4.0308
3.9587
3.9194
3.8819
3.827
3.7692
3.7367
3.7108
3.5594
3.2635
3.0464
2.9922
3.0279
3.0836
3.118
3.1252
3.1222
3.1185
3.1142
3.1075
3.0993
3.0922
3.0878
3.0859
3.0854
3.0849
3.084
3.0833
3.0829
3.0827
3.0824
3.082
3.0815
3.081
3.0804
3.0798
3.0791
3.0783
3.0774
3.0763
3.0751
3.074
3.0726
3.0719
3.0723
3.0736
3.075
3.0763
3.0774
3.0785
3.0794
3.0801
3.0808
3.0813
3.0818
3.0821
3.0823
3.0824
3.0824
3.0825
3.0825
3.0825
3.0825
3.0824
3.0824
3.0824
3.0823
3.0823
3.0822
3.0822
3.0822
3.0821
3.0821
3.0821
3.082
3.082
3.0819
3.0818
3.0817
3.0816
3.0816
3.0816
3.0816
3.0816
3.0816
3.0816
