3.4182
1.6583
2.0866
2.7035
3.3907
4.0598
4.5512
4.6165
4.2007
3.7826
3.6855
3.7887
3.909
3.922
3.7891
3.6088
3.5185
3.5303
3.5806
3.6114
3.6002
3.5599
3.5437
3.5334
3.4475
3.3317
3.2491
3.2203
3.2288
3.2522
3.2789
3.3029
3.3212
3.3293
3.3099
3.2851
3.2713
3.2696
3.2735
3.2771
3.2782
3.2774
3.2759
3.2748
3.2741
3.2737
3.2732
3.2726
3.2718
3.271
3.27
3.269
3.2679
3.2663
3.2647
3.264
3.264
3.2641
3.2641
3.2639
3.2637
3.2633
3.2628
3.2622
3.2616
3.2609
3.2603
3.2597
3.2592
3.2588
3.2584
3.258
3.2576
3.2573
3.257
3.2567
3.2565
3.2563
3.2561
3.256
3.2559
3.2557
3.2556
3.2555
3.2554
3.2554
3.2553
3.2552
3.2552
3.2551
3.2551
3.255
3.255
3.255
3.255
3.255
3.2551
3.2551
3.2551
3.255
3.255
