11.115
12.678
8.4503
6.0908
4.7479
4.0329
3.8357
4.1508
4.7166
4.9814
4.8651
4.6548
4.5458
4.5874
4.7264
4.8678
4.9704
5.0982
5.3172
5.5856
5.7676
5.8723
6.0083
6.1029
6.0602
5.9029
5.727
5.6067
5.5634
5.5755
5.6079
5.6388
5.6618
5.6778
5.6885
5.6955
5.7008
5.7067
5.7147
5.7254
5.7377
5.7465
5.7498
5.7501
5.7496
5.7495
5.7498
5.7503
5.7506
5.7509
5.7512
5.7514
5.7518
5.7521
5.7525
5.7529
5.7534
5.7539
5.7545
5.7552
5.7562
5.7574
5.7587
5.7601
5.7614
5.7627
5.764
5.7653
5.7666
5.7679
5.7692
5.7704
5.7716
5.7729
5.7742
5.7755
5.7769
5.7784
5.7801
5.782
5.7841
5.7866
5.7895
5.7931
5.7978
5.804
5.8129
5.826
5.8392
5.846
5.8471
5.847
5.8478
5.8494
5.851
5.852
5.8525
5.8528
5.853
5.8533
5.8535
