1.8333
11.078
7.9262
5.8719
4.5778
3.799
3.437
3.4931
3.872
4.1658
4.1409
3.9634
3.8167
3.7737
3.8148
3.8623
3.8562
3.8029
3.7461
3.7225
3.7611
4.0799
4.6425
5.0508
5.1635
5.1315
5.1082
5.1461
5.2276
5.3177
5.417
5.5817
5.786
5.9337
5.9754
5.955
5.9322
5.9344
5.9591
5.9925
6.0242
6.0533
6.0799
6.1002
6.1153
6.1272
6.1372
6.1455
6.1522
6.1572
6.1608
6.1634
6.1652
6.1667
6.1678
6.1682
6.1674
6.1649
6.1605
6.1554
6.1509
6.1474
6.1445
6.1406
6.1365
6.1339
6.1336
6.135
6.1369
6.1387
6.1405
6.1425
6.1449
6.1478
6.151
6.1546
6.1586
6.1633
6.1686
6.175
6.1827
6.1924
6.2051
6.2228
6.2484
6.2763
6.2986
6.3161
6.3317
6.3414
6.3454
6.347
6.3481
6.3494
6.3505
6.351
6.351
6.3503
6.3491
6.3473
6.3437
