13.835
12.397
8.1179
5.8906
4.5918
3.8565
3.5733
3.7309
4.1454
4.3685
4.2787
4.0891
3.969
3.9779
4.0916
4.2346
4.3515
4.4623
4.6174
4.8066
4.9689
5.0909
5.2811
5.5985
5.8708
5.9148
5.8036
5.6785
5.6096
5.6038
5.6291
5.6561
5.6756
5.6898
5.701
5.7092
5.714
5.7162
5.7178
5.7207
5.7254
5.7293
5.7307
5.7306
5.7301
5.73
5.7302
5.7305
5.7309
5.7312
5.7316
5.7321
5.7326
5.733
5.733
5.7323
5.7307
5.7276
5.7221
5.7145
5.706
5.6976
5.6897
5.6826
5.6762
5.6705
5.6657
5.6616
5.6583
5.6557
5.6536
5.652
5.6508
5.6499
5.6491
5.6486
5.6481
5.6478
5.6476
5.6474
5.6472
5.6471
5.6471
5.647
5.6469
5.6469
5.6469
5.6468
5.6467
5.6466
5.6465
5.6468
5.6472
5.6477
5.648
5.6481
5.648
5.648
5.648
5.648
5.6481
