11.979
12.039
8.0482
5.8526
4.5725
3.862
3.623
3.8653
4.3886
4.6704
4.5812
4.3799
4.2599
4.2767
4.3854
4.4927
4.5448
4.5693
4.6229
4.7218
4.8436
5.0576
5.4697
5.8571
5.9618
5.8188
5.6014
5.434
5.3549
5.3407
5.3503
5.36
5.3657
5.3697
5.3725
5.3735
5.3727
5.3721
5.3737
5.3781
5.3848
5.3903
5.3927
5.393
5.3928
5.3929
5.3933
5.3937
5.3941
5.3944
5.3947
5.395
5.3953
5.3956
5.396
5.3963
5.3968
5.3973
5.3979
5.3986
5.3997
5.401
5.4025
5.404
5.4055
5.4069
5.4083
5.4096
5.4108
5.4121
5.4133
5.4145
5.4156
5.4167
5.4178
5.4189
5.4201
5.4213
5.4227
5.4241
5.4258
5.4276
5.4298
5.4325
5.4359
5.4403
5.4467
5.4557
5.4649
5.4698
5.4709
5.4712
5.4726
5.4746
5.4767
5.4781
5.479
5.4796
5.4802
5.4806
5.481
