1.881
1.4123
1.8843
2.4997
3.173
3.8135
4.2604
4.2957
3.9279
3.5898
3.5302
3.6389
3.7544
3.7597
3.6192
3.4418
3.3629
3.3848
3.4436
3.4983
3.4513
3.2292
3.0163
2.9339
2.9692
3.0519
3.1262
3.1689
3.1823
3.1773
3.1637
3.1528
3.146
3.1406
3.1356
3.1322
3.1312
3.1319
3.1326
3.1324
3.1319
3.1314
3.1308
3.1303
3.1299
3.1295
3.129
3.1284
3.1277
3.127
3.1263
3.1257
3.125
3.1243
3.1237
3.1238
3.1243
3.125
3.1259
3.1269
3.1279
3.1288
3.1296
3.1303
3.1309
3.1313
3.1313
3.1309
3.1305
3.1302
3.1302
3.1302
3.1303
3.1302
3.1302
3.1301
3.1301
3.13
3.1299
3.1299
3.1298
3.1297
3.1296
3.1296
3.1295
3.1294
3.1293
3.1292
3.1291
3.129
3.1288
3.1286
3.1285
3.1284
3.1282
3.1282
3.1281
3.1281
3.128
3.128
3.128
