3.5428
10.67
8.1108
6.0735
4.7611
3.9924
3.6772
3.7918
4.1534
4.3442
4.236
4.0218
3.8657
3.8252
3.8707
3.9206
3.9132
3.8453
3.7371
3.6117
3.4919
3.3877
3.2926
3.1912
3.07
2.9195
2.7233
2.4325
1.8798
0.51697
0
0
0.57106
1.625
2.2107
2.4051
2.4815
2.5681
2.6812
2.7969
2.9003
2.9937
3.069
3.1214
3.158
3.1875
3.2158
3.2464
3.2839
3.3351
3.3751
3.3783
3.3571
3.3329
3.3166
3.3082
3.3037
3.3002
3.2968
3.2942
3.2929
3.293
3.294
3.2953
3.2966
3.2976
3.2983
3.2987
3.2988
3.2988
3.2987
3.2987
3.2986
3.2984
3.2982
3.298
3.2977
3.2974
3.2971
3.2967
3.2964
3.2961
3.2958
3.2957
3.2958
3.2953
3.2923
3.2871
3.2815
3.2763
3.2717
3.2677
3.2647
3.2626
3.2611
3.2599
3.2589
3.2581
3.2574
3.2569
3.2565
