13.707
1.4697
1.9633
2.6086
3.303
3.966
4.4426
4.502
4.1182
3.7428
3.6691
3.7881
3.9288
3.984
3.9321
3.8309
3.7496
3.6989
3.6272
3.5126
3.4279
3.4251
3.4874
3.5458
3.3729
3.1631
3.081
3.1092
3.1702
3.2161
3.2381
3.2434
3.2395
3.2315
3.2235
3.2178
3.2151
3.2143
3.2139
3.2131
3.2116
3.2099
3.2094
3.2097
3.2103
3.2106
3.2106
3.2104
3.2103
3.2103
3.2104
3.2104
3.2105
3.2105
3.2106
3.2106
3.2107
3.2107
3.2108
3.2108
3.2109
3.2109
3.211
3.2111
3.2112
3.2113
3.2114
3.2115
3.2116
3.2118
3.2119
3.2121
3.2122
3.2124
3.2127
3.2129
3.2133
3.2136
3.2141
3.2147
3.2154
3.2164
3.2177
3.2196
3.2227
3.2279
3.2374
3.2397
3.2208
3.2058
3.2023
3.2045
3.2069
3.2078
3.2076
3.2071
3.2069
3.2068
3.2068
3.2068
3.2067
