4.0465
1.4843
1.9079
2.5067
3.1816
3.8562
4.3939
4.5812
4.3191
3.9557
3.8473
3.9517
4.1073
4.1988
4.1919
4.1397
4.1212
4.1665
4.2593
4.3987
4.6847
4.6761
4.304
3.9685
3.8455
3.8568
3.8748
3.8232
3.753
3.7341
3.7628
3.8025
3.8299
3.8447
3.8542
3.8622
3.8667
3.8649
3.8569
3.8463
3.8395
3.8376
3.8378
3.8393
3.8421
3.8453
3.8478
3.8492
3.8498
3.8496
3.849
3.8479
3.8466
3.8448
3.8427
3.8403
3.8375
3.8342
3.8304
3.8256
3.819
3.8088
3.791
3.775
3.7674
3.7653
3.7642
3.7621
3.7591
3.7563
3.7541
3.7524
3.751
3.7497
3.7485
3.7473
3.7463
3.7453
3.7444
3.7436
3.7428
3.742
3.7413
3.7407
3.7401
3.7395
3.7395
3.7401
3.7408
3.7412
3.7412
3.7409
3.7399
3.738
3.7354
3.7321
3.728
3.7226
3.7155
3.7025
3.6837
