11.981
9.985
7.0673
5.3362
4.2141
3.5179
3.1835
3.2341
3.6001
3.8903
3.8768
3.7197
3.5938
3.5735
3.6498
3.7547
3.8223
3.8406
3.8371
3.8412
3.861
3.8852
3.9085
3.9585
4.0496
4.1391
4.2027
4.2899
4.5122
4.9248
5.3008
5.4515
5.4277
5.3297
5.2306
5.1604
5.1183
5.0921
5.0723
5.0561
5.0443
5.0376
5.0356
5.0367
5.0395
5.0434
5.0481
5.0535
5.0595
5.0665
5.0748
5.0847
5.0966
5.1114
5.1276
5.1392
5.1452
5.1478
5.1492
5.1507
5.1522
5.1536
5.1546
5.1553
5.1556
5.1557
5.1557
5.1556
5.1555
5.1555
5.1554
5.1555
5.1556
5.1557
5.1559
5.1561
5.1564
5.1569
5.1574
5.158
5.1589
5.16
5.1615
5.1638
5.1673
5.1704
5.1697
5.1663
5.1635
5.1625
5.1629
5.1637
5.1642
5.1645
5.1646
5.1647
5.1649
5.165
5.1652
5.1653
5.1653
