5.8585
1.3705
1.9324
2.592
3.2895
3.9498
4.4165
4.4585
4.0545
3.6576
3.5639
3.668
3.7988
3.849
3.7978
3.7054
3.553
3.2728
3.0822
3.0702
3.1436
3.2119
3.2397
3.2367
3.2262
3.2216
3.2234
3.2271
3.2304
3.2332
3.2325
3.2283
3.2344
3.2517
3.2682
3.2751
3.273
3.268
3.2657
3.2679
3.2732
3.2792
3.2846
3.2895
3.2943
3.2992
3.3042
3.309
3.3134
3.3175
3.323
3.3299
3.3367
3.3418
3.3446
3.346
3.3469
3.3478
3.3489
3.3499
3.3507
3.3514
3.3519
3.3523
3.3527
3.353
3.3532
3.3534
3.3535
3.3536
3.3537
3.3538
3.3538
3.3539
3.3539
3.354
3.354
3.3541
3.3541
3.3541
3.3542
3.3542
3.3542
3.3542
3.3543
3.3543
3.3543
3.3542
3.3542
3.354
3.3539
3.3539
3.3541
3.3544
3.3547
3.3549
3.355
3.3551
3.3552
3.3552
3.3552
