6.1
8.4705
6.917
5.3808
4.2819
3.5828
3.2429
3.2739
3.5777
3.7912
3.7302
3.5324
3.3406
3.2103
3.1303
3.0318
2.7648
2.2696
1.7791
2.0219
2.4422
2.6054
2.5488
2.4372
2.3607
2.3002
2.2143
2.1012
1.98
1.8729
1.7936
1.7429
1.7133
1.6957
1.6838
1.6754
1.6706
1.6708
1.6769
1.6897
1.7086
1.7279
1.7421
1.7507
1.7559
1.7598
1.7636
1.7674
1.7708
1.7739
1.7764
1.7786
1.7805
1.7821
1.7836
1.785
1.7862
1.7873
1.7884
1.7894
1.7903
1.7913
1.7922
1.7931
1.7939
1.7946
1.7953
1.796
1.7968
1.7975
1.7982
1.799
1.7999
1.8008
1.8018
1.8029
1.8041
1.8054
1.8069
1.8087
1.8107
1.813
1.8157
1.8191
1.8233
1.8289
1.8366
1.8479
1.8622
1.8743
1.8805
1.8827
1.8838
1.8854
1.8875
1.8895
1.8911
1.8922
1.893
1.8937
1.8944
