8.7975
1.4174
1.9539
2.6087
3.3114
3.9909
4.5046
4.6299
4.3003
3.9179
3.8212
3.9426
4.1183
4.2445
4.3198
4.4786
4.6607
4.4237
4.1029
3.9687
3.9768
4.0137
4.0238
4.0079
3.9875
3.9755
3.9715
3.9689
3.966
3.9634
3.9553
3.9436
3.9614
4.0161
4.0792
4.1245
4.1441
4.1449
4.1396
4.1375
4.1414
4.1499
4.1606
4.1737
4.1901
4.2103
4.2351
4.2662
4.2785
4.2726
4.2651
4.2634
4.2673
4.2726
4.2766
4.2787
4.28
4.2811
4.2821
4.2828
4.2831
4.2831
4.2829
4.2828
4.2828
4.2828
4.2828
4.2829
4.283
4.283
4.2831
4.2831
4.2831
4.2831
4.2831
4.2831
4.2831
4.2831
4.2831
4.2831
4.2831
4.2831
4.283
4.283
4.283
4.2831
4.2832
4.2834
4.2834
4.2829
4.2822
4.2816
4.2812
4.2811
4.2812
4.2813
4.2813
4.2813
4.2813
4.2814
4.2814
