8.5496
12.081
8.5101
6.2347
4.8614
4.0923
3.811
3.9773
4.3635
4.5376
4.4142
4.2059
4.0742
4.0679
4.1387
4.1813
4.1394
4.0445
3.9589
3.9276
3.975
4.1478
4.6338
5.4502
6.0436
6.1708
6.053
5.9209
5.8577
5.8483
5.8524
5.85
5.8449
5.8446
5.8492
5.8536
5.8539
5.8504
5.8458
5.8427
5.8416
5.842
5.8428
5.8437
5.8445
5.8455
5.8465
5.8476
5.8486
5.8497
5.8509
5.852
5.8533
5.8546
5.8556
5.856
5.856
5.8546
5.8498
5.8421
5.8335
5.8255
5.8185
5.8124
5.8071
5.8024
5.7982
5.7944
5.791
5.7881
5.7856
5.7835
5.7817
5.7802
5.779
5.7779
5.777
5.7762
5.7756
5.7751
5.7747
5.7743
5.7741
5.7738
5.7737
5.7736
5.7735
5.7735
5.7735
5.7736
5.7738
5.7743
5.775
5.7758
5.7763
5.7766
5.7768
5.7769
5.777
5.7772
5.7773
