6.4647
1.4316
1.9048
2.5324
3.2163
3.871
4.3433
4.4182
4.0857
3.7658
3.724
3.8603
4.0144
4.0829
4.0467
3.9762
3.9524
3.9912
4.057
4.1072
4.1218
4.1174
4.1058
3.9402
3.6285
3.4279
3.3827
3.3662
3.2954
3.2159
3.1779
3.1936
3.2419
3.2902
3.3186
3.3255
3.321
3.3157
3.3149
3.3185
3.3239
3.329
3.3327
3.3352
3.3372
3.339
3.341
3.343
3.3452
3.3474
3.3498
3.3524
3.3554
3.3583
3.3608
3.3633
3.3646
3.3596
3.3562
3.3566
3.359
3.362
3.3654
3.3686
3.371
3.3727
3.3738
3.3747
3.3754
3.376
3.3765
3.3769
3.3772
3.3774
3.3775
3.3777
3.3778
3.3779
3.3779
3.378
3.378
3.378
3.378
3.378
3.378
3.3781
3.3781
3.3781
3.378
3.378
3.3778
3.3778
3.3777
3.3777
3.3778
3.3778
3.3778
3.3779
3.3779
3.3779
3.3778
