7.1512
1.3439
1.8587
2.5035
3.1912
3.835
4.2738
4.2916
3.9131
3.5814
3.5339
3.6567
3.7903
3.8362
3.7809
3.684
3.5783
3.4237
3.307
3.2846
3.3119
3.3353
3.3355
3.3208
3.305
3.294
3.2848
3.2703
3.241
3.1742
3.0857
3.0401
3.0517
3.0991
3.1466
3.1727
3.1763
3.1675
3.1576
3.1524
3.1519
3.1533
3.1547
3.1555
3.1561
3.1564
3.1564
3.1557
3.1525
3.1452
3.1362
3.1319
3.1325
3.1347
3.1361
3.1367
3.1374
3.1385
3.1395
3.1402
3.1404
3.1402
3.1397
3.1393
3.1389
3.1386
3.1383
3.1382
3.1381
3.1381
3.1381
3.1381
3.1381
3.1381
3.1381
3.1381
3.1381
3.1382
3.1382
3.1382
3.1383
3.1383
3.1384
3.1384
3.1385
3.1387
3.139
3.1394
3.1396
3.1393
3.1386
3.138
3.1376
3.1375
3.1374
3.1374
3.1374
3.1374
3.1374
3.1374
3.1374
