9.8673
11.025
7.9298
5.8509
4.5796
3.854
3.5784
3.7434
4.1587
4.3725
4.2707
4.0696
3.9359
3.926
4.0152
4.1295
4.2108
4.2641
4.328
4.4134
4.5087
4.6319
4.9085
5.461
6.0567
6.3231
6.2961
6.1711
6.074
6.0424
6.0487
6.0625
6.0753
6.0899
6.1067
6.122
6.1319
6.1358
6.1358
6.1349
6.1347
6.1349
6.1347
6.1344
6.1343
6.1344
6.1349
6.1355
6.1362
6.137
6.1379
6.1388
6.1399
6.1408
6.1414
6.141
6.1397
6.1369
6.131
6.1226
6.1132
6.1041
6.0957
6.0883
6.0818
6.0762
6.0716
6.0678
6.0648
6.0626
6.0609
6.0597
6.0589
6.0583
6.0579
6.0576
6.0575
6.0574
6.0574
6.0574
6.0574
6.0575
6.0576
6.0577
6.0578
6.0579
6.058
6.0581
6.0582
6.0584
6.0586
6.0589
6.0592
6.0594
6.0595
6.0595
6.0595
6.0596
6.0596
6.0596
6.0597
