9.8937
1.3264
1.8022
2.4144
3.0886
3.7431
4.2331
4.3556
4.0761
3.7622
3.6987
3.818
3.9666
4.0367
4.0005
3.9258
3.8993
3.9381
4.0025
4.0522
4.0703
3.8521
3.5037
3.2895
3.2509
3.3064
3.3699
3.3984
3.4053
3.4094
3.4202
3.4346
3.4448
3.448
3.4468
3.4441
3.4415
3.4389
3.4336
3.4249
3.419
3.4164
3.4145
3.4136
3.4141
3.4153
3.4163
3.417
3.4174
3.4176
3.4178
3.418
3.4182
3.4184
3.4185
3.4188
3.4191
3.4193
3.4196
3.4199
3.42
3.4194
3.418
3.4173
3.4188
3.421
3.4223
3.4222
3.4215
3.4208
3.4204
3.4202
3.4201
3.42
3.4198
3.4197
3.4196
3.4195
3.4195
3.4195
3.4195
3.4195
3.4196
3.4197
3.4199
3.4202
3.4206
3.4213
3.4221
3.4227
3.4231
3.4234
3.4235
3.4235
3.4232
3.423
3.4227
3.4223
3.4218
3.4208
3.4194
