13.495
1.3385
1.8166
2.4293
3.1048
3.7665
4.2759
4.4347
4.1948
3.9008
3.8429
3.9668
4.1241
4.2089
4.1944
4.1351
4.1034
4.1231
4.1715
4.2156
4.2377
4.2405
4.2371
4.2357
4.2356
4.2615
4.3471
4.3365
3.9048
3.4491
3.2741
3.2902
3.362
3.4144
3.4246
3.4108
3.3949
3.3869
3.3855
3.3864
3.3865
3.3856
3.3844
3.3836
3.3832
3.3831
3.383
3.383
3.3829
3.3829
3.3829
3.3829
3.3829
3.383
3.383
3.3831
3.3831
3.3832
3.3833
3.3833
3.3834
3.3835
3.3835
3.3836
3.3837
3.3837
3.3838
3.3839
3.384
3.384
3.3841
3.3843
3.3844
3.3845
3.3846
3.3847
3.3849
3.385
3.3852
3.3854
3.3856
3.3858
3.386
3.3863
3.3866
3.387
3.3874
3.3878
3.3886
3.3906
3.3933
3.3956
3.3967
3.3967
3.3963
3.3961
3.396
3.3961
3.3962
3.3962
3.3961
