4.2957
8.564
6.6483
5.126
4.0657
3.3679
2.9684
2.8464
2.9042
2.7435
2.7868
3.2041
3.6367
3.8869
3.9756
3.9966
4.0071
4.0225
4.0338
4.0094
3.9267
3.8049
3.7005
3.6587
3.6923
3.8017
3.9898
4.1809
4.2881
4.3237
4.3377
4.3562
4.3785
4.3966
4.407
4.4111
4.4121
4.4109
4.4057
4.3985
4.3936
4.3931
4.3957
4.399
4.4015
4.4028
4.4033
4.4036
4.4039
4.4043
4.4046
4.4049
4.4051
4.4052
4.4052
4.4051
4.405
4.4049
4.4048
4.4048
4.4047
4.4045
4.4044
4.4044
4.4043
4.4043
4.4044
4.4044
4.4045
4.4046
4.4047
4.4048
4.4049
4.405
4.4051
4.4052
4.4053
4.4053
4.4054
4.4055
4.4055
4.4055
4.4055
4.4056
4.4056
4.4056
4.4056
4.4055
4.4055
4.4055
4.4054
4.4054
4.4053
4.4052
4.4051
4.405
4.405
4.405
4.405
4.405
4.405
