10.745
1.5201
2.0017
2.6339
3.3245
3.9976
4.5053
4.6186
4.2779
3.9099
3.8378
3.9703
4.1381
4.2286
4.2129
4.1521
4.1278
4.1637
4.23
4.2851
4.3041
4.2875
4.2528
4.2113
4.1864
4.2512
4.4954
4.6784
4.4929
4.1596
3.9079
3.8138
3.8443
3.9232
3.9901
4.0181
4.011
3.9876
3.9655
3.9524
3.9474
3.9463
3.9454
3.9431
3.9397
3.9358
3.9318
3.9279
3.9238
3.9191
3.9134
3.9089
3.9074
3.9067
3.9045
3.8995
3.8903
3.8753
3.863
3.8579
3.8573
3.8596
3.8653
3.8728
3.8799
3.8858
3.8904
3.894
3.897
3.8996
3.9018
3.9038
3.9055
3.9069
3.9082
3.9093
3.9103
3.9112
3.912
3.9127
3.9133
3.914
3.9145
3.9151
3.9157
3.9163
3.917
3.9178
3.9187
3.9192
3.9196
3.9199
3.9202
3.9204
3.9207
3.9209
3.9211
3.9214
3.9216
3.9218
3.922
