1.0324
11.681
8.3835
6.1624
4.8067
4.0391
3.7556
3.9428
4.4023
4.6571
4.5695
4.3664
4.2312
4.219
4.2808
4.3107
4.2574
4.1568
4.0721
4.046
4.0975
4.238
4.3969
4.473
4.467
4.4535
4.5417
4.8525
5.2543
5.5222
5.5704
5.4776
5.347
5.2326
5.1517
5.1074
5.0943
5.1
5.1116
5.1213
5.1276
5.1336
5.1409
5.1481
5.1544
5.1599
5.1648
5.1689
5.1724
5.1751
5.1767
5.1769
5.1771
5.1806
5.1902
5.2092
5.2435
5.2829
5.3165
5.344
5.3681
5.3836
5.3912
5.3953
5.3989
5.4029
5.4074
5.4117
5.4155
5.4188
5.4219
5.4247
5.4276
5.4304
5.4331
5.4359
5.4388
5.4418
5.445
5.4486
5.4527
5.4575
5.4634
5.4711
5.4817
5.4935
5.5031
5.5103
5.5166
5.5216
5.5247
5.5267
5.5285
5.5302
5.5317
5.533
5.534
5.5348
5.5354
5.536
5.5365
