5.0801
1.3384
1.8492
2.4692
3.1447
3.7986
4.2868
4.4092
4.1408
3.8497
3.8034
3.927
4.0682
4.1227
4.0676
3.9612
3.8765
3.836
3.8167
3.7641
3.6542
3.5228
3.4405
3.4169
3.4184
3.4241
3.3976
3.2198
3.006
2.8982
2.9014
2.9686
3.0584
3.1439
3.2087
3.2479
3.2668
3.2749
3.2801
3.2855
3.2909
3.2954
3.2986
3.3009
3.3027
3.3044
3.3056
3.3067
3.3088
3.3116
3.3146
3.3174
3.3198
3.3221
3.3244
3.3267
3.3294
3.3321
3.3345
3.3365
3.3382
3.34
3.3418
3.3438
3.3458
3.3478
3.3499
3.352
3.3542
3.3564
3.3589
3.3615
3.3643
3.3674
3.3708
3.3746
3.3791
3.3842
3.3904
3.398
3.4079
3.4213
3.441
3.4739
3.4951
3.4802
3.4683
3.4669
3.4711
3.4758
3.4787
3.4803
3.4812
3.482
3.4828
3.4835
3.4841
3.4846
3.485
3.4853
3.4855
