4.381
1.428
1.9209
2.5517
3.2378
3.8984
4.3833
4.4772
4.1562
3.833
3.7863
3.9226
4.0817
4.1575
4.1282
4.0615
4.0401
4.0851
4.1664
4.2483
4.3241
4.4578
4.6957
4.6891
4.3258
4.037
3.9606
3.9726
3.9641
3.9351
3.9218
3.9471
4.0009
4.0566
4.0949
4.1127
4.1186
4.1228
4.1308
4.1428
4.1565
4.1696
4.1812
4.1915
4.201
4.2104
4.2199
4.2296
4.2396
4.25
4.261
4.2728
4.2858
4.2998
4.3153
4.3336
4.3489
4.3472
4.3451
4.3468
4.3509
4.3558
4.3607
4.3652
4.3689
4.3717
4.3739
4.3758
4.3774
4.3788
4.38
4.381
4.3818
4.3824
4.383
4.3834
4.3837
4.384
4.3842
4.3844
4.3846
4.3847
4.3848
4.3848
4.3849
4.3849
4.3849
4.3849
4.3849
4.3848
4.3848
4.3847
4.3847
4.3847
4.3848
4.3849
4.3849
4.385
4.385
4.3851
4.3851
