9.3711
1.4407
1.8772
2.4827
3.1583
3.8269
4.3516
4.529
4.2895
3.975
3.8999
4.0153
4.1682
4.2493
4.231
4.1692
4.1383
4.1631
4.2218
4.2831
4.333
4.3807
4.4486
4.5653
4.7869
5.291
6.3402
7.321
7.3621
6.957
6.6237
6.5037
6.5236
6.5769
6.6004
6.5901
6.5678
6.5512
6.5445
6.543
6.5422
6.54
6.5372
6.5348
6.5331
6.532
6.5312
6.5304
6.5298
6.5292
6.5287
6.5283
6.528
6.5278
6.5276
6.5274
6.5272
6.5271
6.5269
6.5268
6.5267
6.5267
6.5267
6.5266
6.5266
6.5266
6.5265
6.5265
6.5264
6.5264
6.5263
6.5263
6.5263
6.5262
6.5262
6.5262
6.5262
6.5262
6.5262
6.5262
6.5262
6.5261
6.5261
6.5261
6.5261
6.5261
6.526
6.5258
6.5256
6.5258
6.5268
6.5279
6.5284
6.528
6.5272
6.5265
6.5262
6.5262
6.5263
6.5263
6.5262
