6.2531
1.3851
1.8549
2.4675
3.1339
3.7624
4.195
4.2378
3.9258
3.6403
3.5576
3.5655
3.6228
3.7296
3.8748
4.0523
4.3386
4.6292
4.7743
4.5369
4.2354
4.1086
4.063
4.0155
3.934
3.8255
3.7298
3.6845
3.6976
3.7444
3.7914
3.8178
3.8197
3.8043
3.7805
3.7546
3.7124
3.6254
3.5558
3.5234
3.5145
3.5126
3.5095
3.5043
3.499
3.4947
3.4916
3.4895
3.4877
3.4863
3.485
3.484
3.4831
3.4825
3.482
3.4816
3.4813
3.4811
3.4808
3.4807
3.4805
3.4804
3.4803
3.4802
3.4801
3.48
3.48
3.4799
3.4799
3.4799
3.4798
3.4798
3.4798
3.4798
3.4798
3.4798
3.4798
3.4798
3.4798
3.4798
3.4798
3.4798
3.4798
3.4798
3.4798
3.4799
3.4799
3.4799
3.4799
3.4799
3.4799
3.4799
3.4799
3.4799
3.4799
3.4799
3.4799
3.4798
3.4798
3.4798
3.4798
