4.6327
1.5176
1.9801
2.6028
3.2885
3.957
4.4617
4.5864
4.2851
3.9545
3.8951
4.0306
4.2115
4.3429
4.3996
4.4297
4.5576
4.8018
4.9558
4.8083
4.5062
4.3423
4.3003
4.296
4.2917
4.3069
4.3625
4.4378
4.5016
4.5375
4.5457
4.5383
4.5279
4.5212
4.5197
4.5228
4.5292
4.5378
4.548
4.5595
4.5601
4.5524
4.547
4.5452
4.5455
4.5462
4.5467
4.5468
4.5468
4.547
4.5472
4.5474
4.5477
4.5479
4.5482
4.5486
4.549
4.5496
4.5503
4.5513
4.5523
4.5532
4.5539
4.5546
4.5551
4.5557
4.5561
4.5566
4.5569
4.5573
4.5575
4.5578
4.558
4.5582
4.5584
4.5586
4.5588
4.559
4.5592
4.5594
4.5595
4.5598
4.56
4.5602
4.5605
4.5608
4.5611
4.5615
4.562
4.563
4.5647
4.5666
4.5678
4.5682
4.5682
4.5682
4.5684
4.5686
4.5689
4.569
4.5691
