3.8303
10.253
7.766
5.858
4.6019
3.842
3.5027
3.5836
3.9582
4.2151
4.1623
3.9743
3.8263
3.7885
3.8364
3.8756
3.8379
3.739
3.6319
3.5547
3.5433
3.8784
4.431
4.7877
4.8338
4.7245
4.6059
4.5196
4.4447
4.3788
4.3122
4.2521
4.2065
4.1738
4.1483
4.1252
4.1037
4.0834
4.0813
4.0957
4.1066
4.1138
4.1182
4.1174
4.1129
4.1075
4.1027
4.099
4.0962
4.0939
4.0918
4.0898
4.0879
4.086
4.084
4.0819
4.0795
4.077
4.0741
4.0714
4.0695
4.0687
4.0681
4.0658
4.0616
4.0579
4.0565
4.0568
4.0577
4.0583
4.0584
4.0581
4.0578
4.0575
4.0571
4.0567
4.0562
4.0557
4.055
4.0543
4.0535
4.0525
4.0514
4.0501
4.0484
4.0462
4.0432
4.0396
4.0363
4.0334
4.031
4.0292
4.0279
4.0272
4.0266
4.026
4.0252
4.0243
4.0233
4.0223
4.0201
