5.443
1.4603
1.9564
2.5911
3.2775
3.9286
4.3821
4.4094
4.0168
3.6677
3.6215
3.7581
3.9122
3.9825
3.9533
3.8867
3.8509
3.861
3.9085
3.9842
4.0657
4.1326
4.1813
4.2227
4.2721
4.3489
4.4815
4.7525
5.219
5.3151
4.8784
4.5238
4.402
4.4274
4.502
4.5659
4.5998
4.611
4.6143
4.619
4.6262
4.6331
4.6369
4.6374
4.6354
4.632
4.6275
4.6221
4.6153
4.6066
4.5962
4.5877
4.5824
4.5779
4.5683
4.558
4.5517
4.5493
4.5491
4.5493
4.5491
4.5482
4.5468
4.5452
4.5436
4.5422
4.5409
4.54
4.5392
4.5387
4.5383
4.538
4.5378
4.5377
4.5376
4.5376
4.5375
4.5376
4.5376
4.5377
4.5378
4.5379
4.538
4.5382
4.5384
4.5387
4.5394
4.5407
4.5417
4.5419
4.5412
4.5402
4.5394
4.5389
4.5387
4.5386
4.5386
4.5385
4.5384
4.5383
4.5383
