5.1287
1.5142
1.9329
2.5502
3.2239
3.8528
4.2674
4.2578
3.8833
3.584
3.5478
3.6458
3.7515
3.8111
3.8195
3.7996
3.7801
3.7721
3.7658
3.724
3.6426
3.5613
3.5399
3.5145
3.3891
3.2389
3.1565
3.1549
3.1902
3.2207
3.2324
3.2356
3.2404
3.2453
3.2462
3.2421
3.2353
3.2289
3.2244
3.222
3.2204
3.2188
3.2171
3.2155
3.2142
3.2132
3.2122
3.2114
3.2112
3.2117
3.2122
3.2127
3.2131
3.2135
3.2139
3.2145
3.2153
3.2161
3.2168
3.2171
3.2173
3.2173
3.2174
3.2174
3.2174
3.2175
3.2175
3.2175
3.2176
3.2176
3.2177
3.2177
3.2178
3.2178
3.2179
3.218
3.2181
3.2182
3.2183
3.2185
3.2186
3.2188
3.219
3.2193
3.2196
3.22
3.2208
3.2219
3.2229
3.2234
3.2235
3.2235
3.2236
3.2237
3.2238
3.2239
3.224
3.224
3.224
3.224
3.224
