8.4766
1.7245
2.1328
2.7457
3.4365
4.1258
4.6692
4.8224
4.4543
3.9802
3.8138
3.8828
3.9972
4.0307
3.9503
3.8109
3.631
3.3608
3.1699
3.1394
3.1877
3.2329
3.2439
3.2296
3.2102
3.196
3.1861
3.1754
3.1605
3.1397
3.058
2.9254
2.8637
2.8779
2.92
2.9562
2.9736
2.9746
2.9688
2.9633
2.9602
2.9576
2.9547
2.9535
2.9538
2.9548
2.9559
2.9569
2.9576
2.9583
2.9605
2.9651
2.971
2.9758
2.9785
2.9795
2.9799
2.9802
2.9806
2.9811
2.9814
2.9817
2.9818
2.982
2.9822
2.9824
2.9826
2.9827
2.9828
2.9829
2.983
2.983
2.983
2.983
2.9831
2.9831
2.9831
2.9831
2.9831
2.9831
2.9831
2.9831
2.9831
2.9831
2.9831
2.9831
2.9831
2.9831
2.983
2.9829
2.9827
2.9827
2.9828
2.9829
2.983
2.9831
2.9831
2.9832
2.9832
2.9832
2.9832
