15.953
11.618
7.9579
5.8625
4.6036
3.895
3.6477
3.8512
4.2861
4.4885
4.3698
4.1524
3.9936
3.9413
3.9771
4.0487
4.1164
4.1887
4.3344
4.6547
5.0957
5.4781
5.6621
5.7097
5.7005
5.6434
5.547
5.4406
5.3472
5.2773
5.2244
5.1699
5.1182
5.0808
5.0627
5.0604
5.0656
5.0707
5.0728
5.0724
5.0716
5.0716
5.0724
5.0735
5.0747
5.0762
5.0782
5.0789
5.0773
5.0747
5.0722
5.0701
5.0684
5.0669
5.0652
5.0631
5.0608
5.0589
5.0577
5.0571
5.0568
5.0566
5.0564
5.0562
5.0559
5.0557
5.0556
5.0554
5.0553
5.0552
5.0551
5.055
5.055
5.0549
5.0548
5.0548
5.0548
5.0548
5.0548
5.0549
5.0551
5.0553
5.0557
5.0563
5.0576
5.0582
5.0559
5.0518
5.0485
5.0468
5.0465
5.0467
5.0467
5.0467
5.0466
5.0466
5.0466
5.0467
5.0468
5.0468
5.0469
