5.5433
1.6547
2.0957
2.7249
3.4231
4.1149
4.6595
4.8236
4.4965
4.0845
3.9714
4.085
4.2463
4.3343
4.3102
4.2228
4.1507
4.1282
4.1405
4.1574
4.1581
4.1435
4.1235
4.078
3.9717
3.8693
3.8476
3.9513
4.057
3.8908
3.5885
3.4119
3.3691
3.3995
3.452
3.4964
3.524
3.5401
3.5517
3.5624
3.5719
3.579
3.5832
3.585
3.5855
3.5854
3.5848
3.5838
3.5826
3.581
3.5788
3.5761
3.5727
3.5681
3.5596
3.5518
3.5477
3.5465
3.5464
3.5463
3.546
3.5454
3.5448
3.5443
3.544
3.5439
3.5439
3.544
3.5441
3.5442
3.5443
3.5445
3.5446
3.5447
3.5448
3.5449
3.5449
3.545
3.545
3.545
3.5449
3.5448
3.5446
3.5443
3.5436
3.5424
3.5426
3.5444
3.5465
3.5478
3.548
3.5478
3.5476
3.5476
3.5477
3.5478
3.5479
3.5479
3.5479
3.5478
3.5478
