6.7109
10.167
7.475
5.6337
4.4512
3.7526
3.4786
3.6522
4.1342
4.4626
4.459
4.3428
4.3436
4.6429
5.2081
5.7288
5.8885
5.7865
5.6448
5.5744
5.5785
5.6145
5.646
5.6376
5.5564
5.4319
5.3253
5.2751
5.2834
5.3149
5.3404
5.3577
5.3757
5.3991
5.4235
5.4408
5.4479
5.4486
5.4484
5.4505
5.4549
5.4603
5.4656
5.4703
5.4744
5.4785
5.4827
5.4873
5.4922
5.4975
5.5034
5.5099
5.5172
5.5243
5.5272
5.5254
5.52
5.5124
5.5028
5.492
5.4809
5.4702
5.4602
5.4512
5.4435
5.4368
5.4311
5.4261
5.4217
5.4179
5.4146
5.4118
5.4095
5.4075
5.4058
5.4043
5.403
5.4019
5.401
5.4002
5.3996
5.399
5.3985
5.3981
5.3978
5.3976
5.3973
5.3972
5.3971
5.3971
5.3971
5.3971
5.3972
5.3972
5.3971
5.3969
5.3967
5.3964
5.3962
5.3961
5.3959
