6.4224
10.008
7.3995
5.5794
4.3985
3.6854
3.3698
3.4564
3.8146
4.0398
3.9687
3.7713
3.6001
3.5122
3.4989
3.5098
3.4849
3.4997
3.6299
4.0536
4.4133
4.4834
4.412
4.3308
4.2576
4.1612
4.0423
3.938
3.8753
3.8583
3.873
3.8982
3.919
3.9308
3.9349
3.9345
3.9324
3.9304
3.9298
3.9312
3.9383
3.946
3.9486
3.9473
3.9449
3.943
3.9419
3.9411
3.9405
3.9398
3.939
3.9383
3.9375
3.9368
3.936
3.9352
3.9342
3.933
3.9316
3.9301
3.9286
3.9273
3.9261
3.9252
3.9242
3.9234
3.9226
3.9218
3.9211
3.9205
3.9198
3.9193
3.9187
3.9182
3.9176
3.9171
3.9166
3.916
3.9155
3.9149
3.9143
3.9136
3.9129
3.9121
3.9111
3.9099
3.9085
3.9066
3.9039
3.9001
3.896
3.8928
3.8911
3.8903
3.8899
3.8893
3.8886
3.888
3.8874
3.887
3.8868
