1.6713
1.4282
1.9284
2.563
3.2467
3.8938
4.3452
4.3864
4.0334
3.7188
3.6835
3.8186
3.9758
4.0677
4.0731
4.0269
3.9804
3.9544
3.9331
3.8589
3.7164
3.5545
3.4472
3.384
3.3006
3.2246
3.1973
3.216
3.2482
3.2656
3.2698
3.2831
3.3095
3.3383
3.3599
3.3708
3.3736
3.373
3.3728
3.3737
3.3751
3.3759
3.3761
3.3757
3.3753
3.375
3.3739
3.3724
3.3719
3.3723
3.3728
3.3732
3.3734
3.3734
3.3733
3.3735
3.3742
3.3751
3.3758
3.3762
3.3763
3.3763
3.3762
3.3762
3.3763
3.3763
3.3763
3.3764
3.3764
3.3764
3.3764
3.3764
3.3764
3.3764
3.3764
3.3764
3.3763
3.3763
3.3762
3.3761
3.376
3.3758
3.3755
3.3751
3.3743
3.3732
3.3731
3.3747
3.3766
3.3779
3.3784
3.3784
3.3784
3.3785
3.3786
3.3787
3.3787
3.3787
3.3787
3.3787
3.3787
