2.575
1.4163
1.8955
2.5208
3.2012
3.8501
4.3125
4.3777
4.0448
3.7199
3.6406
3.7024
3.7913
3.8533
3.8743
3.8715
3.888
3.9383
3.826
3.5944
3.3631
3.2618
3.2453
3.242
3.2087
3.1679
3.1558
3.1669
3.1875
3.2044
3.21
3.2064
3.1996
3.1939
3.1903
3.1882
3.1866
3.1849
3.1827
3.1798
3.1755
3.1708
3.168
3.1672
3.1673
3.1674
3.1673
3.167
3.1668
3.1666
3.1664
3.1663
3.1662
3.1661
3.1661
3.1661
3.1661
3.166
3.166
3.1659
3.1658
3.1656
3.1653
3.1651
3.1648
3.1646
3.1644
3.1642
3.164
3.1638
3.1637
3.1635
3.1635
3.1634
3.1633
3.1633
3.1632
3.1632
3.1632
3.1632
3.1632
3.1632
3.1632
3.1633
3.1633
3.1633
3.1634
3.1635
3.1636
3.1639
3.1642
3.1645
3.1645
3.1642
3.1639
3.1637
3.1637
3.1637
3.1637
3.1636
3.1636
