8.9991
1.4513
1.9278
2.5505
3.2307
3.8824
4.3518
4.4285
4.1107
3.8104
3.7825
3.9324
4.1148
4.2413
4.2886
4.2937
4.3204
4.4354
4.7444
5.0018
4.959
4.6106
4.3407
4.2561
4.2745
4.3278
4.3854
4.4287
4.4642
4.5174
4.5644
4.5888
4.6061
4.6183
4.6212
4.613
4.5969
4.5791
4.564
4.5532
4.5455
4.5396
4.5348
4.5311
4.5289
4.5283
4.522
4.5136
4.5085
4.5063
4.5053
4.5044
4.5034
4.5024
4.5014
4.5007
4.5001
4.4995
4.4988
4.4978
4.4968
4.496
4.4952
4.4945
4.4939
4.4932
4.4925
4.4918
4.491
4.4903
4.4895
4.4887
4.4878
4.4869
4.4859
4.4849
4.4837
4.4824
4.4808
4.4791
4.477
4.4744
4.4712
4.4667
4.4598
4.4497
4.4429
4.4412
4.4418
4.4421
4.4417
4.4408
4.4401
4.4397
4.4395
4.4394
4.4393
4.4392
4.4391
4.439
4.439
