3.0284
9.9065
7.4881
5.6469
4.4554
3.7466
3.4546
3.5883
3.9969
4.2455
4.1871
4.0209
3.9197
3.9472
4.0757
4.2201
4.3198
4.3919
4.4874
4.6168
4.7484
4.8906
5.1736
5.5617
5.792
5.756
5.5961
5.4561
5.3922
5.3956
5.427
5.4563
5.4762
5.4902
5.5012
5.5091
5.5139
5.5166
5.5191
5.5232
5.5293
5.5346
5.5374
5.5385
5.5391
5.5397
5.5406
5.5414
5.5423
5.5431
5.544
5.545
5.546
5.547
5.5476
5.5473
5.5459
5.5427
5.5363
5.527
5.5161
5.5049
5.494
5.4837
5.4741
5.4655
5.4577
5.4509
5.4451
5.4402
5.4361
5.4327
5.4299
5.4276
5.4257
5.4241
5.4228
5.4217
5.4208
5.42
5.4193
5.4187
5.4182
5.4177
5.4173
5.4168
5.4163
5.4157
5.4149
5.4138
5.4128
5.4123
5.4123
5.4126
5.4128
5.4128
5.4127
5.4126
5.4126
5.4126
5.4126
