2.8834
10.259
7.5113
5.6015
4.4139
3.7264
3.467
3.6459
4.082
4.3075
4.2021
3.981
3.8021
3.7142
3.6986
3.7013
3.6753
3.6108
3.5242
3.4311
3.3268
3.1863
2.9569
2.8019
3.0101
3.562
4.1208
4.4417
4.597
4.7133
4.7963
4.817
4.7955
4.7682
4.7562
4.7622
4.7779
4.7942
4.8064
4.8148
4.8214
4.8278
4.834
4.8396
4.8442
4.8479
4.8508
4.8531
4.8549
4.8565
4.8581
4.8599
4.8619
4.8641
4.8664
4.8671
4.866
4.8642
4.8626
4.8617
4.8615
4.8619
4.8628
4.8638
4.8648
4.866
4.8671
4.8684
4.8696
4.8708
4.8719
4.873
4.874
4.8748
4.8756
4.8762
4.8767
4.8771
4.8773
4.8775
4.8775
4.8774
4.8771
4.8766
4.8759
4.8747
4.8728
4.8707
4.8692
4.8685
4.8682
4.868
4.8676
4.8671
4.8667
4.8663
4.8661
4.866
4.8659
4.8659
4.8658
