10.343
1.3317
1.8519
2.4857
3.1709
3.8325
4.3249
4.4324
4.1094
3.7476
3.6489
3.7358
3.8447
3.8435
3.6808
3.4812
3.3864
3.4021
3.4608
3.5093
3.5324
3.4171
3.2273
3.1212
3.1235
3.1843
3.2487
3.2915
3.312
3.3104
3.3123
3.3219
3.3317
3.3366
3.3374
3.337
3.3372
3.3378
3.3359
3.3305
3.3273
3.3264
3.3245
3.3235
3.3244
3.326
3.3276
3.3288
3.3296
3.3302
3.3307
3.3312
3.3316
3.332
3.3326
3.3336
3.3349
3.3365
3.339
3.3425
3.3464
3.35
3.3534
3.3564
3.3593
3.3617
3.3632
3.3638
3.3642
3.3647
3.3653
3.3659
3.3665
3.3671
3.3675
3.368
3.3684
3.3688
3.3693
3.3697
3.3701
3.3706
3.3711
3.3716
3.3723
3.373
3.374
3.3753
3.3768
3.3781
3.3793
3.3803
3.3811
3.3817
3.3822
3.3825
3.3829
3.3834
3.3838
3.3843
3.3848
