4.0626
10.654
7.7723
5.7942
4.5301
3.7613
3.396
3.4332
3.7794
4.0511
4.0287
3.8666
3.7407
3.7242
3.7993
3.8878
3.9268
3.9191
3.9046
3.9151
3.9567
4.0126
4.049
4.0396
3.9987
3.9666
3.9788
4.055
4.1795
4.3258
4.5608
4.9443
5.3009
5.4869
5.5014
5.4305
5.3603
5.3245
5.3161
5.3175
5.3184
5.3173
5.316
5.3156
5.3167
5.32
5.3252
5.3321
5.3414
5.3547
5.3681
5.3734
5.3726
5.371
5.371
5.3721
5.3732
5.3725
5.3687
5.3629
5.3568
5.3512
5.3465
5.3429
5.3405
5.339
5.3381
5.3376
5.3373
5.3372
5.3374
5.3381
5.3392
5.3407
5.3427
5.3452
5.3482
5.3519
5.3564
5.3621
5.3694
5.3789
5.3922
5.4119
5.4432
5.4792
5.5104
5.5371
5.5621
5.5798
5.5891
5.5936
5.5964
5.5988
5.6009
5.6025
5.6036
5.6044
5.605
5.6054
5.6058
