4.9031
9.9159
7.4663
5.6008
4.4077
3.7013
3.4119
3.562
4.0183
4.3077
4.2475
4.0556
3.9199
3.9065
3.9854
4.0701
4.0968
4.0687
4.0193
3.9798
3.9704
3.9923
4.0305
4.0697
4.1082
4.1629
4.2727
4.4995
4.8028
5.0306
5.1657
5.2336
5.2013
5.116
5.0519
5.0324
5.0545
5.0956
5.132
5.1526
5.1595
5.1598
5.1586
5.1571
5.1554
5.1535
5.1515
5.1493
5.1472
5.1581
5.1779
5.1781
5.1629
5.144
5.1281
5.1155
5.1049
5.094
5.0806
5.0651
5.0496
5.0353
5.0226
5.0119
5.0036
4.9972
4.9924
4.9885
4.9853
4.9826
4.9804
4.9786
4.9771
4.9759
4.9748
4.9738
4.9729
4.972
4.9712
4.9703
4.9694
4.9683
4.9672
4.9658
4.9641
4.9619
4.9588
4.9554
4.9524
4.9501
4.9484
4.947
4.9459
4.9451
4.9444
4.9438
4.9433
4.9428
4.9424
4.942
4.9417
