13.794
9.8715
6.8531
5.1609
4.0598
3.3491
2.9458
2.8492
3.0472
3.2823
3.2777
3.0803
2.8114
2.4933
1.9855
0.80141
0
0
0
0
0
0
0
0
0
0
0
0
0
0
0
0.018688
0.092924
0.14592
0.15026
0.12757
0.1106
0.12174
0.16615
0.23677
0.32465
0.42538
0.53783
0.65917
0.78543
0.91345
1.0415
1.1694
1.2969
1.4144
1.5104
1.5803
1.6276
1.6602
1.6846
1.7042
1.7199
1.7322
1.7416
1.7488
1.7544
1.7589
1.7624
1.765
1.7668
1.7682
1.7691
1.7698
1.7704
1.7708
1.7712
1.7715
1.7718
1.7721
1.7723
1.7726
1.7728
1.773
1.7733
1.7735
1.7738
1.7741
1.7744
1.7747
1.7751
1.7756
1.7762
1.777
1.7782
1.7799
1.7815
1.7827
1.7833
1.7834
1.7831
1.7828
1.7824
1.782
1.7817
1.7814
1.7811
