7.0619
11.069
7.918
5.898
4.651
3.9533
3.7337
3.993
4.497
4.74
4.6342
4.4361
4.3304
4.3717
4.5168
4.6713
4.7758
4.8571
4.9685
5.0835
5.1118
5.0753
5.0977
5.3818
5.862
6.1587
6.1855
6.0863
5.9866
5.9335
5.9224
5.9342
5.9534
5.9708
5.9821
5.987
5.9876
5.9866
5.986
5.9859
5.986
5.9853
5.9836
5.982
5.9814
5.9819
5.983
5.9842
5.9853
5.9862
5.9872
5.9882
5.9892
5.9903
5.9914
5.9926
5.9937
5.9949
5.9961
5.9973
5.9986
5.9999
6.0012
6.0026
6.004
6.0056
6.0072
6.0089
6.0107
6.0126
6.0147
6.0169
6.0192
6.0218
6.0246
6.0277
6.0311
6.035
6.0393
6.0443
6.0501
6.057
6.0653
6.0757
6.0891
6.1074
6.1342
6.1733
6.2113
6.2287
6.2297
6.2263
6.2246
6.2252
6.2264
6.2274
6.2278
6.228
6.2281
6.2282
6.2284
