7.5139
1.2918
1.7956
2.4186
3.0982
3.759
4.2609
4.4037
4.1441
3.8382
3.7732
3.8851
4.0211
4.0773
4.0352
3.9573
3.9146
3.9241
3.9589
3.9869
3.9954
3.9941
4.0011
4.03
4.095
4.2274
4.4917
4.7417
4.502
4.0961
3.8861
3.8492
3.8893
3.9275
3.9324
3.9138
3.8927
3.8801
3.8755
3.8737
3.8713
3.8678
3.8641
3.8612
3.8592
3.8577
3.8564
3.8553
3.8542
3.8534
3.8526
3.8521
3.8515
3.8511
3.8507
3.8504
3.8501
3.8499
3.8496
3.8495
3.8493
3.8492
3.8491
3.849
3.8489
3.8488
3.8488
3.8487
3.8486
3.8485
3.8484
3.8484
3.8483
3.8483
3.8483
3.8483
3.8483
3.8483
3.8483
3.8483
3.8483
3.8484
3.8484
3.8484
3.8485
3.8485
3.8486
3.8487
3.8488
3.8491
3.8494
3.8495
3.8489
3.848
3.8472
3.8467
3.8465
3.8466
3.8466
3.8466
3.8466
