6.4447
1.7974
2.1475
2.7591
3.4544
4.1624
4.7656
5.0916
5.1042
5.2897
5.3498
5.0824
4.7754
4.5841
4.5101
4.4934
4.4873
4.4734
4.4451
4.4161
4.4143
4.4573
4.5222
4.5686
4.5724
4.5348
4.449
4.3373
4.2695
4.2558
4.2641
4.269
4.2652
4.2581
4.2527
4.2503
4.2495
4.2487
4.2496
4.2534
4.2579
4.2606
4.2611
4.2602
4.2592
4.2586
4.2584
4.2585
4.2585
4.2585
4.2585
4.2584
4.2583
4.2583
4.2583
4.2583
4.2584
4.2584
4.2584
4.2585
4.2585
4.2585
4.2586
4.2586
4.2587
4.2587
4.2587
4.2587
4.2587
4.2587
4.2587
4.2587
4.2587
4.2587
4.2587
4.2587
4.2586
4.2586
4.2586
4.2586
4.2586
4.2586
4.2586
4.2586
4.2585
4.2585
4.2585
4.2585
4.2585
4.2585
4.2585
4.2585
4.2585
4.2585
4.2585
4.2585
4.2586
4.2586
4.2587
4.2586
4.2586
