7.6204
10.151
7.5789
5.7233
4.5058
3.7641
3.4236
3.4826
3.8284
4.0807
4.0449
3.8765
3.7462
3.7288
3.8216
3.9984
4.3183
4.8714
5.2548
5.3156
5.2462
5.2045
5.2246
5.2759
5.3258
5.3711
5.444
5.5363
5.5621
5.4925
5.3757
5.2634
5.1814
5.1408
5.1445
5.182
5.2326
5.2767
5.3056
5.3209
5.3291
5.3356
5.343
5.3512
5.3598
5.3691
5.3798
5.393
5.4091
5.4214
5.4257
5.4247
5.4227
5.4221
5.4231
5.4246
5.4256
5.4261
5.4263
5.4265
5.4267
5.4267
5.4266
5.4262
5.4258
5.4254
5.4251
5.4248
5.4246
5.4243
5.424
5.4237
5.4233
5.4229
5.4225
5.422
5.4215
5.4209
5.4203
5.4195
5.4186
5.4175
5.4162
5.4146
5.4126
5.4094
5.4041
5.3981
5.3936
5.3918
5.392
5.393
5.394
5.3948
5.3956
5.3963
5.3971
5.3978
5.3985
5.399
5.3995
