8.6982
1.6607
2.0729
2.6974
3.3909
4.0712
4.5905
4.7155
4.369
3.9766
3.8847
4.0058
4.1669
4.2549
4.2365
4.1584
4.0931
4.0718
4.0794
4.085
4.0693
4.0388
4.009
3.9387
3.7675
3.5873
3.4904
3.484
3.4865
3.3688
3.2023
3.1195
3.118
3.1563
3.2013
3.2352
3.2553
3.2667
3.2752
3.2829
3.2895
3.2941
3.2964
3.2971
3.2969
3.2962
3.2953
3.294
3.2926
3.291
3.2891
3.2866
3.2836
3.2797
3.274
3.2691
3.2668
3.2663
3.2665
3.2665
3.2663
3.2659
3.2655
3.2651
3.2649
3.2648
3.2648
3.2648
3.2648
3.2648
3.2648
3.2649
3.2649
3.2649
3.265
3.265
3.265
3.2651
3.2651
3.2651
3.2652
3.2651
3.2651
3.265
3.2648
3.2643
3.2648
3.2665
3.2683
3.2693
3.2695
3.2694
3.2693
3.2694
3.2695
3.2696
3.2696
3.2697
3.2696
3.2696
3.2696
