6.7199
10.669
7.8806
5.9184
4.6753
3.9691
3.7384
3.9904
4.5043
4.7744
4.6965
4.5255
4.4619
4.5982
4.885
5.1206
5.1815
5.1481
5.1476
5.291
5.7021
6.1917
6.4134
6.3083
6.0615
5.8374
5.6984
5.6403
5.6341
5.6535
5.6766
5.6909
5.6988
5.7039
5.7064
5.705
5.7004
5.6956
5.6927
5.6917
5.6914
5.6912
5.6911
5.691
5.691
5.6912
5.6919
5.6927
5.6936
5.6945
5.6953
5.6961
5.697
5.6979
5.6982
5.6978
5.6971
5.6964
5.6958
5.6954
5.6952
5.6954
5.6957
5.6961
5.6967
5.6978
5.6993
5.7008
5.7018
5.7023
5.7024
5.7025
5.7026
5.7027
5.7029
5.703
5.7031
5.7033
5.7034
5.7035
5.7036
5.7038
5.7039
5.7041
5.7042
5.7044
5.7046
5.7049
5.7052
5.7056
5.706
5.7064
5.7067
5.7069
5.7071
5.7073
5.7075
5.7076
5.7078
5.7079
5.708
