5.11
10.928
7.772
5.7476
4.504
3.7802
3.4849
3.6148
4.0083
4.2325
4.1499
3.9611
3.8336
3.8293
3.927
4.0518
4.1427
4.2047
4.2787
4.3773
4.4872
4.6272
4.9351
5.4638
5.9426
6.0893
6.0008
5.8685
5.7881
5.7724
5.7893
5.81
5.8278
5.846
5.8657
5.8834
5.8957
5.9024
5.9056
5.9082
5.9117
5.9155
5.9184
5.9208
5.923
5.9254
5.9279
5.9305
5.9331
5.9357
5.9385
5.9413
5.9444
5.9476
5.9507
5.9533
5.9555
5.9564
5.9536
5.9477
5.9408
5.9343
5.9287
5.924
5.9202
5.9173
5.9149
5.9132
5.9121
5.9113
5.911
5.9108
5.9109
5.911
5.9112
5.9114
5.9117
5.9119
5.9121
5.9124
5.9126
5.9127
5.9129
5.9131
5.9132
5.9134
5.9135
5.9137
5.9138
5.914
5.9143
5.9146
5.9151
5.9156
5.9158
5.916
5.916
5.9161
5.9161
5.9162
5.9162
