11.161
1.3559
1.8622
2.4945
3.178
3.8286
4.2941
4.3673
4.0445
3.7227
3.6391
3.6925
3.7763
3.8404
3.8715
3.8879
3.9472
4.0597
3.9367
3.6455
3.3763
3.2689
3.2633
3.281
3.2794
3.2653
3.2562
3.2529
3.2599
3.2728
3.2814
3.2828
3.2807
3.2788
3.2784
3.2791
3.2798
3.2799
3.2791
3.2775
3.2747
3.2715
3.27
3.2703
3.2712
3.2719
3.2722
3.2722
3.2722
3.2721
3.2721
3.2721
3.2721
3.2721
3.272
3.272
3.272
3.272
3.2719
3.2718
3.2717
3.2716
3.2714
3.2712
3.2711
3.271
3.2709
3.2708
3.2707
3.2706
3.2706
3.2705
3.2705
3.2705
3.2705
3.2705
3.2705
3.2705
3.2705
3.2705
3.2705
3.2706
3.2706
3.2706
3.2707
3.2707
3.2708
3.2709
3.271
3.2713
3.2717
3.2721
3.272
3.2717
3.2713
3.2711
3.271
3.271
3.271
3.271
3.271
