5.5557
1.4439
1.9385
2.5641
3.2508
3.9276
4.4565
4.6213
4.3381
3.9786
3.8874
4.0052
4.1656
4.2505
4.225
4.1448
4.0907
4.0916
4.1304
4.1823
4.2241
4.244
4.2476
4.2526
4.2709
4.2981
4.3209
4.3246
4.3205
4.43
4.6107
4.4406
4.2556
4.2539
4.3141
4.41
4.4886
4.5253
4.5292
4.5214
4.5163
4.5165
4.5182
4.5222
4.5289
4.5377
4.5491
4.5659
4.5963
4.6102
4.5701
4.537
4.5238
4.5222
4.5231
4.5228
4.5216
4.5207
4.5214
4.5241
4.5277
4.5311
4.534
4.5364
4.5381
4.5392
4.5398
4.5402
4.5405
4.5407
4.5408
4.5408
4.5406
4.5404
4.54
4.5395
4.5389
4.5382
4.5374
4.5365
4.5353
4.5339
4.5321
4.5297
4.5263
4.5218
4.5186
4.5175
4.5178
4.5183
4.5191
4.5201
4.5208
4.5211
4.5212
4.5211
4.521
4.521
4.5209
4.5209
4.5208
