6.5664
1.5955
2.0813
2.7295
3.4383
4.1409
4.7035
4.8945
4.5851
4.1613
4.0315
4.1631
4.4488
4.7254
4.6937
4.3245
4.0324
3.9536
4.0005
4.0652
4.0906
4.0717
4.0505
4.0596
4.0891
4.133
4.1834
4.2288
4.2564
4.2634
4.2672
4.2758
4.2855
4.2896
4.2851
4.2778
4.2748
4.2778
4.2842
4.2909
4.2966
4.3011
4.3053
4.3098
4.3148
4.3204
4.3266
4.3333
4.3408
4.3494
4.3595
4.3715
4.3853
4.3872
4.3855
4.3851
4.3864
4.3888
4.3919
4.3958
4.4
4.4043
4.4083
4.412
4.4151
4.4177
4.4197
4.4214
4.4228
4.4241
4.4252
4.4261
4.4269
4.4274
4.4279
4.4282
4.4285
4.4288
4.429
4.4292
4.4293
4.4294
4.4295
4.4296
4.4296
4.4297
4.4297
4.4297
4.4298
4.4297
4.4297
4.4297
4.4297
4.4298
4.4298
4.43
4.4301
4.4302
4.4302
4.4303
4.4303
