17.079
12.498
8.3415
6.1011
4.7547
3.982
3.6755
3.8232
4.2524
4.5115
4.4444
4.2603
4.1456
4.1751
4.3117
4.4273
4.4395
4.3869
4.3553
4.4209
4.6963
5.246
5.7347
5.8979
5.8067
5.6469
5.5339
5.4888
5.4821
5.479
5.4671
5.4544
5.45
5.4532
5.4587
5.463
5.466
5.469
5.4746
5.4841
5.4906
5.4955
5.4994
5.4991
5.4956
5.4912
5.4875
5.4847
5.4824
5.4804
5.4784
5.4764
5.4743
5.4721
5.4696
5.4668
5.4636
5.4599
5.4556
5.4511
5.4473
5.4442
5.4413
5.4376
5.4335
5.4308
5.4301
5.4307
5.4314
5.4315
5.431
5.4302
5.4295
5.4288
5.4281
5.4273
5.4266
5.4257
5.4249
5.4239
5.423
5.4219
5.4208
5.4194
5.4179
5.4159
5.4133
5.4104
5.4076
5.4052
5.4031
5.4013
5.4
5.3989
5.398
5.3968
5.3955
5.394
5.3921
5.3897
5.3862
