2.8887
1.4416
1.9801
2.6237
3.3168
3.9822
4.4662
4.5374
4.1664
3.8079
3.7569
3.9026
4.0762
4.1695
4.1581
4.1096
4.1141
4.1975
4.3248
4.4519
4.5632
4.6971
5.0483
5.5812
5.8927
5.8084
5.5982
5.4246
5.341
5.3382
5.399
5.5092
5.6644
5.8252
5.8699
5.8514
5.8246
5.8149
5.8215
5.8337
5.8434
5.8486
5.8507
5.852
5.8536
5.8557
5.8579
5.8598
5.8615
5.8629
5.8642
5.8654
5.8666
5.8676
5.8686
5.8699
5.8715
5.8732
5.8745
5.8755
5.8761
5.8766
5.877
5.8775
5.878
5.8786
5.8792
5.8799
5.8807
5.8815
5.8822
5.8829
5.8836
5.8842
5.8848
5.8854
5.8859
5.8865
5.887
5.8875
5.8879
5.8883
5.8887
5.8891
5.8894
5.8897
5.89
5.8903
5.8905
5.8907
5.8908
5.8908
5.8908
5.8908
5.8908
5.891
5.8912
5.8915
5.8917
5.8919
5.892
