10.889
1.3818
1.9132
2.5453
3.2372
3.9298
4.4983
4.734
4.5107
4.1456
4.028
4.1423
4.3306
4.4739
4.5276
4.5405
4.6079
4.7951
5.1579
5.9585
7.2927
7.7376
7.5027
7.0464
6.7639
6.7019
6.7426
6.79
6.8138
6.8081
6.8118
6.8231
6.8205
6.8042
6.7809
6.7652
6.7576
6.7483
6.7293
6.6991
6.6696
6.647
6.6242
6.6046
6.5911
6.5825
6.5768
6.5723
6.5686
6.5655
6.5629
6.5608
6.559
6.5574
6.5557
6.554
6.5522
6.5503
6.5489
6.5484
6.5481
6.5469
6.5436
6.5396
6.5383
6.5394
6.5405
6.5402
6.5387
6.5368
6.5352
6.5338
6.5325
6.5312
6.5299
6.5284
6.5269
6.5253
6.5236
6.5217
6.5197
6.5173
6.5145
6.511
6.5064
6.5
6.4933
6.488
6.4838
6.4798
6.4769
6.4751
6.4738
6.4724
6.4706
6.4686
6.4663
6.4637
6.4605
6.4558
6.4486
