3.3018
9.8803
7.5812
5.7152
4.513
3.8143
3.5521
3.7236
4.1301
4.3224
4.2011
3.9751
3.7948
3.7066
3.6913
3.6944
3.6694
3.609
3.5314
3.4396
3.3136
3.1137
2.7613
2.8139
3.4549
4.1209
4.3506
4.2738
4.129
4.0356
3.9998
3.991
3.9927
4.0039
4.0235
4.0455
4.0624
4.0706
4.0713
4.068
4.0638
4.06
4.0565
4.053
4.0499
4.0472
4.0451
4.0433
4.0419
4.0407
4.0397
4.0388
4.0378
4.0367
4.0353
4.0333
4.0305
4.0272
4.023
4.0177
4.0118
4.0056
3.9994
3.9933
3.9874
3.9819
3.9768
3.9722
3.9682
3.9647
3.9618
3.9594
3.9574
3.9558
3.9544
3.9533
3.9524
3.9517
3.9512
3.9507
3.9504
3.9501
3.9499
3.9498
3.9497
3.9497
3.9497
3.9498
3.95
3.9502
3.9503
3.9504
3.9504
3.9504
3.9504
3.9503
3.9503
3.9503
3.9504
3.9504
3.9504
