1.3085
10.281
7.5331
5.6355
4.443
3.748
3.4841
3.6726
4.1521
4.4378
4.3752
4.193
4.0779
4.0902
4.1923
4.2943
4.3391
4.3459
4.3654
4.42
4.5051
4.6906
5.1897
5.7495
5.9556
5.8152
5.5591
5.3547
5.2521
5.226
5.2298
5.2347
5.2353
5.2344
5.2326
5.229
5.2235
5.2182
5.2153
5.2158
5.219
5.2221
5.2229
5.222
5.2206
5.2196
5.219
5.2186
5.2182
5.2177
5.2172
5.2167
5.2163
5.2159
5.2156
5.2152
5.2149
5.2146
5.2144
5.2143
5.2145
5.2151
5.216
5.217
5.218
5.2189
5.2197
5.2204
5.221
5.2216
5.2221
5.2225
5.2228
5.223
5.2232
5.2233
5.2234
5.2234
5.2234
5.2233
5.2233
5.2232
5.2231
5.223
5.223
5.223
5.2233
5.2238
5.2235
5.2208
5.2166
5.2132
5.2117
5.2116
5.2118
5.212
5.2119
5.2117
5.2116
5.2117
5.2117
