8.5682
1.4645
1.963
2.5922
3.2789
3.9468
4.4495
4.5705
4.2653
3.9337
3.8743
4.0043
4.1625
4.239
4.2034
4.1099
4.0352
4.0039
3.9848
3.9562
3.9356
3.9793
4.0544
3.9321
3.6272
3.425
3.396
3.4507
3.5129
3.5433
3.54
3.5271
3.5158
3.5055
3.4943
3.4826
3.4729
3.4665
3.463
3.4608
3.4584
3.4554
3.4529
3.451
3.4495
3.4481
3.4466
3.4452
3.4437
3.4422
3.4407
3.4392
3.4375
3.4352
3.432
3.4279
3.4226
3.4156
3.4088
3.4033
3.3991
3.3955
3.3922
3.3892
3.3865
3.3841
3.3822
3.3806
3.3793
3.3782
3.3772
3.3765
3.3758
3.3752
3.3747
3.3743
3.3739
3.3736
3.3734
3.3732
3.373
3.3729
3.3727
3.3726
3.3726
3.3725
3.3725
3.3724
3.3725
3.3725
3.3727
3.3727
3.3726
3.3723
3.3721
3.372
3.3719
3.3719
3.3718
3.3718
3.3717
