10.865
1.2053
1.7589
2.4043
3.0878
3.7276
4.1701
4.2159
3.8857
3.585
3.5514
3.6862
3.8355
3.9005
3.865
3.788
3.7268
3.6834
3.6851
3.7592
3.8705
3.972
4.0419
4.0863
4.1241
4.1702
4.2343
4.3361
4.5594
5.1864
5.1709
4.4977
4.0556
3.952
4.0166
4.1265
4.2121
4.2526
4.2619
4.2627
4.2691
4.2653
4.2532
4.2469
4.246
4.247
4.2481
4.2487
4.2491
4.249
4.2474
4.2502
4.2594
4.2695
4.2759
4.2786
4.2793
4.2797
4.2803
4.281
4.2816
4.2819
4.282
4.2822
4.2825
4.2829
4.2832
4.2836
4.2839
4.2841
4.2843
4.2844
4.2845
4.2846
4.2847
4.2847
4.2847
4.2848
4.2848
4.2848
4.2848
4.2848
4.2848
4.2848
4.2849
4.2849
4.285
4.2853
4.2854
4.2852
4.2848
4.2845
4.2842
4.2839
4.2838
4.2837
4.2836
4.2836
4.2836
4.2836
4.2836
