1.0135
11.336
8.469
6.2528
4.8556
4.0375
3.6824
3.7642
4.1324
4.3837
4.3476
4.2005
4.115
4.1513
4.2695
4.3783
4.4225
4.4199
4.4174
4.4458
4.5059
4.5807
4.6558
4.7333
4.8319
4.9938
5.3424
6.0495
6.8761
7.2172
7.1099
6.8707
6.6877
6.6101
6.6054
6.6205
6.6252
6.6164
6.6032
6.5929
6.5871
6.5841
6.5817
6.5792
6.5768
6.5748
6.5733
6.5722
6.5713
6.5706
6.57
6.5695
6.5691
6.5688
6.5685
6.5683
6.5681
6.5679
6.5678
6.5677
6.5676
6.5676
6.5675
6.5675
6.5675
6.5675
6.5675
6.5675
6.5675
6.5674
6.5674
6.5674
6.5674
6.5674
6.5675
6.5675
6.5675
6.5676
6.5676
6.5677
6.5677
6.5678
6.5679
6.5679
6.568
6.5681
6.5681
6.5681
6.5681
6.568
6.5685
6.5699
6.5719
6.5736
6.5746
6.5748
6.5746
6.5744
6.5743
6.5742
6.5743
