13.028
1.592
2.0398
2.6743
3.3698
4.0494
4.5667
4.6893
4.3402
3.9406
3.8395
3.9538
4.1092
4.191
4.1703
4.1021
4.0612
4.0722
4.1094
4.1559
4.2575
4.5443
4.543
4.1622
3.7829
3.6466
3.6903
3.7915
3.8683
3.8982
3.9018
3.9016
3.9036
3.9049
3.9038
3.9018
3.9012
3.9021
3.9031
3.9027
3.9005
3.8974
3.8953
3.8945
3.8944
3.8942
3.8938
3.8933
3.8927
3.8921
3.8917
3.8913
3.8908
3.8904
3.89
3.8895
3.8891
3.8887
3.8882
3.8876
3.887
3.8863
3.8854
3.8845
3.8837
3.8828
3.8821
3.8813
3.8806
3.8798
3.879
3.8782
3.8773
3.8765
3.8756
3.8746
3.8736
3.8725
3.8713
3.87
3.8684
3.8667
3.8647
3.8623
3.8593
3.8555
3.8504
3.8425
3.8322
3.824
3.8202
3.819
3.8181
3.8167
3.815
3.8136
3.8126
3.8119
3.8115
3.8111
3.8108
