12.171
11.119
7.5877
5.6287
4.4055
3.6565
3.2931
3.3267
3.6883
3.9944
3.9989
3.852
3.7349
3.7247
3.804
3.893
3.9295
3.9216
3.9153
3.9466
4.0222
4.1243
4.2053
4.221
4.1899
4.1704
4.2322
4.4518
4.7629
4.9967
5.0908
5.1055
5.0781
5.0204
4.9492
4.8895
4.8603
4.8612
4.8786
4.8987
4.9156
4.9298
4.9437
4.9579
4.9726
4.9875
5.0024
5.0173
5.0324
5.0489
5.0644
5.0741
5.08
5.0872
5.0989
5.1171
5.1431
5.1674
5.1803
5.1817
5.1758
5.1653
5.1526
5.1408
5.1314
5.1248
5.1205
5.118
5.1166
5.1161
5.1166
5.1179
5.12
5.1228
5.1263
5.1305
5.1354
5.1411
5.148
5.1561
5.1661
5.1788
5.1954
5.2187
5.252
5.2859
5.3121
5.3321
5.3494
5.3613
5.3672
5.3697
5.3713
5.3726
5.3737
5.3745
5.375
5.3753
5.3755
5.3757
5.3758
