10.787
1.415
1.9201
2.5443
3.221
3.8626
4.3091
4.3476
3.9971
3.6794
3.6119
3.6778
3.7612
3.8114
3.8181
3.7973
3.7725
3.7463
3.6745
3.5721
3.4921
3.4835
3.5468
3.5932
3.4835
3.3065
3.2282
3.2415
3.2979
3.3458
3.3687
3.3738
3.3724
3.37
3.3674
3.3648
3.3628
3.3621
3.3627
3.3638
3.3648
3.3652
3.366
3.3673
3.3686
3.3697
3.3705
3.3711
3.3715
3.3718
3.3721
3.3723
3.3724
3.3726
3.3729
3.3731
3.3734
3.3737
3.3739
3.374
3.374
3.3738
3.3735
3.3731
3.3726
3.3722
3.3717
3.3713
3.3709
3.3704
3.3701
3.3697
3.3694
3.3691
3.3689
3.3687
3.3685
3.3684
3.3682
3.3681
3.368
3.3679
3.3678
3.3678
3.3677
3.3676
3.3676
3.3675
3.3675
3.3674
3.3674
3.3673
3.3672
3.3671
3.367
3.367
3.367
3.367
3.367
3.367
3.367
