4.5562
8.9366
6.8768
5.2418
4.1566
3.4901
3.1971
3.3239
3.7836
4.107
4.0778
3.9049
3.7773
3.7643
3.8412
3.9262
3.9555
3.9301
3.8859
3.8539
3.8486
3.8677
3.9011
3.9431
3.9738
3.9566
3.893
3.8309
3.85
4.149
4.6429
4.938
4.9619
4.8479
4.714
4.6102
4.5396
4.4873
4.44
4.3932
4.3481
4.3071
4.2708
4.238
4.2067
4.1755
4.1432
4.1091
4.0724
4.0317
3.9854
3.9306
3.8645
3.7988
3.782
3.7773
3.7725
3.7665
3.7606
3.756
3.7533
3.7524
3.7528
3.7541
3.7561
3.7584
3.7609
3.7635
3.766
3.7685
3.771
3.7733
3.7755
3.7776
3.7795
3.7813
3.7829
3.7843
3.7857
3.7868
3.7879
3.7888
3.7896
3.7902
3.7907
3.7908
3.7906
3.7906
3.7916
3.7937
3.7964
3.7988
3.8006
3.8019
3.8028
3.8035
3.8042
3.8049
3.8055
3.806
3.8064
