11.025
1.6345
2.0924
2.737
3.4384
4.1218
4.6424
4.7782
4.4855
4.2228
4.0826
3.9027
3.7403
3.6456
3.6178
3.6164
3.6093
3.5815
3.5243
3.4457
3.3776
3.3607
3.3869
3.4325
3.4774
3.5153
3.5521
3.5913
3.6294
3.6587
3.6716
3.6681
3.657
3.647
3.6409
3.6374
3.633
3.6245
3.6195
3.6218
3.6272
3.6312
3.6321
3.631
3.6294
3.6282
3.6275
3.6272
3.6271
3.627
3.6269
3.6266
3.6263
3.626
3.6258
3.6256
3.6255
3.6254
3.6253
3.6252
3.6252
3.6252
3.6252
3.6252
3.6253
3.6253
3.6253
3.6253
3.6252
3.6252
3.6252
3.6251
3.6251
3.6251
3.625
3.625
3.6249
3.6249
3.6249
3.6248
3.6248
3.6247
3.6247
3.6247
3.6246
3.6246
3.6245
3.6245
3.6244
3.6243
3.6242
3.6241
3.6241
3.6241
3.6241
3.6242
3.6242
3.6242
3.6241
3.6241
3.6241
