7.6081
1.6702
2.1046
2.7287
3.426
4.1273
4.704
4.9412
4.7054
4.3215
4.199
4.3372
4.5921
4.8839
5.2973
6.2672
7.0054
6.8149
6.3958
6.193
6.1984
6.2666
6.3076
6.3069
6.288
6.2734
6.2681
6.2651
6.263
6.2692
6.2814
6.2886
6.2949
6.3099
6.3275
6.3353
6.3292
6.3146
6.2999
6.2902
6.2856
6.2835
6.2812
6.2781
6.2748
6.2719
6.2696
6.2678
6.2646
6.2563
6.2497
6.2479
6.2497
6.2522
6.2534
6.2532
6.2524
6.2519
6.2517
6.2518
6.2519
6.2519
6.252
6.2521
6.2522
6.2523
6.2525
6.2526
6.2527
6.2527
6.2528
6.2529
6.2529
6.253
6.2531
6.2531
6.2532
6.2533
6.2533
6.2534
6.2534
6.2535
6.2536
6.2537
6.2538
6.2539
6.2541
6.2545
6.2549
6.2548
6.2543
6.2538
6.2535
6.2534
6.2534
6.2535
6.2535
6.2535
6.2534
6.2534
6.2534
