15.439
12.561
8.2058
5.9784
4.6791
3.9576
3.7147
3.9408
4.4138
4.6553
4.5621
4.3662
4.2497
4.2781
4.4312
4.6705
5.0381
5.4058
5.4947
5.3589
5.1918
5.0945
5.0719
5.085
5.0981
5.0992
5.0926
5.0831
5.0688
5.0518
5.0417
5.0443
5.0573
5.0777
5.1037
5.13
5.1489
5.1554
5.1507
5.1404
5.1303
5.1236
5.1205
5.1197
5.1199
5.1204
5.1211
5.122
5.123
5.1234
5.1223
5.121
5.1212
5.1237
5.1274
5.1309
5.1334
5.1348
5.1355
5.136
5.1364
5.1368
5.1371
5.1374
5.1376
5.1379
5.138
5.1382
5.1383
5.1384
5.1385
5.1385
5.1386
5.1386
5.1386
5.1386
5.1387
5.1387
5.1388
5.1388
5.1389
5.1389
5.139
5.1391
5.1392
5.1393
5.1395
5.1398
5.1404
5.1412
5.142
5.1424
5.1425
5.1424
5.1424
5.1424
5.1424
5.1425
5.1425
5.1425
5.1425
