9.7977
11.272
7.9168
5.8979
4.6647
3.9839
3.7871
4.066
4.5707
4.8482
4.88
4.8325
4.7417
4.6322
4.545
4.5217
4.6078
4.908
5.3895
5.9406
6.2549
6.2882
6.2026
6.0898
5.969
5.8286
5.6609
5.4832
5.3275
5.219
5.1648
5.1531
5.1634
5.1787
5.1907
5.1999
5.2241
5.2515
5.2377
5.1912
5.1381
5.0949
5.0646
5.0436
5.0275
5.0141
5.0027
4.9933
4.9856
4.9796
4.975
4.9713
4.9684
4.9659
4.9639
4.9623
4.961
4.9599
4.959
4.9583
4.9578
4.9573
4.957
4.9567
4.9565
4.9564
4.9563
4.9562
4.9561
4.9561
4.956
4.956
4.956
4.956
4.9559
4.9559
4.9559
4.9558
4.9558
4.9558
4.9557
4.9557
4.9556
4.9556
4.9556
4.9555
4.9555
4.9555
4.9555
4.9554
4.9554
4.9553
4.9552
4.9551
4.955
4.955
4.955
4.9549
4.9549
4.9549
4.9549
