3.2654
1.3689
1.8383
2.4456
3.1164
3.7678
4.2554
4.3814
4.1204
3.8325
3.7851
3.9065
4.0452
4.0973
4.0429
3.9442
3.8756
3.8591
3.8734
3.8821
3.8614
3.8238
3.8045
3.8141
3.8377
3.8809
3.9082
3.6822
3.3424
3.1122
3.0413
3.0784
3.1654
3.2642
3.3492
3.4083
3.4432
3.4635
3.4781
3.4913
3.5033
3.5132
3.5208
3.5265
3.5313
3.5356
3.5396
3.5433
3.5473
3.5515
3.5556
3.5594
3.5628
3.5658
3.5686
3.5717
3.5752
3.579
3.5825
3.5855
3.5881
3.5905
3.5931
3.5958
3.5985
3.6014
3.6043
3.6072
3.6102
3.6134
3.6168
3.6204
3.6243
3.6286
3.6334
3.6388
3.6451
3.6524
3.6612
3.6722
3.6864
3.7058
3.7345
3.7826
3.8123
3.7913
3.7719
3.7657
3.7677
3.7712
3.7733
3.7739
3.774
3.7741
3.7744
3.7747
3.775
3.7752
3.7754
3.7755
3.7756
