3.2221
9.8443
7.2684
5.5063
4.3595
3.6696
3.3857
3.5425
4.0206
4.348
4.3227
4.158
4.0514
4.0795
4.2259
4.4411
4.7425
5.0855
5.2704
5.2863
5.2567
5.2634
5.3153
5.3857
5.4525
5.5134
5.5788
5.6616
5.7814
6.0168
6.523
7.0164
7.1677
7.0853
6.9617
6.8899
6.8872
6.9251
6.9688
7.0008
7.0222
7.0404
7.0524
7.0583
7.0624
7.0682
7.0777
7.0919
7.1131
7.1408
7.1592
7.1578
7.1473
7.139
7.136
7.1362
7.1369
7.1372
7.1373
7.1376
7.1381
7.1388
7.1394
7.1398
7.14
7.14
7.14
7.1399
7.1398
7.1397
7.1396
7.1396
7.1396
7.1395
7.1395
7.1395
7.1394
7.1394
7.1394
7.1393
7.1393
7.1393
7.1392
7.1391
7.1391
7.1389
7.1387
7.1386
7.139
7.1395
7.1401
7.1404
7.1405
7.1405
7.1405
7.1405
7.1405
7.1406
7.1406
7.1406
7.1406
