3.0303
1.563
1.9931
2.6051
3.2865
3.9571
4.4732
4.6211
4.3419
4.0173
3.9584
4.096
4.2718
4.3741
4.3689
4.3106
4.283
4.3202
4.4046
4.5206
4.7078
5.1805
5.7384
5.758
5.2444
4.8126
4.6823
4.7191
4.7921
4.8315
4.8279
4.8127
4.7999
4.788
4.7732
4.7562
4.741
4.7306
4.725
4.722
4.7194
4.7164
4.7132
4.7104
4.708
4.7057
4.7035
4.7013
4.6992
4.6972
4.6952
4.6932
4.691
4.6878
4.6833
4.6772
4.6693
4.6578
4.6458
4.6362
4.6289
4.6229
4.6177
4.613
4.6089
4.6054
4.6026
4.6004
4.5987
4.5974
4.5964
4.5955
4.5948
4.5942
4.5937
4.5933
4.5929
4.5926
4.5924
4.5922
4.592
4.5918
4.5917
4.5916
4.5915
4.5914
4.5914
4.5913
4.5913
4.5914
4.5914
4.5914
4.5912
4.5908
4.5904
4.5902
4.59
4.5899
4.5898
4.5897
4.5896
