11.879
1.3982
1.8844
2.5047
3.184
3.8415
4.3288
4.4326
4.121
3.7908
3.7276
3.8488
3.9964
4.066
4.0372
3.9689
3.9315
3.9444
3.9833
4.0174
4.0327
4.0347
4.0325
4.0348
4.0646
4.2223
4.67
5.0658
4.8834
4.5027
4.2967
4.2867
4.3562
4.4202
4.4457
4.4435
4.4347
4.4312
4.4334
4.4373
4.4397
4.4403
4.44
4.4397
4.4397
4.4398
4.4398
4.4397
4.4395
4.4394
4.4392
4.4391
4.439
4.4388
4.4386
4.4385
4.4383
4.4382
4.438
4.4379
4.4378
4.4376
4.4375
4.4374
4.4372
4.437
4.4368
4.4366
4.4364
4.4362
4.4359
4.4357
4.4354
4.4351
4.4348
4.4344
4.4341
4.4337
4.4332
4.4327
4.4321
4.4313
4.4305
4.4294
4.428
4.4262
4.4235
4.4191
4.4143
4.4126
4.4145
4.4177
4.4198
4.4206
4.4205
4.4204
4.4205
4.4207
4.4209
4.421
4.421
