5.9597
11.761
8.2079
6.0105
4.6958
3.9581
3.6977
3.9116
4.3963
4.6573
4.5685
4.3709
4.2504
4.2618
4.3599
4.4513
4.4806
4.4638
4.4466
4.4586
4.5019
4.5671
4.6543
4.7702
4.8915
4.9542
5.0229
5.3148
5.8574
6.2333
6.2699
6.1358
6.0071
5.9475
5.9428
5.9555
5.962
5.9585
5.9514
5.9464
5.9448
5.945
5.9456
5.9457
5.9458
5.9459
5.9463
5.9469
5.9474
5.9479
5.9484
5.9488
5.9494
5.9499
5.9505
5.951
5.9515
5.9521
5.9526
5.9531
5.9537
5.9542
5.9548
5.9554
5.9561
5.9568
5.9575
5.9583
5.9591
5.96
5.9609
5.9619
5.9629
5.964
5.9652
5.9666
5.968
5.9696
5.9714
5.9735
5.9759
5.9788
5.9823
5.9867
5.9925
6.0004
6.012
6.0273
6.0379
6.0396
6.036
6.0328
6.0324
6.0337
6.0354
6.0365
6.0371
6.0375
6.0379
6.0383
6.0387
