5.5536
1.3945
1.8538
2.4628
3.1389
3.807
4.3311
4.51
4.2755
3.9655
3.8916
4.0068
4.1592
4.2406
4.2234
4.1632
4.1338
4.16
4.2201
4.2833
4.3352
4.3843
4.4528
4.5689
4.7843
5.2725
6.2671
7.2228
7.166
6.7127
6.396
6.32
6.3754
6.4521
6.4898
6.4897
6.4756
6.4659
6.4646
6.4674
6.47
6.4708
6.4704
6.4699
6.4698
6.47
6.4703
6.4705
6.4705
6.4706
6.4706
6.4707
6.4707
6.4708
6.4708
6.4708
6.4708
6.4709
6.4709
6.4709
6.4709
6.471
6.471
6.471
6.471
6.471
6.471
6.471
6.471
6.471
6.471
6.471
6.471
6.471
6.471
6.471
6.471
6.471
6.4711
6.4711
6.4711
6.4711
6.4711
6.471
6.471
6.471
6.4709
6.4707
6.4704
6.4707
6.4719
6.4733
6.4739
6.4735
6.4727
6.4721
6.4718
6.4717
6.4718
6.4718
6.4717
