13.069
10.972
7.8961
5.9337
4.6594
3.8928
3.5604
3.6692
4.0877
4.376
4.3378
4.1646
4.042
4.0381
4.1245
4.2189
4.2653
4.2767
4.3
4.3723
4.5208
4.7756
4.9862
4.9922
4.8506
4.6904
4.5892
4.5585
4.5709
4.6129
4.74
5.0658
5.4965
5.8285
5.9426
5.9191
5.8664
5.8351
5.8284
5.8321
5.8348
5.834
5.8314
5.8288
5.8271
5.8269
5.8281
5.8301
5.8324
5.8346
5.8367
5.8387
5.8408
5.8432
5.8458
5.8482
5.85
5.8512
5.8518
5.8525
5.8538
5.8558
5.8575
5.857
5.8549
5.8537
5.8545
5.8569
5.8599
5.8629
5.866
5.8693
5.8731
5.8772
5.8818
5.8868
5.8924
5.8985
5.9055
5.9137
5.9233
5.9352
5.9504
5.9709
6.0003
6.0334
6.0603
6.0813
6.1005
6.1131
6.1181
6.1196
6.1205
6.1218
6.1232
6.1245
6.1257
6.1269
6.1285
6.1309
6.1322
