6.7059
11.16
8.0712
5.9768
4.6757
3.9198
3.6083
3.7181
4.0742
4.2709
4.1814
3.9783
3.7931
3.6704
3.6054
3.5638
3.4947
3.3941
3.5126
4.131
4.644
4.851
4.902
4.9244
4.9777
5.0806
5.2443
5.4211
5.5385
5.5988
5.6335
5.6594
5.6784
5.689
5.6926
5.6925
5.692
5.6926
5.6945
5.6972
5.7
5.6997
5.6946
5.6872
5.6804
5.6754
5.6721
5.6697
5.6679
5.6663
5.6649
5.6638
5.6629
5.6622
5.6616
5.6611
5.6607
5.6604
5.6601
5.66
5.6598
5.6597
5.6595
5.6593
5.6591
5.6588
5.6585
5.6582
5.6579
5.6575
5.6572
5.6569
5.6566
5.6563
5.6559
5.6556
5.6553
5.6549
5.6546
5.6542
5.6537
5.6532
5.6526
5.6519
5.6511
5.6501
5.6488
5.6471
5.6445
5.6409
5.6371
5.6347
5.6338
5.634
5.6342
5.6341
5.6338
5.6333
5.633
5.6328
5.6326
