8.0268
11.582
8.1319
6.0111
4.7222
4.0042
3.7721
4.024
4.5588
4.9453
5.1352
5.2275
5.2111
5.1227
5.0273
4.9704
4.969
5.0344
5.1475
5.2532
5.2853
5.2536
5.2226
5.2307
5.2851
5.4005
5.5821
5.7186
5.7392
5.6924
5.6434
5.6188
5.6143
5.6172
5.6196
5.6203
5.6214
5.6197
5.6074
5.5888
5.5724
5.5622
5.5573
5.5549
5.5531
5.5514
5.5497
5.5483
5.5473
5.5466
5.5461
5.5457
5.5454
5.5451
5.5448
5.5447
5.5445
5.5444
5.5444
5.5443
5.5443
5.5443
5.5443
5.5443
5.5443
5.5444
5.5444
5.5445
5.5445
5.5445
5.5446
5.5446
5.5446
5.5446
5.5446
5.5446
5.5446
5.5446
5.5446
5.5446
5.5446
5.5445
5.5445
5.5445
5.5445
5.5444
5.5444
5.5444
5.5443
5.5443
5.5443
5.5443
5.5442
5.5441
5.544
5.5439
5.5438
5.5437
5.5437
5.5436
5.5436
