7.9048
1.3796
1.903
2.5404
3.2217
3.8593
4.2899
4.3022
3.9354
3.6188
3.5408
3.5719
3.612
3.6321
3.6321
3.6248
3.626
3.6416
3.6628
3.6889
3.7393
3.8545
4.1217
4.3455
4.2353
3.9491
3.7689
3.7427
3.8025
3.8704
3.9131
3.9341
3.9456
3.9528
3.9556
3.9545
3.9517
3.9498
3.9499
3.9518
3.9542
3.9562
3.9579
3.9594
3.9608
3.9623
3.9637
3.9649
3.9661
3.9671
3.968
3.9687
3.9693
3.97
3.9706
3.9713
3.9721
3.973
3.9736
3.9739
3.974
3.9738
3.9734
3.9728
3.9722
3.9715
3.9708
3.97
3.9693
3.9686
3.9679
3.9673
3.9667
3.9662
3.9657
3.9653
3.9649
3.9645
3.9642
3.9639
3.9637
3.9634
3.9632
3.963
3.9629
3.9627
3.9625
3.9624
3.9621
3.9618
3.9614
3.9611
3.9608
3.9607
3.9607
3.9607
3.9606
3.9606
3.9606
3.9605
3.9605
