4.7356
1.362
1.8694
2.49
3.1669
3.8231
4.3142
4.4368
4.1607
3.8586
3.8059
3.9268
4.0668
4.1204
4.0644
3.9573
3.8725
3.8326
3.8148
3.7683
3.6708
3.5544
3.4811
3.46
3.4589
3.4571
3.4239
3.2634
3.0635
2.9469
2.9296
2.9792
3.0565
3.1342
3.1951
3.2329
3.2514
3.2595
3.2644
3.2691
3.2736
3.2768
3.2786
3.2794
3.2798
3.28
3.2798
3.2796
3.2802
3.2814
3.2828
3.2841
3.2851
3.2859
3.2867
3.2876
3.289
3.2904
3.2916
3.2924
3.2929
3.2934
3.2939
3.2945
3.2952
3.2958
3.2965
3.2971
3.2978
3.2984
3.2991
3.2999
3.3007
3.3017
3.3027
3.3039
3.3052
3.3068
3.3087
3.3112
3.3144
3.3189
3.3257
3.3378
3.3417
3.3222
3.3079
3.3043
3.3063
3.3091
3.3106
3.3112
3.3114
3.3117
3.312
3.3124
3.3127
3.3129
3.3131
3.3133
3.3134
