6.1875
1.4324
1.9184
2.5306
3.2031
3.8492
4.311
4.3692
4.0176
3.6852
3.634
3.7599
3.9021
3.949
3.8687
3.75
3.7121
3.7739
3.8983
4.1097
4.1992
3.9244
3.5572
3.3422
3.3188
3.3934
3.4802
3.5394
3.5658
3.5672
3.5505
3.534
3.5227
3.5146
3.508
3.5038
3.5029
3.504
3.5052
3.5052
3.5045
3.5036
3.5026
3.5016
3.5008
3.5
3.4991
3.4982
3.4973
3.4965
3.4958
3.4952
3.4946
3.494
3.4936
3.4935
3.4936
3.4937
3.4938
3.4937
3.4935
3.4932
3.4928
3.4925
3.4923
3.4919
3.491
3.4898
3.4884
3.4874
3.4867
3.4862
3.4858
3.4854
3.485
3.4846
3.4843
3.484
3.4837
3.4834
3.4832
3.483
3.4828
3.4826
3.4824
3.4822
3.482
3.4818
3.4816
3.4814
3.4812
3.481
3.4808
3.4807
3.4805
3.4804
3.4803
3.4803
3.4802
3.4801
3.48
