6.5082
1.4388
1.9306
2.5544
3.2388
3.9097
4.4247
4.5637
4.2519
3.869
3.7488
3.831
3.9639
3.9788
3.7554
3.4586
3.2896
3.2689
3.3095
3.3397
3.3314
3.2478
3.128
3.0655
3.0729
3.1133
3.1461
3.1472
3.1176
3.0823
3.0692
3.0774
3.0922
3.1025
3.1052
3.1026
3.0976
3.092
3.0864
3.0815
3.0789
3.0781
3.0757
3.0738
3.073
3.0729
3.0728
3.0724
3.0718
3.071
3.0701
3.0689
3.0674
3.0656
3.0633
3.0609
3.0574
3.0527
3.0496
3.0489
3.0495
3.0508
3.0529
3.0553
3.0574
3.0589
3.0597
3.0602
3.0604
3.0608
3.0612
3.0615
3.0618
3.0621
3.0623
3.0625
3.0627
3.063
3.0632
3.0634
3.0637
3.064
3.0643
3.0647
3.0651
3.0657
3.0665
3.0677
3.0689
3.0699
3.0708
3.0716
3.0721
3.0725
3.0727
3.0729
3.0731
3.0733
3.0734
3.0736
3.0738
