11.706
1.5033
1.9634
2.5682
3.2413
3.8997
4.3933
4.5067
4.204
3.8851
3.837
3.9747
4.1382
4.2184
4.1888
4.111
4.0649
4.0718
4.0974
4.0984
4.0561
3.9842
3.9132
3.8434
3.7134
3.5281
3.3943
3.3275
3.2914
3.2798
3.31
3.3648
3.4113
3.4286
3.4109
3.3812
3.3621
3.3575
3.3607
3.3646
3.366
3.3652
3.3639
3.363
3.3628
3.3629
3.3631
3.3631
3.3631
3.363
3.363
3.363
3.363
3.3631
3.3631
3.3632
3.3632
3.3632
3.3631
3.3629
3.3627
3.3626
3.3626
3.3626
3.3626
3.3627
3.3628
3.3628
3.3628
3.3628
3.3628
3.3627
3.3626
3.3625
3.3625
3.3624
3.3623
3.3622
3.3621
3.362
3.3619
3.3619
3.3618
3.3617
3.3616
3.3615
3.3614
3.3613
3.3612
3.3611
3.361
3.3607
3.3605
3.3602
3.3601
3.3602
3.3603
3.3604
3.3605
3.3605
3.3605
