2.0959
10.709
8.0606
6.0358
4.7313
3.9625
3.6389
3.7408
4.103
4.3184
4.2447
4.068
3.9546
3.9621
4.0548
4.1429
4.1634
4.1191
4.0426
3.9646
3.9024
3.8542
3.813
3.7863
3.7998
3.9141
4.2959
5.037
5.8441
6.3523
6.4637
6.3318
6.1165
5.9118
5.7625
5.6743
5.629
5.6046
5.5875
5.5739
5.5644
5.5595
5.5582
5.5585
5.5591
5.5593
5.5592
5.5589
5.5585
5.5581
5.5582
5.5586
5.5595
5.5608
5.5619
5.562
5.561
5.5602
5.5603
5.5614
5.5629
5.5646
5.566
5.5674
5.5689
5.5705
5.5722
5.5741
5.5762
5.5784
5.5807
5.5832
5.5859
5.5889
5.5922
5.5958
5.5999
5.6047
5.6104
5.6172
5.6258
5.637
5.6525
5.6758
5.7265
5.784
5.8138
5.8217
5.8219
5.8226
5.8251
5.8283
5.8309
5.8327
5.8338
5.8347
5.8354
5.8361
5.8366
5.837
5.8374
