9.3216
11.789
8.325
6.1555
4.8205
4.0636
3.7858
3.9584
4.3665
4.5805
4.5053
4.3537
4.3049
4.4476
4.7258
4.946
4.9963
4.9384
4.8821
4.8907
4.9752
5.1355
5.4335
5.808
5.9962
5.9462
5.8115
5.7132
5.6739
5.6574
5.6347
5.6068
5.5866
5.5813
5.5874
5.5963
5.6016
5.6026
5.6013
5.6004
5.6008
5.6022
5.604
5.6055
5.6066
5.6075
5.6082
5.6087
5.6092
5.6097
5.6102
5.6107
5.6112
5.6115
5.6113
5.6102
5.6085
5.6059
5.6009
5.5945
5.5885
5.5837
5.5802
5.578
5.5768
5.5764
5.5763
5.5763
5.5762
5.5763
5.5763
5.5764
5.5764
5.5765
5.5765
5.5765
5.5766
5.5766
5.5766
5.5766
5.5766
5.5766
5.5766
5.5767
5.5767
5.5768
5.5769
5.577
5.5771
5.5773
5.5775
5.5778
5.5781
5.5783
5.5783
5.5783
5.5783
5.5782
5.5782
5.5782
5.5782
