1.2589
9.254
7.3575
5.5985
4.426
3.7228
3.4302
3.5592
3.9626
4.2068
4.1393
3.9543
3.8187
3.795
3.8694
3.9841
4.1032
4.3105
4.6604
5.1286
5.4785
5.5425
5.4507
5.3191
5.1579
4.9545
4.7333
4.5397
4.3993
4.3122
4.2625
4.2298
4.1997
4.1658
4.1267
4.0825
4.0337
3.9802
3.9209
3.8534
3.8239
3.8158
3.8089
3.8012
3.7942
3.7888
3.7851
3.7824
3.7803
3.7785
3.7768
3.7754
3.7741
3.773
3.7719
3.7708
3.7695
3.7681
3.7665
3.7646
3.7628
3.7611
3.7596
3.7583
3.7571
3.7558
3.7547
3.7536
3.7526
3.7517
3.7508
3.75
3.7492
3.7485
3.7477
3.747
3.7463
3.7456
3.7449
3.7441
3.7433
3.7425
3.7415
3.7405
3.7392
3.7377
3.7359
3.7335
3.73
3.7252
3.7199
3.7156
3.713
3.7118
3.7111
3.7104
3.7095
3.7088
3.7082
3.7077
3.7074
