13.131
11.895
8.0336
5.8805
4.6037
3.8856
3.6332
3.8572
4.3982
4.8391
5.1106
5.3051
5.4398
5.5263
5.5879
5.644
5.7095
5.8233
5.9882
6.1078
6.1159
6.0443
5.9759
5.9611
5.9908
6.018
6.0227
6.0003
5.9517
5.9022
5.8712
5.8582
5.8535
5.8497
5.8446
5.8388
5.8335
5.8293
5.8261
5.8239
5.823
5.8227
5.8221
5.8212
5.8203
5.8196
5.8192
5.8191
5.8191
5.8192
5.8194
5.8195
5.8197
5.8198
5.8199
5.82
5.8201
5.8202
5.8204
5.8205
5.8206
5.8207
5.8207
5.8207
5.8206
5.8206
5.8204
5.8203
5.8202
5.8201
5.82
5.8199
5.8198
5.8197
5.8196
5.8196
5.8195
5.8195
5.8195
5.8195
5.8195
5.8195
5.8195
5.8195
5.8195
5.8195
5.8195
5.8196
5.8196
5.8196
5.8197
5.8199
5.8202
5.8205
5.8207
5.8207
5.8207
5.8207
5.8207
5.8207
5.8208
