1.9391
10.13
7.6666
5.748
4.5259
3.8141
3.5393
3.7056
4.1383
4.3838
4.3124
4.1387
4.0373
4.0704
4.2116
4.3828
4.5343
4.7113
4.9739
5.279
5.4952
5.5912
5.677
5.7886
5.8222
5.7177
5.5511
5.4173
5.3543
5.3532
5.3808
5.4087
5.4267
5.4361
5.4401
5.4408
5.4399
5.4391
5.4401
5.4439
5.4506
5.455
5.4552
5.453
5.4505
5.4484
5.4471
5.4461
5.4453
5.4446
5.4439
5.4434
5.4429
5.4424
5.4418
5.4406
5.4388
5.436
5.4318
5.4262
5.4201
5.4139
5.408
5.4024
5.3972
5.3924
5.3881
5.3843
5.3811
5.3783
5.3761
5.3741
5.3725
5.3712
5.3701
5.3691
5.3683
5.3676
5.367
5.3664
5.3659
5.3654
5.3649
5.3644
5.3639
5.3633
5.3627
5.3618
5.3606
5.359
5.3573
5.3561
5.3557
5.3557
5.3556
5.3554
5.3551
5.3549
5.3546
5.3545
5.3544
