3.3169
1.4263
1.9026
2.5164
3.1978
3.8748
4.4125
4.5989
4.338
3.9773
3.8707
3.9726
4.1187
4.1911
4.1572
4.0736
4.0181
4.0143
4.034
4.04
4.0136
3.9562
3.8894
3.8643
3.8973
3.9584
4.0067
4.0097
3.9628
3.9163
3.9125
3.8583
3.7065
3.5333
3.4378
3.4345
3.4754
3.5157
3.5397
3.5515
3.5591
3.5665
3.5741
3.5811
3.5872
3.592
3.5956
3.598
3.5994
3.5997
3.5984
3.5991
3.6031
3.608
3.6119
3.614
3.6147
3.6145
3.616
3.6201
3.626
3.6329
3.6404
3.6479
3.6552
3.662
3.6684
3.6745
3.6806
3.6867
3.6931
3.6996
3.7064
3.7134
3.721
3.7291
3.7381
3.7483
3.7601
3.774
3.7913
3.8136
3.8444
3.891
3.9226
3.9213
3.9125
3.9068
3.8981
3.8883
3.8835
3.883
3.8842
3.8855
3.8864
3.887
3.8876
3.8881
3.8887
3.8891
3.8895
