7.2233
1.3444
1.8545
2.4901
3.1742
3.8274
4.3009
4.3904
4.0874
3.7855
3.7471
3.8865
4.0504
4.1358
4.1205
4.0715
4.0738
4.1522
4.2816
4.4405
4.6824
5.2009
5.3427
4.8176
4.3074
4.0763
4.0614
4.1285
4.1812
4.1886
4.1684
4.1452
4.1274
4.1119
4.0967
4.0834
4.0746
4.0704
4.0687
4.0672
4.0648
4.0622
4.0603
4.0594
4.0592
4.0594
4.0597
4.0599
4.0601
4.0605
4.061
4.0615
4.0622
4.0629
4.0636
4.0645
4.0656
4.0666
4.0676
4.0687
4.0695
4.0698
4.0696
4.0691
4.0682
4.0673
4.0664
4.0655
4.0646
4.0638
4.0631
4.0624
4.0618
4.0612
4.0608
4.0604
4.0601
4.0599
4.0597
4.0596
4.0596
4.0596
4.0597
4.0599
4.0601
4.0605
4.0609
4.0615
4.0623
4.0636
4.0656
4.0677
4.0691
4.0698
4.0701
4.0704
4.0707
4.0711
4.0715
4.0717
4.072
