4.6791
1.2831
1.8043
2.434
3.1129
3.7628
4.2384
4.3467
4.0821
3.8099
3.7749
3.9016
4.0698
4.2095
4.2931
4.3335
4.3859
4.4812
4.414
4.072
3.758
3.6303
3.6181
3.6385
3.6432
3.6213
3.5506
3.435
3.3545
3.325
3.321
3.3214
3.3198
3.3176
3.3166
3.317
3.3177
3.318
3.3177
3.3169
3.3159
3.3149
3.3153
3.3171
3.3191
3.3207
3.3217
3.3223
3.3227
3.3231
3.3234
3.3237
3.324
3.3242
3.3244
3.3245
3.3246
3.3247
3.3248
3.3249
3.325
3.325
3.3251
3.3252
3.3253
3.3254
3.3255
3.3256
3.3257
3.3258
3.3259
3.326
3.3261
3.3262
3.3263
3.3264
3.3265
3.3267
3.3268
3.3269
3.3271
3.3273
3.3275
3.3277
3.328
3.3283
3.3287
3.3292
3.3299
3.3311
3.3328
3.3344
3.3353
3.3355
3.3354
3.3354
3.3355
3.3357
3.3358
3.336
3.336
