7.2014
1.4181
1.9073
2.5378
3.2176
3.8575
4.2956
4.3187
3.9542
3.6268
3.5338
3.5488
3.5769
3.5886
3.5808
3.5631
3.5487
3.539
3.5105
3.4705
3.451
3.4829
3.5771
3.6375
3.5073
3.3113
3.2198
3.2293
3.2859
3.3377
3.3652
3.3743
3.376
3.3758
3.3748
3.3732
3.3719
3.3718
3.3731
3.3752
3.3771
3.3785
3.3798
3.3811
3.3825
3.3836
3.3845
3.3852
3.3858
3.3862
3.3865
3.3868
3.387
3.3872
3.3874
3.3876
3.3879
3.3882
3.3883
3.3883
3.3882
3.3879
3.3874
3.3869
3.3864
3.3859
3.3854
3.3849
3.3844
3.384
3.3835
3.3832
3.3828
3.3825
3.3823
3.382
3.3818
3.3817
3.3815
3.3814
3.3813
3.3812
3.3811
3.381
3.3809
3.3808
3.3808
3.3807
3.3806
3.3804
3.3803
3.3802
3.3801
3.3801
3.38
3.38
3.3801
3.3801
3.3801
3.3801
3.38
