5.8393
12.127
8.4407
6.159
4.7744
3.967
3.6154
3.7029
4.0898
4.354
4.3062
4.1298
4.0061
4.0034
4.0932
4.1884
4.2299
4.2365
4.2679
4.3814
4.6536
5.1173
5.489
5.5838
5.5082
5.4396
5.5037
5.6762
5.7751
5.7476
5.6731
5.6073
5.565
5.5433
5.5364
5.5401
5.5513
5.5669
5.5831
5.5955
5.6019
5.6049
5.6072
5.6094
5.6114
5.6138
5.6167
5.6201
5.6236
5.6269
5.6302
5.6334
5.6367
5.6401
5.6437
5.6476
5.6519
5.657
5.6631
5.6712
5.6827
5.7009
5.7211
5.7292
5.7268
5.7227
5.7218
5.7239
5.7271
5.7299
5.7322
5.7341
5.736
5.7379
5.7398
5.7416
5.7434
5.7451
5.7467
5.7483
5.7498
5.7513
5.7528
5.7542
5.7556
5.7569
5.7581
5.7594
5.761
5.7631
5.7656
5.7685
5.7718
5.7757
5.7801
5.7852
5.7916
5.8001
5.8125
5.8311
5.8461
