9.1662
1.3542
1.8657
2.4977
3.1882
3.8725
4.4205
4.6215
4.37
4.0066
3.8985
4.0108
4.183
4.2993
4.3222
4.302
4.3223
4.4267
4.6268
5.0115
5.775
6.0148
5.5975
5.0724
4.82
4.7916
4.8318
4.8464
4.8317
4.8159
4.8197
4.822
4.7998
4.7675
4.7445
4.7394
4.7421
4.7394
4.7257
4.7038
4.6833
4.6682
4.6551
4.6451
4.6392
4.6361
4.634
4.6322
4.6303
4.6285
4.6269
4.6254
4.6241
4.6227
4.6212
4.6196
4.6181
4.6166
4.6155
4.6144
4.6128
4.6093
4.6026
4.5958
4.5928
4.5926
4.5923
4.5907
4.5881
4.5855
4.5833
4.5815
4.5798
4.5782
4.5766
4.575
4.5735
4.5719
4.5702
4.5685
4.5667
4.5646
4.5622
4.5593
4.5554
4.5501
4.5453
4.5421
4.5395
4.537
4.5352
4.5342
4.533
4.5313
4.5289
4.526
4.5226
4.5185
4.5129
4.5046
4.493
