11.034
1.3273
1.8696
2.5201
3.2118
3.8659
4.3285
4.382
4.0221
3.6767
3.6119
3.7278
3.863
3.9148
3.867
3.7834
3.6815
3.4734
3.299
3.2476
3.2661
3.2868
3.2836
3.2639
3.2428
3.2272
3.2138
3.1946
3.1652
3.1136
3.0556
3.0405
3.0709
3.1254
3.1759
3.2051
3.2135
3.2109
3.2077
3.2085
3.2132
3.2194
3.2253
3.2307
3.2361
3.2418
3.2479
3.2543
3.2574
3.2549
3.2521
3.2528
3.2567
3.2611
3.264
3.2658
3.2675
3.2694
3.271
3.2721
3.2726
3.2728
3.2728
3.2728
3.2729
3.273
3.2731
3.2733
3.2735
3.2736
3.2738
3.2739
3.2741
3.2742
3.2743
3.2744
3.2745
3.2746
3.2747
3.2748
3.2749
3.2751
3.2752
3.2755
3.2757
3.2761
3.2768
3.2778
3.2785
3.2785
3.2781
3.2776
3.2772
3.2771
3.2771
3.2771
3.2772
3.2771
3.2771
3.2771
3.2771
