14.477
10.665
7.704
5.7866
4.5542
3.8167
3.499
3.6015
3.9833
4.2324
4.1856
4.0246
3.9218
3.9445
4.0705
4.2331
4.415
4.6039
4.7061
4.7174
4.7146
4.753
4.8409
4.9623
5.1064
5.2882
5.5749
5.9774
6.376
6.6693
6.7533
6.6546
6.4728
6.2903
6.1567
6.0797
6.0404
6.0161
5.9946
5.9742
5.9577
5.9469
5.9413
5.939
5.9383
5.9387
5.9401
5.9429
5.947
5.9499
5.9495
5.9468
5.9439
5.9423
5.9417
5.9404
5.9379
5.9353
5.9335
5.9327
5.9324
5.9322
5.9319
5.9313
5.9306
5.9299
5.9292
5.9286
5.9281
5.9276
5.9271
5.9267
5.9262
5.9258
5.9253
5.9249
5.9244
5.9238
5.9232
5.9225
5.9217
5.9208
5.9198
5.9187
5.9176
5.9148
5.908
5.8999
5.8941
5.8917
5.8916
5.8922
5.8928
5.8931
5.8933
5.8935
5.8937
5.894
5.8942
5.8944
5.8946
