11.959
10.686
7.8341
5.9219
4.6551
3.8796
3.5211
3.5724
3.9084
4.1433
4.0939
3.92
3.7902
3.7746
3.8552
3.9547
4.013
4.0435
4.1077
4.2896
4.7201
5.2694
5.6007
5.5806
5.3673
5.1842
5.1828
5.347
5.4683
5.4773
5.4201
5.33
5.2325
5.1423
5.0657
5.003
4.9518
4.909
4.8721
4.8393
4.8094
4.7829
4.7602
4.7411
4.7249
4.7112
4.6995
4.6893
4.6803
4.6722
4.665
4.6585
4.6527
4.6475
4.6429
4.6389
4.6353
4.6322
4.6296
4.6275
4.6262
4.6264
4.6269
4.6202
4.606
4.59
4.5765
4.5662
4.5578
4.5502
4.5429
4.5359
4.5295
4.5237
4.5184
4.5135
4.5089
4.5047
4.5007
4.497
4.4935
4.4903
4.4873
4.4844
4.4817
4.4792
4.4768
4.4746
4.4725
4.4706
4.4688
4.4669
4.465
4.463
4.4609
4.4585
4.4561
4.4535
4.4508
4.4482
4.4436
