15.563
12.593
8.4086
6.1376
4.7716
3.9818
3.6491
3.7454
4.0982
4.2991
4.2098
4.0123
3.8682
3.8349
3.8835
3.937
3.9407
3.9006
3.8537
3.8292
3.8342
3.8602
3.8993
3.9586
4.0453
4.1483
4.3487
4.8522
5.626
6.1233
6.1814
6.0513
5.9351
5.899
5.9228
5.9617
5.9878
5.9976
5.9992
6.0002
6.0029
6.0064
6.0093
6.011
6.012
6.0126
6.0131
6.0135
6.0138
6.014
6.014
6.014
6.014
6.0139
6.0138
6.0137
6.0135
6.0133
6.0131
6.0129
6.0127
6.0124
6.0122
6.0119
6.0117
6.0114
6.0111
6.0107
6.0104
6.01
6.0096
6.0092
6.0087
6.0082
6.0077
6.0071
6.0065
6.0059
6.0052
6.0044
6.0035
6.0025
6.0014
6.0001
5.9985
5.9967
5.9944
5.9914
5.9859
5.9778
5.9697
5.9642
5.9618
5.9612
5.9609
5.9605
5.9598
5.9592
5.9588
5.9586
5.9585
