8.4674
1.6014
2.0267
2.6623
3.352
4.0055
4.4587
4.4797
4.0729
3.7032
3.5392
3.4267
3.3491
3.3179
3.3228
3.3349
3.3326
3.304
3.2394
3.1474
3.065
3.0378
3.056
3.0987
3.1454
3.1867
3.2252
3.263
3.2966
3.3192
3.3258
3.3181
3.3053
3.2948
3.2885
3.2847
3.2796
3.269
3.2631
3.2656
3.2717
3.2763
3.278
3.2776
3.2768
3.2762
3.2761
3.2762
3.2765
3.2768
3.2769
3.2769
3.2768
3.2767
3.2766
3.2765
3.2765
3.2765
3.2764
3.2764
3.2764
3.2764
3.2764
3.2764
3.2764
3.2764
3.2764
3.2764
3.2764
3.2763
3.2763
3.2763
3.2762
3.2762
3.2762
3.2762
3.2761
3.2761
3.2761
3.2761
3.276
3.276
3.276
3.276
3.276
3.276
3.2759
3.2759
3.2759
3.2758
3.2757
3.2756
3.2756
3.2756
3.2757
3.2757
3.2757
3.2756
3.2756
3.2756
3.2756
