7.7773
8.79
6.7534
5.2038
4.1499
3.4997
3.2286
3.4018
3.9325
4.3166
4.3316
4.2122
4.1793
4.3513
4.7054
5.0246
5.1446
5.135
5.1224
5.1741
5.2927
5.4345
5.5583
5.7379
5.9577
6.1315
6.2014
6.1826
6.127
6.0724
6.0344
6.0208
6.0353
6.0784
6.1295
6.1596
6.1651
6.1579
6.1502
6.1474
6.149
6.1523
6.1553
6.1576
6.1593
6.161
6.1631
6.1655
6.1683
6.1713
6.1747
6.1785
6.1831
6.1878
6.1904
6.1909
6.1907
6.1906
6.1908
6.1915
6.1925
6.1938
6.1954
6.1971
6.1989
6.2007
6.2023
6.2038
6.205
6.2061
6.2071
6.208
6.2089
6.2096
6.2103
6.2109
6.2114
6.2118
6.2122
6.2125
6.2128
6.213
6.2132
6.2134
6.2136
6.2137
6.2138
6.2139
6.214
6.2141
6.2141
6.2141
6.2141
6.214
6.2139
6.2138
6.2137
6.2138
6.2138
6.2138
6.2139
