7.389
10.589
7.6432
5.7427
4.5124
3.7652
3.4282
3.5157
3.9251
4.2321
4.2152
4.0528
3.9308
3.9197
3.9909
4.0567
4.0598
4.0203
3.9941
4.0276
4.1549
4.4106
4.6809
4.8121
4.8125
4.7813
4.8024
4.9255
5.0988
5.2183
5.2557
5.2667
5.2779
5.2662
5.218
5.1577
5.1143
5.0971
5.0984
5.1062
5.1134
5.12
5.127
5.1333
5.1389
5.1444
5.1501
5.1559
5.1614
5.1668
5.1714
5.1747
5.1783
5.1847
5.1954
5.212
5.236
5.2584
5.2706
5.2727
5.2686
5.2604
5.2503
5.2408
5.2333
5.2282
5.2254
5.224
5.2235
5.2237
5.2244
5.2258
5.2279
5.2306
5.2338
5.2377
5.2422
5.2475
5.2538
5.2614
5.2708
5.2827
5.2986
5.3212
5.3538
5.3859
5.4082
5.4224
5.433
5.4376
5.4366
5.4335
5.4306
5.4285
5.4272
5.4261
5.4252
5.4244
5.4237
5.4231
5.4227
