13.128
11.464
7.8873
5.8168
4.557
3.8331
3.558
3.7441
4.2281
4.5219
4.4641
4.2875
4.1842
4.2154
4.3391
4.459
4.5172
4.5344
4.5658
4.6511
4.8093
5.0949
5.5714
6.0216
6.1733
6.0959
6.0121
6.0935
6.3199
6.4784
6.4865
6.4209
6.364
6.3434
6.3476
6.3557
6.357
6.3532
6.3495
6.349
6.3507
6.3527
6.3537
6.3537
6.3533
6.3531
6.3532
6.3532
6.3532
6.3531
6.353
6.3528
6.3526
6.3524
6.3523
6.3521
6.352
6.3519
6.3518
6.3516
6.3514
6.3511
6.3507
6.3502
6.3497
6.3491
6.3486
6.3481
6.3477
6.3473
6.347
6.3466
6.3463
6.346
6.3456
6.3453
6.345
6.3446
6.3442
6.3438
6.3433
6.3428
6.3422
6.3415
6.3407
6.3397
6.3385
6.3369
6.3339
6.3293
6.3246
6.3216
6.3206
6.3205
6.3205
6.3201
6.3196
6.319
6.3187
6.3185
6.3183
