7.3074
1.522
1.989
2.6265
3.3211
3.9932
4.4918
4.5838
4.2176
3.8363
3.7591
3.8862
4.0443
4.1213
4.0911
4.014
3.9671
3.9726
4.0089
4.0473
4.0644
4.0516
4.0187
3.9835
3.9567
3.9374
3.9114
3.8144
3.5993
3.3863
3.2578
3.21
3.2329
3.3009
3.3653
3.3997
3.4026
3.3863
3.3667
3.3532
3.3472
3.3456
3.345
3.3441
3.3432
3.3424
3.3419
3.3421
3.3441
3.3416
3.3228
3.3092
3.3058
3.3077
3.3102
3.3117
3.3124
3.3125
3.3143
3.3188
3.3247
3.3307
3.3367
3.3421
3.3465
3.3498
3.3522
3.3542
3.3558
3.3572
3.3585
3.3595
3.3604
3.3612
3.3619
3.3625
3.3631
3.3636
3.3641
3.3645
3.3649
3.3654
3.3658
3.3663
3.3668
3.3673
3.3682
3.3693
3.3704
3.3712
3.3717
3.3721
3.3724
3.3727
3.373
3.3732
3.3734
3.3736
3.3738
3.3739
3.374
