10.06
1.5169
2.0032
2.6376
3.3288
3.9943
4.4769
4.535
4.1253
3.7147
3.6137
3.7078
3.8227
3.8216
3.6378
3.3879
3.2603
3.2583
3.3008
3.3224
3.2706
3.1221
2.9974
2.9627
2.9875
3.0324
3.0732
3.1021
3.118
3.1237
3.1251
3.127
3.129
3.1287
3.1256
3.1233
3.1251
3.1298
3.1349
3.1384
3.1403
3.1412
3.1415
3.1418
3.142
3.1422
3.1421
3.1418
3.1412
3.1405
3.1397
3.1387
3.1376
3.1359
3.1345
3.1342
3.1349
3.1361
3.1376
3.1394
3.1412
3.1429
3.1446
3.146
3.1472
3.1481
3.1487
3.1492
3.1496
3.1501
3.1506
3.1511
3.1515
3.1518
3.152
3.1522
3.1524
3.1526
3.1527
3.1528
3.1529
3.1529
3.153
3.153
3.1531
3.1531
3.1531
3.1531
3.1531
3.1531
3.1531
3.153
3.153
3.153
3.1531
3.1531
3.1531
3.1531
3.1531
3.1531
3.1531
