8.6081
1.4043
1.9445
2.5908
3.2821
3.9377
4.4
4.445
4.0748
3.7408
3.7008
3.8392
3.995
4.0693
4.0427
3.9689
3.9157
3.9061
3.9215
3.9394
3.9582
3.9993
4.1164
4.1274
3.8421
3.525
3.3688
3.3458
3.3839
3.4186
3.4333
3.4478
3.4693
3.4887
3.4976
3.4957
3.4881
3.4806
3.4757
3.4732
3.4716
3.47
3.468
3.4659
3.4639
3.462
3.4602
3.4585
3.4568
3.455
3.4531
3.4512
3.4491
3.4467
3.4441
3.4417
3.44
3.4387
3.4385
3.4395
3.4413
3.4434
3.4455
3.4477
3.4497
3.4518
3.4538
3.4556
3.4573
3.4589
3.4603
3.4615
3.4625
3.4635
3.4643
3.4649
3.4656
3.4661
3.4665
3.4669
3.4672
3.4675
3.4678
3.468
3.4681
3.4683
3.4684
3.4684
3.4684
3.4683
3.4681
3.4679
3.4679
3.4679
3.468
3.468
3.4681
3.4681
3.4681
3.4681
3.4681
