12.319
1.3297
1.8633
2.5169
3.2088
3.8567
4.3016
4.3257
3.9476
3.6117
3.5607
3.679
3.806
3.8451
3.785
3.6865
3.6136
3.5651
3.4698
3.3078
3.1579
3.0941
3.0517
2.9917
2.9687
3.011
3.0956
3.1806
3.2356
3.2552
3.2527
3.2441
3.2378
3.2355
3.2363
3.2393
3.244
3.2493
3.2545
3.2595
3.2603
3.2575
3.2564
3.2572
3.2588
3.2601
3.2609
3.2614
3.2618
3.2621
3.2624
3.2627
3.2629
3.2631
3.2632
3.2634
3.2636
3.2638
3.2641
3.2645
3.2649
3.2651
3.2653
3.2653
3.2653
3.2654
3.2654
3.2654
3.2654
3.2653
3.2653
3.2652
3.2651
3.2651
3.265
3.2649
3.2648
3.2647
3.2646
3.2645
3.2643
3.2641
3.2638
3.2635
3.2631
3.2625
3.2617
3.2603
3.2585
3.2577
3.2586
3.26
3.2608
3.2608
3.2606
3.2603
3.2602
3.2603
3.2603
3.2603
3.2603
