7.6763
11.084
7.8554
5.8319
4.5831
3.8631
3.5919
3.7764
4.252
4.5601
4.5454
4.4306
4.4426
4.7525
5.3039
5.7656
5.894
5.796
5.6677
5.607
5.6171
5.6634
5.72
5.7402
5.6673
5.5315
5.4055
5.3324
5.3188
5.3372
5.3521
5.3596
5.3691
5.3853
5.4043
5.4186
5.4247
5.4253
5.4248
5.4263
5.4299
5.4346
5.4393
5.4436
5.4475
5.4513
5.4554
5.4598
5.4646
5.4698
5.4756
5.4822
5.4895
5.4965
5.4993
5.497
5.4909
5.4819
5.4706
5.4576
5.4444
5.4316
5.4197
5.4091
5.4
5.3922
5.3856
5.3798
5.3748
5.3705
5.3667
5.3636
5.361
5.3588
5.3569
5.3552
5.3539
5.3527
5.3517
5.3509
5.3502
5.3496
5.3491
5.3487
5.3484
5.3481
5.3479
5.3478
5.3477
5.3477
5.3477
5.3479
5.348
5.3481
5.3481
5.3479
5.3477
5.3475
5.3474
5.3473
5.3471
