11.604
1.2639
1.7819
2.4065
3.0866
3.7488
4.255
4.4063
4.1547
3.8491
3.7805
3.8896
4.0246
4.0813
4.0411
3.9655
3.925
3.9372
3.9759
4.0096
4.0254
4.0325
4.049
4.0907
4.1766
4.3596
4.7367
5.0129
4.64
4.1935
4.0127
4.0221
4.0975
4.1573
4.1746
4.1649
4.1518
4.1465
4.148
4.1511
4.1527
4.1524
4.1515
4.1508
4.1505
4.1505
4.1505
4.1503
4.1501
4.1499
4.1498
4.1497
4.1496
4.1495
4.1494
4.1493
4.1493
4.1492
4.1492
4.1491
4.1491
4.1491
4.1491
4.149
4.149
4.149
4.1489
4.1489
4.1488
4.1488
4.1488
4.1488
4.1488
4.1488
4.1488
4.1488
4.1488
4.1488
4.1488
4.1488
4.1488
4.1488
4.1488
4.1488
4.1488
4.1488
4.1488
4.1488
4.1489
4.1491
4.1494
4.1494
4.1489
4.148
4.1473
4.1469
4.1469
4.147
4.1471
4.1472
4.1471
