11.329
1.503
1.9646
2.5739
3.2514
3.9203
4.4369
4.5833
4.2907
3.9418
3.8585
3.9714
4.118
4.1867
4.1513
4.0711
4.0214
4.0231
4.0493
4.0651
4.0547
4.0238
3.9737
3.9178
3.9205
4.0453
4.3522
4.718
4.6598
4.3269
4.0783
4.0066
4.0296
4.0645
4.0755
4.0667
4.0554
4.0513
4.0539
4.0584
4.0616
4.0631
4.0638
4.0647
4.0659
4.0673
4.0685
4.0695
4.0704
4.0712
4.0719
4.0725
4.0731
4.0737
4.0741
4.0745
4.0749
4.0752
4.0755
4.0758
4.076
4.0763
4.0766
4.0769
4.0772
4.0774
4.0777
4.0779
4.078
4.0781
4.0782
4.0783
4.0783
4.0783
4.0784
4.0784
4.0784
4.0785
4.0785
4.0786
4.0787
4.0788
4.0789
4.079
4.0792
4.0794
4.0796
4.0798
4.0803
4.0817
4.084
4.0862
4.0874
4.0876
4.0874
4.0873
4.0873
4.0875
4.0877
4.0878
4.0878
