15.788
10.878
7.7393
5.7908
4.5601
3.8411
3.5606
3.7219
4.15
4.3906
4.3104
4.123
4.003
4.0079
4.0995
4.1855
4.2084
4.1885
4.1811
4.2273
4.3435
4.5621
4.944
5.3535
5.5321
5.4876
5.3757
5.3253
5.3653
5.4068
5.3878
5.333
5.2856
5.2632
5.2587
5.2562
5.2477
5.2357
5.2257
5.2205
5.2193
5.2197
5.2199
5.2194
5.2187
5.2182
5.218
5.218
5.218
5.2179
5.2177
5.2175
5.2172
5.2169
5.2165
5.2161
5.2157
5.2155
5.2154
5.2153
5.2152
5.215
5.2146
5.2141
5.2134
5.2127
5.2119
5.2111
5.2103
5.2096
5.209
5.2083
5.2078
5.2072
5.2067
5.2063
5.2058
5.2054
5.205
5.2046
5.2041
5.2037
5.2032
5.2027
5.202
5.2013
5.2004
5.1993
5.1976
5.1955
5.1935
5.1921
5.1917
5.1917
5.1916
5.1913
5.1908
5.1902
5.1898
5.1894
5.1892
