6.1397
1.5487
2.0647
2.713
3.417
4.0995
4.6077
4.6902
4.2749
3.8503
3.7644
3.897
4.0646
4.1509
4.1233
4.056
4.0584
4.1573
4.3056
4.4448
4.5036
4.3944
4.3181
4.2953
4.1493
3.9049
3.6552
3.4943
3.4251
3.4071
3.4075
3.41
3.4072
3.3937
3.3593
3.3256
3.3078
3.3043
3.307
3.3096
3.3099
3.3086
3.3071
3.3061
3.3057
3.3055
3.3055
3.3054
3.3052
3.3051
3.305
3.3049
3.3048
3.3047
3.3046
3.3049
3.3052
3.3054
3.3054
3.3052
3.3048
3.3045
3.3041
3.3038
3.3036
3.3033
3.3031
3.303
3.3029
3.3029
3.303
3.3031
3.3032
3.3032
3.3033
3.3033
3.3033
3.3034
3.3034
3.3034
3.3034
3.3034
3.3035
3.3035
3.3035
3.3035
3.3035
3.3035
3.3035
3.3036
3.3036
3.3036
3.3037
3.3037
3.3037
3.3038
3.3038
3.3038
3.3038
3.3037
3.3037
