11.648
1.2444
1.7578
2.3832
3.0572
3.6925
4.1358
4.193
3.8874
3.6094
3.5882
3.7311
3.8889
3.964
3.9389
3.8728
3.8297
3.8201
3.8545
3.9455
4.0654
4.1777
4.2661
4.3392
4.4168
4.517
4.6592
4.8908
5.4026
6.8098
7.5872
7.1803
6.5051
6.0349
5.8878
5.9434
6.0619
6.1653
6.2393
6.3052
6.3898
6.4054
6.3998
6.3954
6.3949
6.3958
6.3955
6.3933
6.3892
6.3812
6.3616
6.3451
6.3413
6.3452
6.349
6.35
6.3491
6.3479
6.3473
6.347
6.3468
6.3464
6.3457
6.3451
6.3445
6.344
6.3437
6.3435
6.3434
6.3433
6.3433
6.3433
6.3432
6.3432
6.3432
6.3432
6.3432
6.3432
6.3432
6.3432
6.3433
6.3433
6.3433
6.3433
6.3432
6.3431
6.3433
6.3441
6.345
6.3456
6.3458
6.3458
6.3457
6.3456
6.3454
6.3452
6.345
6.345
6.3449
6.3449
6.3448
