8.0324
9.1542
7.0699
5.3824
4.2585
3.5684
3.2594
3.3685
3.8182
4.1667
4.1688
4.0137
3.9011
3.9153
4.0537
4.291
4.6808
5.209
5.5264
5.565
5.5091
5.488
5.5218
5.5779
5.6269
5.6634
5.6973
5.7401
5.8026
5.9206
6.175
6.4283
6.4988
6.4449
6.3778
6.3496
6.3648
6.4022
6.4388
6.4646
6.4824
6.4989
6.5135
6.5251
6.5356
6.5473
6.5617
6.5798
6.6021
6.6221
6.6321
6.6292
6.621
6.615
6.6133
6.6138
6.6147
6.6152
6.6155
6.6158
6.6163
6.6168
6.6171
6.6173
6.6172
6.6171
6.617
6.6168
6.6167
6.6166
6.6165
6.6165
6.6165
6.6165
6.6165
6.6165
6.6166
6.6166
6.6166
6.6167
6.6168
6.6168
6.6169
6.617
6.6171
6.6172
6.6174
6.6177
6.6183
6.619
6.6196
6.6198
6.6197
6.6195
6.6193
6.6191
6.619
6.6189
6.6189
6.6188
6.6188
