7.2496
10.055
7.273
5.4497
4.2836
3.5677
3.2237
3.2656
3.6192
3.8985
3.8772
3.7124
3.5773
3.5441
3.5995
3.6717
3.6947
3.6563
3.5772
3.4805
3.3805
3.2751
3.1516
2.9972
2.7949
2.5024
2.0367
1.0769
0
0
0.015467
0.47829
1.2729
2.009
2.5508
2.9384
3.2258
3.4379
3.5871
3.688
3.7571
3.8076
3.847
3.8783
3.9032
3.9228
3.9385
3.9517
3.9635
3.9747
3.9859
3.998
4.0123
4.0301
4.0485
4.0595
4.0628
4.0621
4.061
4.0608
4.0615
4.0625
4.0634
4.0638
4.0639
4.0639
4.0638
4.0638
4.064
4.0643
4.0648
4.0655
4.0663
4.0672
4.0683
4.0695
4.0709
4.0725
4.0743
4.0765
4.0792
4.0825
4.0869
4.093
4.1023
4.112
4.1159
4.1146
4.1121
4.1112
4.1119
4.1131
4.114
4.1144
4.1146
4.1148
4.115
4.1152
4.1154
4.1156
4.1157
