3.5169
1.5616
2.0049
2.6167
3.2967
3.9602
4.4551
4.553
4.1983
3.8118
3.7163
3.8239
3.9632
4.0211
3.971
3.8689
3.752
3.575
3.4422
3.4249
3.4692
3.5093
3.5182
3.5038
3.4841
3.4688
3.4577
3.4483
3.4457
3.4824
3.3737
3.0643
2.8728
2.8444
2.8898
2.9448
2.9776
2.9846
2.9784
2.9718
2.9703
2.9684
2.9638
2.9613
2.9606
2.9599
2.9582
2.9553
2.9506
2.9433
2.9341
2.9306
2.933
2.9367
2.9388
2.9389
2.9384
2.9379
2.9377
2.9376
2.9375
2.9372
2.9369
2.9367
2.9366
2.9365
2.9365
2.9365
2.9366
2.9366
2.9366
2.9366
2.9366
2.9366
2.9366
2.9366
2.9366
2.9366
2.9366
2.9366
2.9367
2.9367
2.9367
2.9367
2.9367
2.9368
2.9369
2.937
2.9371
2.9368
2.9365
2.9362
2.936
2.9359
2.9358
2.9357
2.9357
2.9356
2.9356
2.9356
2.9356
