7.1663
12.253
8.5362
6.264
4.8957
4.1362
3.8763
4.0789
4.5031
4.7056
4.6106
4.4437
4.3829
4.5075
4.7601
4.9621
5.0076
4.9538
4.905
4.9227
5.0198
5.2042
5.5254
5.8637
5.9737
5.8691
5.7101
5.6039
5.57
5.5729
5.5768
5.5737
5.5706
5.5727
5.5781
5.5818
5.5813
5.578
5.5747
5.5731
5.5732
5.5742
5.575
5.5753
5.5754
5.5753
5.5752
5.5752
5.5751
5.5749
5.5748
5.5746
5.5745
5.5742
5.5732
5.5712
5.5687
5.5657
5.562
5.5581
5.555
5.5531
5.5523
5.5524
5.553
5.554
5.555
5.5559
5.5567
5.5573
5.5579
5.5583
5.5587
5.5591
5.5593
5.5595
5.5597
5.5598
5.5599
5.56
5.5601
5.5602
5.5602
5.5603
5.5604
5.5605
5.5606
5.5608
5.5609
5.5611
5.5614
5.5619
5.5625
5.563
5.5634
5.5636
5.5637
5.5638
5.5639
5.564
5.5641
