3.6909
1.5887
2.0171
2.6355
3.321
3.9939
4.5089
4.6468
4.3485
4.008
3.9414
4.0788
4.2685
4.4138
4.4933
4.5716
4.8332
5.2941
5.7433
5.6854
5.3588
5.1716
5.1404
5.1732
5.2258
5.3048
5.4225
5.5597
5.6848
5.779
5.8391
5.8745
5.8989
5.9226
5.9512
5.987
6.0305
6.0822
6.1435
6.2161
6.2266
6.221
6.216
6.2145
6.2151
6.2162
6.2169
6.2172
6.2173
6.2174
6.2175
6.2176
6.2178
6.2179
6.2181
6.2182
6.2184
6.2186
6.2189
6.2193
6.2198
6.2201
6.2204
6.2205
6.2206
6.2207
6.2207
6.2208
6.2208
6.2208
6.2208
6.2207
6.2207
6.2206
6.2206
6.2205
6.2204
6.2203
6.2202
6.22
6.2199
6.2197
6.2194
6.2191
6.2187
6.2181
6.2173
6.216
6.2141
6.2127
6.2131
6.2146
6.2158
6.216
6.2158
6.2154
6.2153
6.2153
6.2154
6.2154
6.2154
