9.7472
1.5316
1.9791
2.5992
3.2808
3.9388
4.417
4.4864
4.1191
3.7548
3.6829
3.8013
3.9433
4.0009
3.9515
3.8524
3.7547
3.6445
3.5694
3.567
3.6018
3.6291
3.6327
3.6213
3.6093
3.6022
3.5969
3.5874
3.572
3.5648
3.5214
3.3658
3.252
3.2509
3.2938
3.3373
3.3583
3.3548
3.3398
3.3259
3.3182
3.3151
3.3133
3.3136
3.3161
3.3202
3.3257
3.334
3.3485
3.348
3.3206
3.3012
3.295
3.2954
3.2965
3.2966
3.2962
3.2959
3.296
3.2961
3.296
3.2954
3.2945
3.2935
3.2924
3.2914
3.2906
3.2899
3.2893
3.2889
3.2886
3.2883
3.2881
3.2879
3.2877
3.2876
3.2876
3.2875
3.2875
3.2874
3.2874
3.2875
3.2875
3.2875
3.2876
3.2877
3.2879
3.2882
3.2884
3.2882
3.2878
3.2874
3.2871
3.2868
3.2867
3.2865
3.2865
3.2864
3.2864
3.2863
3.2863
