5.6874
1.4542
1.9081
2.5111
3.1854
3.8552
4.3836
4.5652
4.3259
4.0091
3.9346
4.0557
4.2197
4.316
4.3131
4.2632
4.2414
4.2765
4.3497
4.4311
4.506
4.5833
4.687
4.8541
5.1656
5.9204
7.0081
8.0099
8.1027
7.6907
7.3277
7.2037
7.2392
7.3123
7.3531
7.3556
7.3412
7.3296
7.3265
7.3283
7.3305
7.331
7.3303
7.3294
7.3289
7.3289
7.3289
7.3289
7.3288
7.3287
7.3286
7.3286
7.3286
7.3286
7.3285
7.3285
7.3285
7.3285
7.3285
7.3285
7.3285
7.3285
7.3285
7.3285
7.3285
7.3285
7.3285
7.3285
7.3284
7.3284
7.3284
7.3284
7.3283
7.3283
7.3283
7.3282
7.3282
7.3282
7.3281
7.3281
7.328
7.3279
7.3278
7.3276
7.3274
7.3271
7.3267
7.3258
7.3247
7.3246
7.3264
7.329
7.3309
7.3315
7.3314
7.3311
7.331
7.3312
7.3314
7.3316
7.3316
