16.278
10.566
7.2016
5.4052
4.2686
3.5786
3.2739
3.3841
3.8039
4.0874
4.0377
3.8507
3.7058
3.6705
3.7236
3.7876
3.8019
3.7713
3.7364
3.7319
3.7708
3.8427
3.924
3.9934
4.0379
4.0662
4.157
4.4895
5.0633
5.5474
5.7213
5.6115
5.3781
5.1561
5.0065
4.9318
4.9055
4.8972
4.8871
4.8702
4.8501
4.832
4.8189
4.8107
4.806
4.8038
4.8035
4.8052
4.8095
4.8183
4.8291
4.8343
4.8336
4.8312
4.8303
4.8315
4.8354
4.8377
4.8318
4.8179
4.7998
4.7792
4.7572
4.7362
4.7178
4.7023
4.6892
4.678
4.6681
4.6593
4.6516
4.6448
4.6388
4.6335
4.6289
4.6247
4.6211
4.6178
4.6149
4.6122
4.6098
4.6076
4.6055
4.6036
4.6016
4.5996
4.5974
4.5952
4.5933
4.5919
4.5907
4.5896
4.5886
4.5876
4.5867
4.5857
4.5849
4.584
4.5833
4.5826
4.582
