8.359
11.313
8.0502
5.9908
4.7048
3.9661
3.6895
3.8661
4.3178
4.6382
4.751
4.7802
4.77
4.7512
4.7484
4.7697
4.8124
4.8866
4.996
5.0656
5.022
4.898
4.7754
4.7037
4.6929
4.8085
5.1361
5.4831
5.6661
5.7056
5.6913
5.6768
5.6733
5.6753
5.6774
5.6784
5.6789
5.6797
5.6805
5.6816
5.6837
5.6866
5.6894
5.6917
5.6934
5.6949
5.6961
5.6972
5.6981
5.6987
5.6993
5.6997
5.7
5.7003
5.7005
5.7007
5.7009
5.701
5.7011
5.7012
5.7013
5.7013
5.7013
5.7013
5.7013
5.7013
5.7013
5.7013
5.7013
5.7013
5.7013
5.7014
5.7014
5.7014
5.7015
5.7015
5.7016
5.7016
5.7017
5.7018
5.7019
5.702
5.7021
5.7022
5.7023
5.7024
5.7026
5.7028
5.7031
5.7034
5.7038
5.7046
5.7055
5.7063
5.7069
5.7072
5.7073
5.7074
5.7075
5.7076
5.7078
