2.2785
8.4173
6.6974
5.1976
4.1245
3.414
3.0129
2.9245
3.1151
3.3113
3.2493
2.9416
2.3079
1.8472
2.0287
2.7939
3.5206
3.8212
3.8775
3.9008
3.966
4.0603
4.1205
4.1098
4.0566
4.0124
4.0195
4.0941
4.2069
4.2934
4.322
4.3125
4.2976
4.2959
4.3086
4.3278
4.346
4.3608
4.3732
4.3843
4.3947
4.405
4.4152
4.4243
4.4318
4.4383
4.4443
4.4501
4.4558
4.4616
4.4692
4.4802
4.4957
4.5169
4.5428
4.5736
4.6115
4.6559
4.7027
4.7495
4.7953
4.838
4.876
4.9093
4.9385
4.9639
4.9857
5.004
5.0191
5.0315
5.0416
5.0499
5.0569
5.0626
5.0674
5.0714
5.0746
5.0773
5.0795
5.0814
5.0829
5.0842
5.0853
5.0862
5.0869
5.0874
5.0878
5.088
5.0884
5.089
5.0897
5.0904
5.0911
5.0918
5.0924
5.093
5.0935
5.0939
5.0943
5.0947
5.0951
