9.6052
9.8397
7.3979
5.6222
4.4339
3.6985
3.3545
3.4203
3.8105
4.1237
4.1298
3.9922
3.9018
3.9585
4.1411
4.303
4.3375
4.2761
4.2053
4.1871
4.2862
4.6734
5.0918
5.2447
5.1618
5.0103
4.8905
4.8136
4.7546
4.7175
4.6713
4.6188
4.5724
4.5345
4.5018
4.4714
4.4438
4.4192
4.3944
4.3598
4.3081
4.2545
4.2332
4.2171
4.2018
4.1882
4.1775
4.1695
4.1637
4.1595
4.1567
4.1548
4.154
4.1543
4.1555
4.158
4.1623
4.1667
4.1674
4.1644
4.1595
4.1538
4.1477
4.1416
4.1363
4.1327
4.131
4.1304
4.1299
4.1289
4.1275
4.1259
4.1244
4.1229
4.1214
4.1199
4.1182
4.1165
4.1146
4.1126
4.1104
4.1079
4.105
4.1016
4.0975
4.092
4.0846
4.076
4.0675
4.0598
4.0528
4.0471
4.0427
4.0396
4.0373
4.0354
4.0336
4.0319
4.0303
4.0285
4.0264
