11.62
10.805
7.6385
5.6712
4.4668
3.7792
3.5347
3.742
4.201
4.4268
4.3158
4.1018
3.952
3.9175
3.9696
4.0357
4.0595
4.0372
3.994
3.945
3.8832
3.7861
3.609
3.588
4.028
4.5254
4.786
4.8362
4.7942
4.7554
4.7258
4.6804
4.624
4.5775
4.5533
4.55
4.5583
4.5689
4.5774
4.5836
4.5891
4.595
4.6013
4.6076
4.6135
4.619
4.6241
4.6289
4.6337
4.6384
4.6433
4.6484
4.6538
4.6597
4.6657
4.6707
4.6741
4.6763
4.6773
4.6771
4.6763
4.675
4.6735
4.6716
4.6695
4.667
4.6644
4.6617
4.6591
4.6565
4.654
4.6517
4.6496
4.6476
4.6458
4.6441
4.6426
4.6413
4.6401
4.6391
4.6382
4.6374
4.6367
4.6362
4.6357
4.6354
4.6352
4.6352
4.6355
4.6361
4.6367
4.6371
4.6373
4.6372
4.6372
4.6371
4.637
4.637
4.637
4.637
4.637
