16.772
11.935
8.1611
6.0174
4.7099
3.9594
3.6672
3.8121
4.197
4.3921
4.2886
4.0899
3.9608
3.9605
4.0482
4.1093
4.0785
3.9879
3.9046
3.8764
3.9214
4.0458
4.2983
4.7159
5.1216
5.3561
5.5395
5.8763
6.2798
6.5353
6.5648
6.4467
6.3044
6.2132
6.1847
6.1962
6.2192
6.236
6.2428
6.2437
6.2443
6.2475
6.2537
6.2617
6.2703
6.2786
6.2868
6.2948
6.3029
6.3114
6.3204
6.3301
6.3416
6.3565
6.3766
6.4044
6.4434
6.4828
6.5107
6.5293
6.5432
6.5497
6.5512
6.5516
6.5528
6.555
6.5577
6.5602
6.5625
6.5645
6.5663
6.5679
6.5693
6.5706
6.5717
6.5726
6.5733
6.574
6.5746
6.575
6.5754
6.5758
6.576
6.5762
6.5764
6.5764
6.5764
6.5763
6.5764
6.5767
6.577
6.5773
6.5775
6.5777
6.5778
6.5779
6.5779
6.578
6.5781
6.5781
6.5782
