1.6869
1.7671
2.145
2.7554
3.4473
4.1417
4.6982
4.8799
4.5538
4.1157
3.978
4.0796
4.2381
4.3284
4.3116
4.2389
4.1895
4.1948
4.2349
4.2854
4.3658
4.5455
4.482
4.0901
3.6836
3.5024
3.5014
3.5594
3.5888
3.5834
3.5787
3.5882
3.6024
3.6108
3.611
3.6075
3.6051
3.6049
3.6055
3.6053
3.6038
3.6017
3.6001
3.5992
3.5987
3.5982
3.5974
3.5965
3.5957
3.5949
3.5941
3.5934
3.5928
3.5921
3.5914
3.5908
3.5901
3.5895
3.5887
3.588
3.5873
3.5866
3.5859
3.5852
3.5846
3.5841
3.5836
3.5831
3.5826
3.582
3.5814
3.5807
3.58
3.5792
3.5783
3.5773
3.5763
3.5751
3.5737
3.5722
3.5704
3.5684
3.566
3.5631
3.5596
3.5551
3.549
3.5385
3.5246
3.5141
3.5093
3.5078
3.5067
3.5051
3.5033
3.5018
3.5008
3.5001
3.4996
3.4992
3.4988
