11.926
10.766
7.245
5.3467
4.1842
3.4723
3.1188
3.1421
3.4987
3.815
3.8156
3.6231
3.3791
3.2451
3.7006
4.371
4.6329
4.5312
4.3524
4.2448
4.2275
4.2501
4.2312
4.1517
4.0516
3.967
3.9184
3.91
3.9316
3.9561
3.9635
3.9582
3.9528
3.9541
3.9598
3.9613
3.9539
3.9403
3.926
3.9144
3.9064
3.9011
3.8972
3.8939
3.8911
3.8889
3.8876
3.8872
3.8876
3.8886
3.8902
3.8922
3.8944
3.8982
3.8993
3.8952
3.8865
3.8744
3.8595
3.8428
3.8255
3.8087
3.7931
3.7791
3.7672
3.7572
3.7489
3.7418
3.7358
3.7305
3.7261
3.7224
3.7195
3.7171
3.7152
3.7136
3.7123
3.7112
3.7103
3.7096
3.709
3.7085
3.7081
3.7078
3.7076
3.7074
3.7072
3.7072
3.7071
3.7072
3.7072
3.7071
3.707
3.7068
3.7065
3.7063
3.706
3.7058
3.7057
3.7056
3.7055
