9.576
10.789
7.6865
5.7142
4.4725
3.7253
3.3855
3.4646
3.8656
4.169
4.1506
3.9874
3.8648
3.8543
3.9299
4.0051
4.0195
3.9878
3.9604
3.9742
4.0351
4.1236
4.1939
4.206
4.1785
4.1706
4.2758
4.619
5.094
5.434
5.5361
5.4813
5.3611
5.2332
5.1314
5.0717
5.0542
5.0653
5.0868
5.1065
5.1216
5.1347
5.1486
5.1638
5.1797
5.1959
5.2122
5.2285
5.2452
5.2634
5.2814
5.2946
5.3059
5.3209
5.3442
5.3801
5.4313
5.4798
5.5131
5.5328
5.545
5.5507
5.552
5.5525
5.5542
5.5576
5.562
5.5668
5.5716
5.5762
5.5807
5.5853
5.5899
5.5946
5.5994
5.6044
5.6095
5.6151
5.6211
5.6279
5.6357
5.645
5.6567
5.6722
5.6936
5.7159
5.733
5.7453
5.7557
5.7635
5.7681
5.771
5.7733
5.7754
5.7773
5.7788
5.78
5.7808
5.7816
5.7822
5.7827
