9.0279
11.112
7.9768
5.9046
4.633
3.9089
3.6461
3.8448
4.3166
4.5916
4.533
4.3625
4.2694
4.3267
4.5204
4.8249
5.3036
5.796
5.9569
5.8511
5.7047
5.6306
5.6309
5.6611
5.684
5.6903
5.6872
5.6781
5.6558
5.6246
5.6016
5.5977
5.6114
5.6375
5.6718
5.7065
5.7321
5.7434
5.7423
5.7352
5.7283
5.7248
5.7248
5.7267
5.7292
5.7317
5.7343
5.7369
5.7397
5.7415
5.7411
5.7401
5.7407
5.7434
5.7473
5.7508
5.7531
5.7543
5.755
5.7554
5.7558
5.7561
5.7563
5.7564
5.7565
5.7566
5.7567
5.7568
5.7568
5.7568
5.7567
5.7567
5.7566
5.7566
5.7565
5.7565
5.7564
5.7564
5.7564
5.7564
5.7564
5.7564
5.7564
5.7564
5.7564
5.7563
5.7562
5.7562
5.7569
5.7581
5.7593
5.7601
5.7605
5.7607
5.7608
5.761
5.7612
5.7613
5.7614
5.7615
5.7616
