3.3263
1.5512
1.964
2.5816
3.2551
3.8841
4.2964
4.2722
3.8606
3.5094
3.3808
3.3278
3.3114
3.3306
3.3704
3.4049
3.4182
3.3876
3.2845
3.1304
2.9994
2.9599
2.9779
3.0166
3.0569
3.0941
3.134
3.1806
3.2291
3.2689
3.2916
3.2965
3.2916
3.2853
3.2818
3.2825
3.2803
3.2621
3.2521
3.2573
3.2699
3.2816
3.2892
3.2933
3.2958
3.2979
3.3001
3.302
3.3037
3.3051
3.3061
3.3068
3.3073
3.3077
3.3081
3.3084
3.3086
3.3088
3.309
3.3091
3.3092
3.3093
3.3094
3.3095
3.3095
3.3095
3.3095
3.3095
3.3095
3.3095
3.3095
3.3095
3.3095
3.3095
3.3095
3.3095
3.3095
3.3095
3.3095
3.3095
3.3095
3.3095
3.3095
3.3095
3.3095
3.3095
3.3095
3.3095
3.3094
3.3094
3.3094
3.3094
3.3094
3.3094
3.3095
3.3095
3.3095
3.3095
3.3095
3.3095
3.3095
