3.5154
1.354
1.8836
2.5306
3.2157
3.8511
4.2723
4.2689
3.8903
3.569
3.4748
3.4712
3.4718
3.463
3.4488
3.4362
3.4328
3.4404
3.4523
3.4642
3.4857
3.5394
3.6643
3.7325
3.5932
3.3715
3.2421
3.2279
3.2729
3.3202
3.3468
3.3576
3.3627
3.3657
3.3662
3.3641
3.3611
3.3589
3.3584
3.3594
3.3606
3.3615
3.3619
3.3623
3.3628
3.3635
3.3642
3.3649
3.3656
3.3663
3.367
3.3674
3.3678
3.3683
3.3687
3.3692
3.3699
3.3705
3.3709
3.3711
3.3711
3.371
3.3707
3.3704
3.37
3.3696
3.3692
3.3688
3.3684
3.3681
3.3677
3.3673
3.367
3.3667
3.3665
3.3662
3.366
3.3658
3.3657
3.3655
3.3654
3.3652
3.3651
3.365
3.3649
3.3648
3.3648
3.3647
3.3645
3.3643
3.364
3.3637
3.3635
3.3635
3.3635
3.3635
3.3634
3.3634
3.3634
3.3634
3.3633
