10.737
10.252
7.1058
5.307
4.1871
3.5152
3.2294
3.3743
3.8478
4.155
4.0917
3.8821
3.712
3.6443
3.648
3.6263
3.5076
3.3066
3.0713
2.8316
2.6007
2.3447
1.799
1.4566
1.626
2.3186
3.1915
3.8052
4.0939
4.1999
4.2446
4.2922
4.374
4.5082
4.6602
4.7644
4.8081
4.8149
4.8115
4.8115
4.8167
4.8237
4.8293
4.8326
4.8343
4.8352
4.836
4.8369
4.8376
4.8381
4.8384
4.8386
4.8386
4.8384
4.8379
4.8371
4.8365
4.8364
4.8369
4.8375
4.8382
4.8388
4.8392
4.8393
4.8394
4.8393
4.8391
4.8389
4.8385
4.8381
4.8378
4.8375
4.8374
4.8373
4.8372
4.8372
4.8371
4.8371
4.8371
4.8372
4.8372
4.8373
4.8374
4.8374
4.8375
4.8375
4.8376
4.8377
4.8377
4.8377
4.8378
4.8378
4.8377
4.8377
4.8377
4.8377
4.8378
4.8379
4.838
4.8382
4.8383
