4.2444
1.4484
1.9383
2.5667
3.2504
3.9101
4.396
4.4913
4.1616
3.8083
3.727
3.8414
3.9939
4.0796
4.0822
4.0952
4.0344
3.7075
3.4382
3.3847
3.4482
3.5182
3.5477
3.5434
3.5303
3.5238
3.5241
3.5252
3.5311
3.5476
3.5691
3.5851
3.5925
3.5924
3.5834
3.5654
3.5438
3.5256
3.5151
3.512
3.513
3.515
3.5162
3.5163
3.5162
3.516
3.5158
3.5154
3.5145
3.513
3.5132
3.5155
3.5182
3.5197
3.5197
3.5187
3.5177
3.5171
3.5169
3.5168
3.5167
3.5167
3.5166
3.5166
3.5166
3.5165
3.5165
3.5165
3.5164
3.5164
3.5164
3.5164
3.5164
3.5164
3.5164
3.5165
3.5165
3.5165
3.5165
3.5165
3.5166
3.5166
3.5166
3.5166
3.5167
3.5168
3.517
3.5172
3.5173
3.5169
3.5163
3.5157
3.5153
3.5151
3.515
3.5149
3.5148
3.5147
3.5146
3.5145
3.5144
