6.6347
1.2298
1.7466
2.3755
3.0541
3.7008
4.1674
4.2542
3.9551
3.6519
3.6005
3.719
3.8548
3.9022
3.8356
3.7349
3.6942
3.7235
3.7732
3.7931
3.7325
3.4796
3.1799
3.0276
3.0253
3.0942
3.1624
3.197
3.2063
3.2043
3.2024
3.2041
3.2048
3.2018
3.1965
3.1911
3.1868
3.1832
3.1786
3.1722
3.1679
3.1658
3.1641
3.1632
3.1634
3.1641
3.1647
3.165
3.1651
3.1652
3.1654
3.1655
3.1657
3.166
3.1663
3.1668
3.1674
3.1681
3.1689
3.1698
3.1706
3.1711
3.1713
3.1719
3.1735
3.1752
3.1759
3.1757
3.1751
3.1746
3.1743
3.1743
3.1743
3.1743
3.1742
3.1742
3.1742
3.1742
3.1743
3.1743
3.1744
3.1745
3.1746
3.1747
3.1749
3.1752
3.1756
3.1762
3.1768
3.1772
3.1776
3.1778
3.178
3.1781
3.1781
3.1782
3.1782
3.1784
3.1785
3.1786
3.1787
